SK_ID_CURR,TARGET
100001,0.057304653684143385
100005,0.13099918894950724
100013,0.01422698314635826
100028,0.033846243363708284
100038,0.14135859590723168
100042,0.04208305867889245
100057,0.014600572880618614
100065,0.042929201792759164
100066,0.02334161413150903
100067,0.08511260618020292
100074,0.05354544674156165
100090,0.041709754577732225
100091,0.15444859927566743
100092,0.09292512655028012
100106,0.057778218396465464
100107,0.12367012456481191
100109,0.059920509086909074
100117,0.025830174117106516
100128,0.10230165955715723
100141,0.031341873324041876
100150,0.02505009842177723
100168,0.01227467556820085
100169,0.09767600230145365
100170,0.08277374472586026
100171,0.051959781248544064
100172,0.11010963739492033
100184,0.05629364677934741
100187,0.0646761320345161
100212,0.05251393041534668
100222,0.046871956612793086
100223,0.03452729480313624
100232,0.0314846344390533
100241,0.16934922853085943
100245,0.0176328323332863
100253,0.031489969362864016
100256,0.08146971263320936
100271,0.00847525227187319
100278,0.3404543164086821
100280,0.013007293950866607
100306,0.19253624803466052
100311,0.09891238290981544
100312,0.022092425076636973
100330,0.11479192336340076
100331,0.043400491995310875
100352,0.12230406644483591
100358,0.05449046077605009
100367,0.019632768373947965
100382,0.12193445111132901
100384,0.21578489241730286
100385,0.06828843520675165
100386,0.0543134653160113
100399,0.030766838449108887
100404,0.05205198855607791
100416,0.020231826272192922
100422,0.06890598557569833
100426,0.039523824389767155
100438,0.02624924270733378
100444,0.16043835463721862
100445,0.17152032483637625
100446,0.09405868109695321
100447,0.029022520388690985
100450,0.10026757703007715
100466,0.03804261089430481
100483,0.029845255829642547
100484,0.018131480413200975
100494,0.06831021312564249
100510,0.14322984897762012
100512,0.014681199563954358
100517,0.04854657898367771
100548,0.022538478911589346
100551,0.056201827665137614
100552,0.07875352315528399
100553,0.015394201369991135
100561,0.12189504508226588
100568,0.40689482259929827
100569,0.021699660802377833
100591,0.07724776100501658
100592,0.03044598287227803
100602,0.049723166243636416
100607,0.05914777097287949
100613,0.06216556739787993
100617,0.10748691606800768
100618,0.10859012500692788
100622,0.04867064309119418
100625,0.07827562487848297
100677,0.11603404960716199
100699,0.03655160636489668
100702,0.4365322570700845
100711,0.04748127561199891
100729,0.156575253547261
100740,0.16413767959886
100744,0.14460240514286485
100745,0.050990668106823234
100747,0.08303847718986447
100751,0.35577197516989445
100752,0.042094307953896126
100753,0.1994434321410843
100754,0.30563380237243565
100760,0.03749223618116047
100762,0.10168900438889086
100763,0.03466286719118578
100765,0.019609545579570637
100770,0.06136866144637452
100772,0.02062259218357812
100777,0.03882467866625616
100791,0.017710456706512334
100792,0.02114502776108311
100797,0.027729009727791985
100823,0.02621233723305698
100826,0.04241611931922715
100830,0.05552384608597086
100836,0.2009521189759499
100872,0.04869689695285667
100910,0.06932331021103767
100913,0.09624511748154616
100918,0.03420558033059714
100931,0.009964038438620162
100952,0.02988376682575755
100953,0.021554972331896977
100965,0.18100938461540594
100970,0.03415500098196745
100982,0.1540409189787553
100983,0.23258065274570966
100984,0.049436611542277326
100987,0.06062496207115864
100997,0.04909101130038855
100998,0.22164285394175362
101002,0.06006819059123335
101005,0.1623996035329274
101008,0.2421252364783446
101020,0.0833957986109558
101021,0.039116843048427996
101024,0.04332884293305739
101025,0.17969627664536808
101026,0.0575113819585696
101031,0.02103397951929144
101041,0.020782592355289925
101051,0.01321524221349758
101055,0.08441775171871334
101056,0.2656653825574935
101057,0.05121560723001964
101064,0.023386721825736687
101079,0.10012882000182992
101087,0.02014039618874481
101090,0.04218163332226695
101092,0.11466638534085359
101097,0.12218550296269845
101099,0.0196130374585666
101107,0.13745414643170337
101118,0.036222789169290864
101125,0.12381847062572997
101126,0.012934104076337999
101128,0.016195302941857465
101136,0.07009152432779875
101140,0.29581728242428834
101149,0.11496833785180272
101160,0.10107384984722514
101169,0.2194367817479245
101181,0.0472993723582911
101186,0.01221565961661419
101190,0.045274116127454855
101193,0.08681125501225603
101194,0.09935240178919105
101198,0.15931011435778106
101200,0.048088816829075925
101204,0.026267944377423767
101211,0.07946228757720183
101213,0.060430201072865904
101223,0.05388311633935959
101225,0.11975259138749836
101237,0.0791460263937774
101243,0.0808166594619812
101244,0.10112283385521285
101258,0.024469500517314884
101259,0.15197456680979737
101268,0.0956527670299005
101269,0.05577649146648997
101271,0.09473412307894429
101279,0.03718379540472213
101281,0.10959878043507115
101287,0.02101582369615825
101292,0.046548892528453345
101294,0.03108408570422329
101296,0.07987519517705537
101297,0.018713582407277343
101299,0.042944321885856715
101301,0.03654115970079392
101305,0.08022252308140748
101308,0.10338340640835636
101318,0.013598411497193328
101327,0.21729114724896115
101329,0.013794240893911775
101332,0.050945653680160546
101337,0.06744815831172876
101343,0.019289505210601972
101345,0.01894688373354987
101346,0.014070051143375572
101353,0.015002781914409683
101354,0.1314592096547442
101355,0.2381590376304788
101356,0.02166773443809918
101362,0.07666823840943322
101363,0.3796195049172899
101365,0.014181590928979845
101366,0.07746073068430845
101367,0.20918118465788407
101368,0.0149930955114767
101374,0.14262242391873475
101380,0.019239001012702765
101383,0.029580652790664998
101398,0.021200321167193233
101399,0.2399608051202799
101401,0.21132237264383563
101412,0.04829728336589496
101426,0.06402472376994327
101427,0.4433601264050667
101428,0.16019848535102912
101429,0.18032271076489184
101434,0.035186193990500075
101440,0.20386636587316134
101448,0.08991632500361298
101449,0.06555679536984399
101465,0.043106953812502784
101467,0.02667696022766436
101472,0.05783941783720392
101478,0.20245486901282864
101497,0.060178537027960353
101504,0.0555123372238944
101547,0.013881657331476017
101548,0.07060224429282311
101555,0.05458223979628746
101570,0.024225353028512572
101572,0.051149466981876696
101578,0.03341817650496603
101580,0.10066676231799743
101588,0.125742428914212
101602,0.06847817288867776
101610,0.08510637707084096
101614,0.05385037850897794
101616,0.04072182836106777
101643,0.09925559743849359
101644,0.042866685142429806
101649,0.054467114824622326
101650,0.07565512807841467
101665,0.019360508541653203
101667,0.06725882125700004
101669,0.07268339771283187
101674,0.08649090467002747
101675,0.01251231617228774
101678,0.1052290384016879
101682,0.04028709619728749
101686,0.0424350014899499
101697,0.2507182220638654
101700,0.46224388651551807
101711,0.02637276018411451
101714,0.04141819045344615
101715,0.2614214095361714
101728,0.026166388114662174
101732,0.043366027262125934
101757,0.11556631519639846
101758,0.040683174154174113
101759,0.044272638683883314
101762,0.008730693273089373
101764,0.05659262048590033
101780,0.5051806266198309
101784,0.01409315345872503
101789,0.01731295052413292
101816,0.0873925357792627
101819,0.029076137152260643
101827,0.01062400275003859
101863,0.06738130437586425
101867,0.03097851289094391
101870,0.013939929548493256
101873,0.24153748417448087
101878,0.08208840779400195
101879,0.04594005446675539
101880,0.03662743378081865
101887,0.04168238020654507
101897,0.029022604213205433
101901,0.0928640643382673
101903,0.21686479969313416
101920,0.029895271861360217
101921,0.03268862644530893
101922,0.056209039474998224
101961,0.171559679350033
101962,0.02364746110004553
101971,0.039862962754308846
101976,0.38633637699809814
102002,0.0901514234062297
102005,0.02054426209365893
102007,0.31636496235400774
102017,0.020274118632088414
102019,0.1876106573245347
102029,0.0304614785336501
102051,0.16906823217141925
102052,0.012310612642324758
102054,0.020538288212667812
102062,0.08395744296657262
102067,0.15358825811067212
102068,0.057795312519661315
102070,0.047365890173259206
102090,0.1239550495567333
102092,0.03724184431029428
102099,0.12087465496368796
102100,0.03086179760864348
102112,0.12180900573634898
102113,0.03448491449232634
102122,0.16348832990330292
102123,0.04792871559003902
102125,0.03938443701412232
102126,0.13434926626690363
102146,0.031104282242184113
102147,0.07997754173039633
102151,0.05430660819411184
102158,0.14405462107928627
102159,0.03107046119271772
102162,0.038181655248200386
102165,0.03571762383459312
102166,0.020945936462029836
102174,0.01850572241235299
102193,0.2108203241753145
102198,0.030648130660137142
102205,0.11908784503900918
102206,0.009158077930749117
102218,0.03131475593839688
102221,0.03164935092956879
102230,0.07199777745255583
102238,0.030673686793102093
102248,0.0571461038015715
102252,0.22436691764289696
102259,0.038440766775442496
102262,0.12463549365844884
102273,0.0524118812370424
102286,0.14955767970301728
102293,0.011753408358979561
102294,0.02739058477827709
102296,0.10800873824707094
102298,0.06256598316969032
102303,0.03071437636476907
102309,0.04523126353247611
102315,0.036811583098547714
102340,0.07120324639740658
102342,0.08492068323646026
102344,0.04300070362381764
102346,0.09800193344858685
102347,0.013718655147248238
102374,0.0405893519193367
102380,0.038273359478237845
102387,0.02584406059097215
102393,0.04024507029303964
102403,0.01465168649029125
102413,0.031081841419131673
102414,0.016532258848995295
102415,0.02777562691141521
102416,0.09431923967099014
102439,0.06042105027465092
102441,0.03219414882885442
102443,0.00992841458195259
102444,0.04395280408208243
102445,0.12084865654072768
102448,0.03466585853665329
102449,0.09736853755012645
102450,0.2306955906057547
102456,0.018049588833758966
102458,0.12547669740870904
102459,0.03715747290843068
102465,0.024843990991035396
102470,0.2709179947738457
102471,0.03870870627215517
102475,0.04223389781895418
102476,0.17511149388059138
102506,0.03082916103527484
102509,0.04579176188402197
102519,0.02026596857154319
102522,0.030768372076942184
102545,0.031869079692615626
102549,0.04103274696042933
102562,0.017833130251673875
102563,0.0138546210406071
102568,0.11536348202538083
102582,0.05074860606505473
102592,0.02458546157862043
102597,0.07201490755421462
102605,0.043391863230531666
102614,0.02861819857988845
102617,0.12195322612711781
102634,0.08996748533248308
102652,0.03987818927484521
102655,0.006830042784496453
102671,0.06635326233617606
102694,0.2305481549758997
102701,0.050100934840372896
102703,0.01560262670839526
102704,0.021956033363023486
102713,0.009009016460925385
102720,0.1263860887242557
102731,0.03233562986445077
102733,0.04749226535873239
102749,0.03168466332551576
102755,0.11171825921235487
102763,0.016826260728532542
102770,0.06723270115044387
102772,0.09211790768340587
102799,0.18321056014129616
102838,0.02671308209628761
102854,0.024544840559359925
102862,0.08493136333631233
102863,0.025695187743537254
102867,0.009020028790897638
102868,0.00989970546749833
102878,0.08662843688831981
102887,0.03140026041566239
102898,0.3699035914591391
102904,0.1122599098124134
102912,0.04177161824402112
102919,0.03955831230486626
102927,0.08111218921083435
102932,0.04997447424123249
102933,0.07388444115166878
102935,0.014548760575472108
102958,0.05554895479445515
102969,0.1980851445409651
102971,0.02462354806398324
102975,0.0871839626027072
102979,0.038482515752427116
102982,0.01068527659196261
102987,0.2394928908717962
102989,0.0538981781519276
102995,0.07083108307306278
102996,0.03728319071274301
103000,0.05121982269690245
103001,0.14359834711835925
103004,0.03655228064858647
103010,0.014403072101843172
103025,0.19525892755477997
103029,0.023203073626148752
103046,0.06922951220403065
103056,0.051159903206321106
103062,0.07340448022234092
103078,0.031134220470974493
103083,0.01726504986142504
103092,0.04936064750535907
103096,0.054058544748363316
103097,0.10627759079693325
103102,0.20358870404734958
103112,0.03758198160390841
103132,0.037708007810746874
103144,0.11378818683758483
103145,0.12176894106601921
103146,0.011540908913649511
103147,0.05510487889622884
103158,0.024177758055711533
103171,0.07146434429077443
103173,0.027961154199789597
103184,0.030556264799021668
103195,0.1541545066344598
103196,0.04198088999292384
103206,0.01867176807514466
103230,0.2778956734971851
103231,0.1944621755518831
103232,0.026061726184482097
103239,0.10707964932757659
103240,0.1044983287367526
103243,0.01703581238249834
103252,0.1086816460704081
103258,0.0337710682975238
103259,0.12990673083522025
103279,0.039476688519456876
103280,0.00874195549272972
103286,0.033643297877934894
103287,0.351783581729914
103290,0.019940998060837253
103298,0.025467468810486685
103315,0.010421495220369828
103319,0.03718905498138515
103334,0.22528594019099207
103336,0.05784148778996856
103345,0.0558461801068664
103368,0.04074739686280376
103371,0.24961013921116407
103377,0.018638024060264418
103398,0.020364724907770283
103404,0.0798290654863019
103408,0.19142257372499766
103410,0.05787729124780785
103418,0.02834450951119531
103420,0.18842673044833275
103432,0.06480164692875784
103433,0.01906214118714871
103436,0.01813185804657675
103440,0.0231579960371904
103453,0.04356763026024644
103459,0.038297812163342874
103460,0.03882776216387932
103461,0.01164566113338232
103462,0.03668768486929858
103473,0.09907930400971977
103474,0.016529362135499565
103475,0.19766183828728456
103478,0.14333039645108897
103480,0.050966364277879955
103484,0.03980771066577391
103494,0.24325919594577927
103513,0.057790377163094556
103515,0.07502456970631176
103516,0.1876271346174378
103525,0.15746258481424985
103541,0.22153511793896746
103544,0.01335452628560321
103562,0.3384881203543654
103570,0.35296644029658447
103572,0.1589588372599132
103574,0.024810708229388682
103575,0.02924038968013532
103591,0.1828434185971326
103594,0.0335637545090008
103609,0.04936472111470587
103613,0.13999495973619502
103614,0.04010397233284185
103615,0.04281272546442698
103624,0.04590593591200945
103625,0.22241287275947524
103628,0.19043444345848676
103629,0.013196658140252079
103647,0.049747557094948866
103648,0.06906637754664013
103651,0.036317471363797996
103658,0.025856434956379622
103668,0.10248314834772132
103669,0.041953618826508755
103676,0.05950569690633822
103682,0.058822884010857626
103683,0.032784575633238465
103689,0.021571444602130896
103725,0.046661979869311074
103733,0.1510946316430102
103744,0.024354171608089316
103762,0.07649572015842115
103771,0.33826774987758407
103773,0.006685622374655937
103783,0.059552927780329785
103784,0.04472185444550876
103808,0.009054726975919048
103812,0.05674610271378121
103813,0.11520764832858424
103814,0.05980132916652054
103818,0.12779244717013624
103824,0.02842867663459581
103828,0.010936620026428968
103830,0.33056036150662654
103840,0.01695222499794766
103842,0.08561152230162003
103847,0.1786912055553857
103848,0.08728921376138896
103851,0.02730253314902557
103854,0.12104368777826113
103857,0.13559736315674095
103861,0.037187827185944156
103862,0.0512640372676485
103865,0.031843509791802185
103870,0.012650223879479701
103876,0.03227662747953069
103891,0.3994633383269588
103908,0.08081135834098771
103914,0.1150099643890594
103918,0.07588034560469119
103940,0.02664004618505797
103963,0.07834911980127922
103966,0.054884382821666425
103971,0.15301585871567053
103980,0.09845089882630352
103984,0.06353177855020765
103985,0.03023098907280381
103998,0.43442656260087054
104019,0.015350180343712086
104026,0.046858061983963514
104035,0.10009810912203396
104044,0.05775077041759452
104045,0.06616282079583481
104047,0.1490382694499799
104051,0.02743253058740821
104058,0.03945771268315131
104063,0.020521580135279986
104066,0.23949266614937484
104087,0.01635576840201361
104089,0.058250401924152886
104095,0.06046104610423032
104098,0.0948474625735838
104104,0.029599947029570785
104110,0.18656085735893796
104120,0.026156000527703564
104122,0.035960770203577
104131,0.03942754455813741
104132,0.04997057377912252
104135,0.034499156648978783
104136,0.02987102761305538
104149,0.05187636623556421
104150,0.06440388736504721
104156,0.4440418319183338
104165,0.10511387375913425
104175,0.014874458296380944
104179,0.09995879236473816
104184,0.10041615676029209
104206,0.029309223581146057
104216,0.19553544753002078
104230,0.12660407529727769
104257,0.026983358625631348
104272,0.025812528779110267
104273,0.06686632392631564
104278,0.022795672956546532
104294,0.11030222441261735
104295,0.019418387013790145
104297,0.04953601199462465
104298,0.10226930721849158
104308,0.05015165113662386
104318,0.02938857203035379
104319,0.1315079543286763
104320,0.10580777120366297
104327,0.10623443737337754
104334,0.0493063859047327
104344,0.0392661626159027
104350,0.026361051359385605
104351,0.1321381754663799
104354,0.016270381232013537
104369,0.09265432905736407
104376,0.12994970218988164
104381,0.03274976722838791
104384,0.0737723579563792
104391,0.024004998853516292
104394,0.03717669265264555
104398,0.18697370770005523
104402,0.013986708647932965
104408,0.0755590150390958
104409,0.019108850657323255
104410,0.6266500153413298
104412,0.06871381807471126
104417,0.08266497556074777
104424,0.09328880766606436
104426,0.020420069438577736
104435,0.04891362385095106
104445,0.031229850077089484
104458,0.033283724795629174
104460,0.04583253926948643
104466,0.018604129711771854
104472,0.06693870581805453
104473,0.06186429367226859
104479,0.017959135245498827
104480,0.021026883608418513
104482,0.0730673950904134
104499,0.02320761819805479
104501,0.011802178592901757
104502,0.013530165471190804
104506,0.11410822170183137
104510,0.008164808217205765
104512,0.05446097282294682
104520,0.2483349172910805
104528,0.04265243242989396
104529,0.01485421868701443
104541,0.05032356670468674
104578,0.0282358889026305
104584,0.05616947228426626
104588,0.11974516522749187
104602,0.17220768032623499
104610,0.024630024620984986
104611,0.15076817315935395
104618,0.08528877617434186
104620,0.06086270615166113
104622,0.014776850535797137
104624,0.03959476461990495
104625,0.10843597990915665
104634,0.0862259288645328
104639,0.05965771319353526
104646,0.015283158880539546
104647,0.06613030095955882
104652,0.0164529024199738
104670,0.10462909446425374
104677,0.017034778699453978
104685,0.06256258116583151
104691,0.03340343349799767
104696,0.08146016712450518
104699,0.012471002676247643
104712,0.07091647531070985
104714,0.01708593407041573
104717,0.0656331914535666
104718,0.028253016675422973
104740,0.04889434600016618
104741,0.021141379413320734
104743,0.0040587356541808
104744,0.020366590670162565
104747,0.07275755797485206
104767,0.04976907872757662
104772,0.22559519622291763
104776,0.16231685126354406
104779,0.031978454900628686
104814,0.024900958883729455
104815,0.03590657780652811
104830,0.05668913383894799
104831,0.11623710219045189
104833,0.041284901355819005
104839,0.02669664540643744
104840,0.02704195849590295
104860,0.12117386096354232
104861,0.020580291874155634
104866,0.041400356756200705
104870,0.014900197115195225
104877,0.06201067615500578
104878,0.011939810400656233
104879,0.028100977635714064
104880,0.07646084122021714
104899,0.025526108696364496
104906,0.03674095243178317
104907,0.08419567769996263
104913,0.0878841505974572
104916,0.07230216996687192
104921,0.08322913047787765
104930,0.03403149303695901
104931,0.3646552876398164
104936,0.022688110620825354
104937,0.028433696495576595
104942,0.022434142052803904
104943,0.07371442892963505
104969,0.05365531596258892
104972,0.24270214347269914
104988,0.08799878334939887
105013,0.014484114251943056
105015,0.014461946505541303
105019,0.04194084360664757
105027,0.05033297596666618
105030,0.09659405789028924
105035,0.3404312303289777
105041,0.015040465410316109
105051,0.19627156038218596
105056,0.03829452248897596
105067,0.43782365086094527
105071,0.05894596180192774
105072,0.011780474934560737
105074,0.08653292758886164
105091,0.0578490151970993
105101,0.04022563770885612
105103,0.033204525187166226
105134,0.0369942810541151
105139,0.015792968064247848
105142,0.08866049541819798
105146,0.05395804835922122
105163,0.04573123119125379
105168,0.10624203043603156
105172,0.021989350381356
105176,0.3256575324304772
105195,0.04568737015997537
105196,0.2721068708421897
105197,0.01216032853264914
105203,0.05084216567194754
105223,0.11586964520782891
105227,0.16501848206939812
105228,0.023061101870695072
105230,0.13275421581763094
105231,0.15141097577727863
105239,0.030672142521502237
105242,0.17737276842914795
105244,0.04977766448835333
105245,0.04818209075277535
105248,0.027527754794968586
105249,0.03620980701745007
105266,0.09811106044428079
105271,0.2372975545391212
105276,0.04516326287008676
105282,0.04890491881630081
105292,0.07999639697295526
105297,0.009675871789140783
105332,0.0739420966796626
105333,0.023273203136179824
105343,0.06777689369268207
105344,0.027525085191270872
105345,0.14049573971596863
105357,0.043646310300442887
105359,0.10816999143008582
105366,0.05278620064297975
105367,0.03803419825993457
105370,0.008430424946436386
105377,0.03233856165012103
105390,0.034442162178863645
105399,0.010642981582072103
105403,0.19856523713746504
105404,0.061470066918918695
105414,0.022242083067681058
105417,0.041896761196359496
105425,0.16482222233420596
105452,0.2289355717893732
105454,0.1014785557406222
105456,0.05924744502567017
105470,0.03871367886399117
105471,0.0202765799567793
105483,0.06428661290439096
105493,0.14450274355772919
105508,0.07046010908604668
105514,0.035460291308790554
105515,0.021210463166325105
105528,0.2437434094033462
105529,0.017077516093816174
105531,0.037851219318990575
105532,0.0541747965608442
105558,0.012884237456525324
105574,0.021229663186081948
105578,0.014809589105708513
105584,0.34396085193742554
105595,0.04853288954172337
105617,0.17011302132841868
105618,0.03228848139124029
105621,0.03665763561869047
105625,0.034912579397605566
105629,0.04061228726012333
105630,0.012966253788524864
105634,0.02175010670425251
105635,0.013870975731048948
105641,0.12820585971135007
105647,0.10288346501043502
105648,0.04216409140088302
105655,0.019443463305938893
105657,0.024108970667608618
105672,0.10543779648025536
105678,0.12371646732458276
105682,0.07163923002790236
105691,0.05111472816425135
105692,0.03799404000849326
105706,0.023726235811910152
105712,0.06838512892738736
105720,0.030197056244278635
105734,0.011769880323774493
105735,0.03183986837224139
105736,0.11212134414379146
105737,0.01441291052279862
105738,0.12860916012154455
105740,0.12300435049071064
105744,0.04421585508711541
105747,0.07062681368746232
105749,0.10165521325666912
105754,0.03986943024978971
105758,0.03020597745654456
105760,0.04405245962820824
105767,0.18295467358452777
105784,0.0733024369837651
105791,0.015287068967394861
105802,0.1303113746739747
105807,0.18693833159256876
105809,0.05625600336444087
105816,0.04562637001750256
105817,0.014627823042276627
105824,0.11392084468608274
105832,0.03613909875262247
105856,0.025252018879159066
105865,0.03257700299582088
105899,0.2673047363195194
105906,0.03239905479783733
105916,0.052607313265807504
105923,0.04999877828667236
105937,0.06630458836947321
105965,0.052763145154567606
105966,0.07730703487130672
105968,0.05341178405881235
105973,0.028940218738097934
105976,0.14643783094577392
105978,0.0857353546139158
105979,0.018738204789140192
105991,0.0569889555993236
105998,0.10811816659627103
105999,0.016202809167562924
106000,0.20462672764109907
106001,0.03519608034703454
106010,0.15105870477483982
106011,0.013624269298359337
106013,0.138743145861446
106015,0.014260637583988949
106026,0.02723620602244472
106032,0.018064863306331395
106035,0.28685947593067346
106040,0.052128154171990425
106041,0.2935276818011865
106044,0.017005872716848707
106053,0.13210620523886968
106054,0.016651587615639524
106065,0.13761707587054736
106081,0.029894954472404523
106083,0.07967956269165961
106087,0.03228863259439984
106090,0.10436699714768405
106101,0.01996873724803721
106102,0.04478508333795324
106109,0.05450108621276799
106116,0.11824006905156302
106150,0.012091269185150837
106155,0.1064676349277216
106166,0.019018183541488876
106176,0.17589750714512847
106189,0.030981964225461067
106199,0.14898394044547442
106205,0.1351783527473927
106206,0.06675255857496651
106211,0.025845838838091783
106214,0.040850403970390574
106216,0.04736746478423399
106217,0.051943579706481315
106225,0.04352269853074208
106249,0.03384116917353261
106256,0.06617616669884198
106258,0.042801386447601716
106261,0.03769050718022628
106262,0.1219515856205325
106264,0.018875476058415566
106271,0.03205608315161025
106276,0.025662753711283053
106277,0.06759510826823875
106286,0.06509175662199128
106293,0.021740371270813266
106295,0.0728433120796898
106296,0.025597609012673484
106297,0.09656181263635405
106298,0.047915564161987896
106311,0.040392872497528175
106314,0.06349555637469338
106320,0.04718553408154603
106334,0.07031523825046374
106346,0.09491042713707831
106347,0.020747731505269613
106349,0.07788574917155952
106354,0.06941301409230312
106360,0.020589984592314897
106373,0.08805782609527554
106377,0.0488608842293108
106386,0.1581144004620636
106387,0.051403827189460086
106391,0.011607617984749423
106401,0.26807147749517096
106411,0.09779930186708392
106413,0.3378448739723523
106426,0.11045122963280499
106427,0.13639352364096402
106428,0.07159485761263953
106434,0.0621146850064044
106438,0.02095419796521212
106440,0.04133852209532371
106441,0.036757474258462916
106452,0.0925057037519036
106453,0.05693380537346761
106454,0.0618134881759611
106457,0.074861224572498
106484,0.03235233100301171
106488,0.12555965128784674
106491,0.14759639981374337
106514,0.10107708804015035
106527,0.05109340807005963
106528,0.04037424192551923
106529,0.006759443962096892
106534,0.20486895917634906
106550,0.19881016642544952
106577,0.10343855997516341
106585,0.08012502503340435
106590,0.007788309365043754
106607,0.04634173000354194
106610,0.10511764793025312
106611,0.04790353956832173
106612,0.055037913864888065
106624,0.04043224233671969
106631,0.011843223100367374
106647,0.25186569551111815
106660,0.14004818697522364
106674,0.028299574476874673
106687,0.019120074101704146
106712,0.05338281747513774
106713,0.07031880750598844
106717,0.0724244231897763
106720,0.051472824377611026
106721,0.12589363910778106
106724,0.08325133702715257
106735,0.09835465199589963
106739,0.05738918564868636
106740,0.05380871215272348
106754,0.06939870585782613
106760,0.32381665583135744
106761,0.04019293802996972
106784,0.09857480348161601
106787,0.05566827178835583
106797,0.018683157454196898
106798,0.0739106573607851
106802,0.22162896856078312
106803,0.03506293213827573
106804,0.2816164886479393
106805,0.029537886263569006
106810,0.10950520263973335
106812,0.17236675473515392
106813,0.0862201981993598
106817,0.05618506903389845
106822,0.04283225011053969
106823,0.021671203169963744
106827,0.02034850102611504
106841,0.05978192679871171
106851,0.12462266871302047
106852,0.08337786025422875
106853,0.16090119999574926
106854,0.5974835553856259
106861,0.027033865438036403
106873,0.06433067149470215
106877,0.021580245482677722
106878,0.00885898493583216
106881,0.10720847941876827
106900,0.02151277965028436
106906,0.025254142776008775
106907,0.10161094879035827
106914,0.20793438314849316
106916,0.07839270413567552
106924,0.012375447232972438
106931,0.05022150380717898
106936,0.09105014658533747
106937,0.1359345829844504
106938,0.020424021034031393
106939,0.08783664951926638
106943,0.04579209537267538
106944,0.10026894876010392
106967,0.060131879214045246
106980,0.03389210440915523
106986,0.11020830626615616
106987,0.016229612646865545
106990,0.025343002331819867
107013,0.016756143933537873
107023,0.0527343765139038
107033,0.0356036651209295
107037,0.05846716100717439
107048,0.022903034695194502
107071,0.035206921933090086
107081,0.01326129664657839
107113,0.0867319600725299
107130,0.03536261915230807
107131,0.02447964399273983
107145,0.08363496074946106
107156,0.09065188971571775
107219,0.08163208088759616
107222,0.14235775134221318
107223,0.3303857598467122
107232,0.2396091211394466
107245,0.048455864283948984
107246,0.05002087158128457
107247,0.07364055888072392
107256,0.007862953683011742
107259,0.02390551894022374
107260,0.013860352450205757
107279,0.19338452714663884
107280,0.05442193480716455
107281,0.02199554890983427
107285,0.10809385159920089
107329,0.009408742737289469
107337,0.1330858822948174
107349,0.051031885492602416
107350,0.022445329076893825
107351,0.0128764978441792
107359,0.14279479566079553
107391,0.09900415887529493
107394,0.046673945065376685
107395,0.022873510807623277
107406,0.04242936927642968
107416,0.19870669136649372
107417,0.022926401478117225
107418,0.06200177213186926
107419,0.04980576535912262
107444,0.011569653877074289
107445,0.04364827222299843
107446,0.11055508725409521
107460,0.14344214218947365
107470,0.11722026472841678
107475,0.05590727821429443
107520,0.018556934448694867
107526,0.0884134287380347
107527,0.020211105524759684
107530,0.011293273276010509
107532,0.06008990207913212
107534,0.07610682025048082
107535,0.037291490185527514
107554,0.1785522352632761
107556,0.021112144066207886
107559,0.09329357360493448
107561,0.01982704141251003
107564,0.045357034828737736
107566,0.017644743389431762
107571,0.058798942799499654
107590,0.1734769287002932
107602,0.1005989083450175
107625,0.052888029017760074
107626,0.37285260569255974
107635,0.016002491811592134
107636,0.07098172104613974
107645,0.02098592170296344
107652,0.26058387792609555
107655,0.027131729926587387
107668,0.04272096951857684
107670,0.026783170006252154
107677,0.006056397431247471
107680,0.14580412914871518
107683,0.20325230312509815
107684,0.014576255346148089
107691,0.05350313918740057
107692,0.07102642866195777
107703,0.0362481616981804
107709,0.027218958887153588
107710,0.08151407155640714
107721,0.18845937276405783
107725,0.13826129713699098
107727,0.07169781742954798
107739,0.019890564198586317
107740,0.05601294886304742
107741,0.03992591987160572
107747,0.029929018347360788
107765,0.30956144076609793
107768,0.009614121292157558
107775,0.08011118719370594
107782,0.25373264425014286
107790,0.030175565625629515
107801,0.036963395546486824
107807,0.014844825964519557
107811,0.024796296883179615
107817,0.07492911089179305
107826,0.034699869535473535
107838,0.0958791836017418
107839,0.034316453502823106
107843,0.0641718760701954
107847,0.09840056241971071
107849,0.1349234341089618
107850,0.07575507439193267
107867,0.09601712916449284
107871,0.09458201600277129
107908,0.044458631606586724
107913,0.0755283300374375
107927,0.02242602218182027
107931,0.038032738741782826
107955,0.03571053063304595
107962,0.15319128876734794
107977,0.07141001766793899
107978,0.043661839363156596
107993,0.019515620520689857
108010,0.12192067702280948
108016,0.03904731349920713
108018,0.3189170896051839
108027,0.28460338646332684
108045,0.26132562982399526
108069,0.17824273060182783
108082,0.01631930734342748
108089,0.059402330438441855
108092,0.033646914512571145
108106,0.013010834370441341
108112,0.08080855348978251
108120,0.11144487652400281
108122,0.14216035540845715
108135,0.028980218553632937
108170,0.018690820336320333
108171,0.07104494812596403
108177,0.012723610114547052
108180,0.07190702790134294
108183,0.02637267472209487
108184,0.014048011703567134
108185,0.06009213469753077
108192,0.053568027917984234
108195,0.16928031239756575
108196,0.11914301589283033
108218,0.02090283385123278
108219,0.0928521622961129
108243,0.0775325790406525
108249,0.01837112543603859
108251,0.018798407434410826
108274,0.035219192960380064
108280,0.4341948858966919
108289,0.06110529351487827
108292,0.052271000082772516
108295,0.05570892830813095
108327,0.03061461819735538
108332,0.04369096608841713
108346,0.03636477108479545
108349,0.1600077702907482
108353,0.05874471536220045
108362,0.03952276099023121
108363,0.034949722333123615
108377,0.2724562376704516
108378,0.08829251504407071
108381,0.012452298994763036
108383,0.21553667789834965
108390,0.06505466423833883
108407,0.028072450346426248
108408,0.03608848981522491
108411,0.09098242207128393
108412,0.03301959496568816
108419,0.041813687033059585
108436,0.18229296021045338
108437,0.21188753068661695
108438,0.08144047202337368
108441,0.043161062229339284
108448,0.017200278715216264
108449,0.07248689213755032
108466,0.02049838994284347
108467,0.10427049148448052
108473,0.03526038196885777
108474,0.06489157167335421
108476,0.025291192057596498
108479,0.01538534465303673
108486,0.009681690614004887
108493,0.027081636820525737
108501,0.02601489472994966
108506,0.22517611448052072
108510,0.0521870204345361
108511,0.021096990053163362
108514,0.07090651304387348
108517,0.030948727728256405
108519,0.05171459535520101
108522,0.024115117153202973
108548,0.09243546338493355
108554,0.050184960428038154
108555,0.14527426009444513
108559,0.06692378819082584
108562,0.030389735208106165
108571,0.08984664161464952
108572,0.05628721145068219
108579,0.04136577171189998
108583,0.014665311765146839
108584,0.012235226077233116
108592,0.02011797532122787
108602,0.014687051502301034
108609,0.019949745179957182
108613,0.13751026654099965
108616,0.07717627688966422
108618,0.06298565836831431
108620,0.018886547142326546
108643,0.022215184789628497
108649,0.027278680145771613
108654,0.11469368439173047
108655,0.01319452000124871
108656,0.06245974769671501
108667,0.06552732196655857
108668,0.07392626576389548
108682,0.07817540196192885
108690,0.046955988336972385
108691,0.0929160499849496
108692,0.10135248705764652
108695,0.04467496596860266
108699,0.04756913095358879
108710,0.15155549040729954
108718,0.2552932372493647
108739,0.08578938583319803
108740,0.02502648741974281
108741,0.00963181788258987
108742,0.0478808972306356
108763,0.013514462942101216
108767,0.1704180026777972
108769,0.12759434869424638
108779,0.16849439529223853
108788,0.025609543741695277
108801,0.021092779985651778
108802,0.034539940160915536
108810,0.048094713309074597
108811,0.02075119788980529
108813,0.025499462304381743
108814,0.15445242994553854
108825,0.03066309606080985
108826,0.08036026240999554
108830,0.07060242300183747
108834,0.041836031255771365
108852,0.020423158553489217
108887,0.12876933242209027
108901,0.10528894785306067
108908,0.013551053575060285
108910,0.06755265689040939
108920,0.03455604405598508
108922,0.02036933668754114
108929,0.2812309051601285
108930,0.01802975340405357
108937,0.056236375304247896
108938,0.03881232764688333
108943,0.06048194843538851
108948,0.04019523462024521
108953,0.03566002733944919
108956,0.1399431824830916
108965,0.02834981078565607
108985,0.1311585000179448
108986,0.0960038023131567
108987,0.024435652886295466
108990,0.014118625663986716
108991,0.02703505661717734
108993,0.23599228460696672
109000,0.07726372981994611
109001,0.11625653356942836
109012,0.37845535799966545
109014,0.052693826253486106
109015,0.07779150079343061
109021,0.06684982392796379
109037,0.04192822037821309
109042,0.20993056804565075
109044,0.04071060280225726
109046,0.43751849461566233
109064,0.003778174684913185
109084,0.06138912184011117
109086,0.048645992236563546
109092,0.008363350413331966
109093,0.1515446975069629
109100,0.15958464591659305
109101,0.006547613803073352
109110,0.03545392354962101
109114,0.13740799609738452
109126,0.054212673236836956
109152,0.020996742112988905
109162,0.05864481081617816
109167,0.07452637864896491
109168,0.07553451684123298
109169,0.012652977634028364
109179,0.05274526102567259
109184,0.05015088216130501
109191,0.11556268590334304
109192,0.04549241991522555
109193,0.01248505369428891
109196,0.0747807905033533
109206,0.05456347768283794
109210,0.009317645546443857
109244,0.09161015512769974
109249,0.026162813273822576
109273,0.029495121008984215
109276,0.24275109148610954
109281,0.04167419352856122
109287,0.05255926885329291
109297,0.06405864367940835
109298,0.05601371473045561
109306,0.03750600260193006
109309,0.052755160694343294
109321,0.21687764273507498
109328,0.20319996521747064
109336,0.037509618770400384
109342,0.053365759640445
109346,0.019639540981698015
109347,0.08908774906005802
109348,0.13308984407940877
109362,0.12391249326012356
109363,0.024992135750406395
109367,0.0481743474210284
109370,0.00955965209992819
109393,0.07724201864606949
109405,0.05702755736018446
109413,0.08761514898216873
109414,0.4937865918597161
109421,0.03172143270507732
109427,0.07509862363181027
109428,0.07361872679008072
109429,0.10317545713526935
109437,0.02018863516617096
109443,0.019036221845738277
109461,0.03884019964900628
109468,0.12371671776174539
109469,0.025477986881464184
109471,0.09417303436757869
109479,0.06672075422384754
109484,0.011095362266532354
109501,0.11368599307727421
109505,0.05487656096213511
109535,0.039727632789065236
109539,0.016971340901025884
109544,0.0694463034697846
109545,0.015270194982775239
109551,0.14252727132220444
109553,0.030139908889743917
109555,0.03336280784812165
109561,0.04170346228714305
109580,0.01890731133961077
109583,0.2020218535387628
109593,0.2588342766604791
109604,0.08656682283697534
109620,0.06262796563673505
109635,0.015864328888531468
109637,0.2428278620992701
109638,0.10283001067636846
109642,0.04821749097402482
109649,0.031197329142708646
109652,0.029598383403565902
109656,0.06312528600961026
109663,0.028176941296755156
109696,0.24486414000793516
109700,0.23742677504914106
109709,0.08028300692738277
109735,0.02386202946771117
109740,0.036802396667829876
109741,0.0446262929460261
109749,0.0765826054419694
109764,0.012779057200659392
109771,0.07849918295773659
109772,0.016616630838321496
109773,0.09179551818159024
109798,0.0514043786641452
109802,0.11689160104162924
109804,0.028786285764836245
109813,0.03382092625641474
109818,0.10382768602999529
109848,0.05348007622299644
109850,0.0268908940911117
109851,0.02718131790988889
109855,0.016654904467676104
109871,0.18948665830908917
109877,0.057085948330860156
109883,0.015327368413656412
109886,0.014742211262209487
109905,0.07688625737710392
109936,0.24439606338891856
109950,0.06840754622772754
109958,0.09741253989535002
109959,0.06718542541898967
109969,0.04295075452540609
109971,0.02329704457408121
109984,0.02160939446683141
109985,0.14620411400018982
109988,0.03904007082001553
109992,0.062277476842412
110005,0.06982410273586943
110009,0.05326574600540902
110011,0.2212102948409329
110014,0.029186223192931605
110026,0.022345230081006442
110042,0.03339805030150479
110058,0.012367841766577962
110069,0.06468646794181926
110080,0.017824705853163304
110087,0.04419069386271739
110091,0.04968193746176648
110094,0.04278470219027702
110098,0.17072951087788218
110105,0.04195932529795181
110117,0.04646850472716166
110136,0.1403234277706276
110138,0.19228246534145096
110149,0.09878450881327897
110164,0.09231536208777898
110202,0.10595273658041407
110212,0.022463977931119847
110226,0.00862415498510506
110236,0.027049928871921612
110249,0.016534534439130916
110257,0.035761026047490894
110258,0.012779279022691065
110277,0.025147876449647
110282,0.040053483107485396
110284,0.034671792423179665
110286,0.0745719684282384
110289,0.01987600718546203
110304,0.021219680754461793
110319,0.060545279690205886
110324,0.18483427301013977
110326,0.02386745501351327
110335,0.040762309475124985
110337,0.09806954046906424
110338,0.052003751093571644
110343,0.054502078910980606
110345,0.03146317195216669
110347,0.13272084605365778
110355,0.00729245260108702
110359,0.048558060769755246
110360,0.09336123053837217
110364,0.05918299444358925
110371,0.0813686347698799
110372,0.03950699282657354
110376,0.0637295663866502
110379,0.16241217093017857
110380,0.050237245959289294
110393,0.03998501699793319
110401,0.2808353918678162
110406,0.04138117242979943
110411,0.08407092201922595
110416,0.017182782382431035
110420,0.015548273517667816
110443,0.02913560394779784
110465,0.01718491485008177
110468,0.03106549163050429
110469,0.1265828901150898
110471,0.22718202443456903
110487,0.2607544349318101
110491,0.18219095912384747
110504,0.07081272467383046
110547,0.031389604538919216
110550,0.03544657727882
110559,0.19732824293441145
110578,0.1746138711463959
110582,0.046409300719813605
110590,0.03467587605398717
110598,0.048813678195160436
110601,0.17981795131965006
110602,0.0731160331843928
110604,0.03196490194852264
110625,0.1350292642394751
110626,0.15833306755495827
110636,0.15038362610461126
110637,0.06042200114058818
110638,0.1003226161379305
110646,0.031694029928860175
110648,0.04990611014360133
110652,0.06084689364688368
110681,0.03812182186454052
110682,0.11253567699586461
110687,0.08545258038749637
110691,0.019362575373809383
110694,0.04416162007721587
110695,0.030894629150986952
110696,0.09501379042902142
110708,0.024181472341009178
110710,0.021468383746534245
110717,0.03990022162468913
110730,0.07660631262254672
110740,0.07122400915097239
110742,0.05074898346404243
110747,0.03253855595439543
110761,0.04738524113832626
110766,0.04344836609445457
110769,0.024186047507151955
110774,0.06740354926686085
110803,0.029494637166028223
110805,0.02128521888099017
110809,0.1910094632129277
110827,0.044549481308927046
110832,0.02701477124316891
110839,0.13120263090184703
110859,0.14510829100474398
110861,0.01253407563934056
110863,0.1463137623551606
110865,0.1026720280646926
110881,0.09605630714744445
110889,0.03889033767919626
110891,0.02069757861165769
110894,0.01138765781673589
110895,0.13596915039710963
110907,0.4252021589712463
110914,0.09108399505039337
110933,0.014899919193144082
110934,0.01052357884746006
110937,0.04142724796752189
110953,0.01737250296841211
110954,0.343432546807829
110958,0.22143931022164326
110970,0.09174619497622603
110974,0.10209807481438476
110977,0.13142069128925843
110989,0.04191082483740439
110993,0.3637968969529054
110994,0.13381135153765325
111018,0.02028339855191309
111019,0.03991275336629247
111030,0.06141829558891454
111032,0.11656447228608235
111041,0.013859245830957765
111045,0.03546406474933065
111048,0.017313059509112886
111052,0.060860639903091346
111070,0.2993497175482602
111084,0.14983643924744808
111091,0.06603988077339418
111104,0.011184534552056778
111108,0.028737022501763167
111112,0.02103399388746462
111127,0.008594250245772012
111142,0.057436330410100656
111146,0.2122822624557087
111165,0.049324388582003775
111168,0.03302336005139299
111169,0.37421105927119586
111172,0.02410803417894729
111173,0.017376003439679613
111174,0.0776655307320499
111175,0.31061927142088047
111176,0.029839895326817998
111177,0.07933831557703819
111180,0.02208769483197063
111182,0.037167125202135096
111192,0.019069621387959867
111194,0.21208252858745957
111196,0.23693037622612964
111197,0.027144597786497204
111198,0.07230663464315602
111205,0.0361732542711299
111207,0.07825232231252413
111222,0.008730004421522594
111228,0.04371430923217772
111233,0.067459063193064
111256,0.03495645636543311
111258,0.008922710359501873
111262,0.03472968530037721
111263,0.07760312983313633
111267,0.01953579028033323
111269,0.03810261505422448
111276,0.04583608480059423
111277,0.3303600470683128
111279,0.07914820930888876
111290,0.021523344855094793
111294,0.016655986933545402
111295,0.09835386407308594
111315,0.1365412527436131
111318,0.08027601230502307
111327,0.02601119038402198
111328,0.07398414104205761
111332,0.08796692026185603
111338,0.015617307903158462
111343,0.10812523647812257
111344,0.038912421751499546
111345,0.40276037890476135
111347,0.024351357724390288
111356,0.015671737518271504
111359,0.06873603057527883
111367,0.01745472281864198
111368,0.015707708833141956
111391,0.2417740132249195
111408,0.005543450424990104
111412,0.08934887110441005
111419,0.07530479686807624
111422,0.03783623530129649
111423,0.285133726718426
111439,0.04903437713562255
111452,0.5132793049567946
111456,0.050286775672565
111467,0.03037370356701953
111478,0.14620853492471134
111482,0.08557601259874062
111488,0.37706484735932266
111503,0.06996087127707873
111510,0.021588131053934652
111512,0.009375978020346152
111518,0.07127695463966699
111532,0.07406122995016425
111537,0.011199163025918241
111541,0.0973241983883868
111544,0.12802031514128173
111550,0.020393724037050812
111554,0.11386908432119683
111560,0.1831094483006472
111566,0.024429303177961187
111567,0.15985535470119688
111592,0.035628863785117315
111618,0.13424066166949425
111620,0.06449922094555405
111627,0.01831072355305334
111641,0.21913191296689996
111646,0.3303628089173189
111652,0.036641853009182025
111657,0.021127242463212507
111664,0.08988681313299578
111665,0.06708917043709779
111669,0.048922048705887705
111673,0.01819448782084837
111687,0.019989748019715703
111688,0.037239647116945516
111689,0.02416317304641257
111694,0.08978929253181046
111695,0.04678694289316466
111698,0.04830631402485617
111703,0.007496459047894996
111709,0.01738737872445744
111712,0.03965076778196139
111715,0.06559909851285253
111724,0.10911157348176356
111730,0.026637204322721656
111747,0.033209437703775234
111760,0.029469728433829077
111761,0.015122736722618295
111763,0.10892111572499079
111776,0.040494977049534885
111777,0.01169222138010317
111781,0.01564552939370827
111793,0.037716575082612114
111804,0.17568184193080735
111810,0.11868501810019173
111816,0.04494914158840593
111818,0.05015984261501008
111830,0.02857801708809786
111832,0.043734256811260114
111841,0.05330222319918047
111842,0.03079386262119238
111843,0.07314248593345907
111846,0.10889656425466895
111848,0.20345580153611653
111856,0.018127481741712526
111857,0.00883701034594839
111877,0.019436769046183237
111882,0.04133479917333901
111883,0.11216553099629473
111891,0.010570694496849546
111893,0.03114912335458466
111901,0.08190019450003919
111912,0.05540867461651558
111913,0.02462527516106368
111955,0.02322305271491095
111958,0.02057907508709561
111960,0.08507358203956296
111967,0.02794574346996909
112000,0.08958188264660817
112003,0.10276867129687937
112015,0.3292638497956337
112019,0.35862998494569776
112020,0.054096557376208367
112028,0.047859829518624525
112029,0.07055941015168687
112031,0.05933274037895552
112039,0.0455173151124127
112042,0.015100638219963904
112049,0.009710802446929324
112052,0.17720216280094073
112054,0.020830423156747626
112055,0.02976340153611195
112063,0.09638149911929178
112070,0.03454033502194636
112071,0.041197896273607176
112080,0.023691472260013363
112083,0.015718404605295756
112085,0.024308725354086333
112089,0.1020469696899294
112098,0.20097788794408045
112100,0.03260264516877317
112105,0.12518886191959241
112124,0.03572742744250871
112126,0.043870019033718226
112127,0.030457417468912777
112128,0.027646827888354108
112148,0.03137441240981435
112149,0.06378671254456392
112165,0.12695632727358244
112170,0.018011564803692676
112171,0.06359615077613877
112176,0.11847518469035613
112186,0.034087675912505215
112199,0.04669148339838865
112203,0.03973972786742144
112214,0.07692332580560615
112215,0.019552810241694
112216,0.05257178998576017
112224,0.12939610792578277
112225,0.038511596978739376
112231,0.2641161888414267
112234,0.1282340415692022
112235,0.015122505386748128
112236,0.07475981928551953
112254,0.2194955604412534
112265,0.08629740471018368
112271,0.033884464772585575
112284,0.026805471742705582
112287,0.06271176738638899
112295,0.1513941075103148
112303,0.11320242892249523
112307,0.1288167872770868
112310,0.015681583789429174
112312,0.13256976989076913
112313,0.020587411169874267
112326,0.04568895695359904
112333,0.048149208535537
112334,0.03418242979973137
112339,0.029353845603416133
112347,0.08417928968923
112350,0.05962217904047872
112356,0.08514496680158327
112357,0.07614296750123646
112359,0.08075291660291214
112360,0.0395600639875388
112371,0.19879247422281673
112385,0.024215845655040175
112392,0.03142614695425097
112401,0.1222682288362996
112405,0.14367464973739483
112414,0.2335050167461869
112429,0.0930004804041911
112448,0.03382733627199114
112467,0.10189348553794383
112468,0.11937163629192148
112469,0.08128658013511042
112491,0.08788537393407506
112500,0.10004503892208602
112510,0.17738971607832668
112535,0.1779153574318318
112537,0.04700421924237019
112551,0.0345111039235196
112552,0.05906993105447578
112556,0.11642641907973707
112577,0.042166274405422116
112590,0.06467843957239065
112593,0.028161996881205974
112596,0.27655758926368174
112601,0.01653550864501971
112604,0.10543169391313954
112622,0.02478830066775755
112655,0.03663418937816587
112663,0.012964422537585018
112667,0.006100477952671294
112670,0.06838412900381353
112676,0.046436254769163805
112677,0.05895636766160682
112679,0.032207041820890146
112683,0.11163855172194027
112688,0.04142333832286076
112692,0.07819571645633297
112696,0.192288495331686
112702,0.04661780998487665
112709,0.012238972351404783
112720,0.06347895449582165
112735,0.024426802116568135
112738,0.07716962981603909
112742,0.012966028219918527
112748,0.010769310751518475
112749,0.05683034541645772
112766,0.06348735752362251
112767,0.041770423588217184
112769,0.051420105066262684
112771,0.14011339471168793
112775,0.04689682729670466
112794,0.08187361702962467
112795,0.014911846946875869
112796,0.0371858094178738
112815,0.034053276251565096
112817,0.09767304688861453
112821,0.05611651137908231
112822,0.07918386979363731
112829,0.14983959125726806
112831,0.18278055767869
112835,0.031356257032765414
112838,0.023776239169826012
112842,0.037297538295961274
112844,0.21169017052116432
112845,0.012193523101599288
112846,0.01943737547666409
112847,0.017019830556708762
112867,0.05039527388609235
112868,0.03827889335245449
112874,0.017780448244451196
112879,0.025780500811229477
112882,0.06758762229486426
112886,0.041276718896271214
112895,0.08388801533402557
112896,0.07577996755852054
112902,0.06066029559711554
112904,0.032909233179482265
112917,0.38085219186686925
112932,0.09391299454705412
112944,0.018729026018511744
112946,0.09395309690096093
112947,0.031748258291831394
112948,0.041419341083821795
112966,0.1080198904380893
112967,0.015153956052241156
112971,0.055517427982329545
112973,0.08631919914815295
112974,0.01859027352225045
112978,0.09855072280280772
112988,0.02399076505672345
112992,0.3262435174469444
113003,0.030996833460275743
113004,0.04909143692448634
113007,0.23756854461075844
113020,0.17464444094502468
113025,0.18740039905952757
113032,0.01991785554099934
113042,0.09078222997504057
113047,0.02453915323787471
113066,0.02303080171111891
113067,0.13406516303434762
113071,0.07654592264392071
113087,0.07652673745587754
113108,0.008243213588099763
113109,0.035383163256485974
113123,0.0478489656182015
113128,0.3562324150970705
113134,0.0890462438516816
113151,0.07138248785626498
113175,0.12568590080812053
113181,0.02718976114705493
113188,0.22102350456955855
113191,0.04336266842819077
113193,0.26771857499319984
113201,0.09650877827855905
113209,0.049279131016988546
113222,0.046495874018726
113248,0.012053288814821683
113272,0.07343860080441354
113276,0.010065899907650656
113287,0.01150382044204425
113302,0.04037374342759383
113308,0.09643394472505389
113316,0.11282605916235383
113318,0.0563412364131805
113320,0.04959044959613741
113322,0.26924020956792255
113325,0.08047389776970566
113326,0.1146672215299554
113332,0.0610327654882732
113346,0.30452521761472917
113352,0.019748955469445918
113361,0.018793800602268828
113362,0.013192994888430433
113365,0.029122438506282898
113366,0.04054007892245266
113368,0.028583848722919702
113382,0.013744542060778549
113385,0.0223781443329042
113390,0.08795459382064731
113391,0.040711392503261556
113393,0.11109968751762057
113396,0.05220105427828938
113397,0.08711903767306137
113402,0.051801422280978865
113403,0.053418837179653
113405,0.02841409167091536
113406,0.05766455720922307
113410,0.41191341129119496
113413,0.046906636061180715
113418,0.039528752233505646
113419,0.019522447262427255
113435,0.16510354931991844
113438,0.07765848691475716
113447,0.013008113507427628
113458,0.07447420368652932
113466,0.035729798463448426
113475,0.04927355869542197
113482,0.08887698569020648
113490,0.019859695194477864
113505,0.026598680638012337
113508,0.09534433922256516
113520,0.05854717284623237
113532,0.041036212477051776
113535,0.02750780720602522
113549,0.03325075308017267
113557,0.1647109599221203
113558,0.01864883140466265
113561,0.08138576755252559
113566,0.032986510538731105
113569,0.07382315691796926
113574,0.053045717383364555
113576,0.11128976410632482
113577,0.05675040608367553
113585,0.0357226289867317
113587,0.17593208403561478
113599,0.08046102004807554
113601,0.05562809679310226
113602,0.031630036869221126
113605,0.08506221023627407
113609,0.15218197293372657
113611,0.08989864242801693
113616,0.04589496591481362
113627,0.49652189318905315
113631,0.1818622320410302
113643,0.052836648010255616
113652,0.11655663916362019
113657,0.05278456628911352
113659,0.02317134892037924
113672,0.04950224382972121
113680,0.027731635828625215
113692,0.08100761415589178
113694,0.06062131374091877
113695,0.09974387798670073
113701,0.02164143759966035
113733,0.02096658465522574
113738,0.05199164575542707
113740,0.09340171282594985
113742,0.01384824777049994
113777,0.006411288788616759
113783,0.12812989881875164
113788,0.03545096098232254
113789,0.07655036918368056
113791,0.12622495301805953
113795,0.08278470120524471
113799,0.052167835997884375
113805,0.017850840783619315
113820,0.08816150472878194
113822,0.020989640190097966
113824,0.02798375599713137
113829,0.04772341260104618
113832,0.01999004147809812
113833,0.07138803768305595
113841,0.020728123787384513
113849,0.10447013247787637
113862,0.12315605542299758
113863,0.20410255690043977
113864,0.025828127267917618
113870,0.019786101939769218
113875,0.04035506875058202
113882,0.055230285435415805
113887,0.0909359551492191
113894,0.03024902498011152
113909,0.01922765852359562
113930,0.09008664243782083
113936,0.06791667970070735
113939,0.05505522763902014
113942,0.043484365197001766
113943,0.20129172523842143
113945,0.10364830090235594
113947,0.016305143933191556
113950,0.011372515625117518
113951,0.16438775095746563
113957,0.07473076962384453
113966,0.10113472846908535
113967,0.07601710428140535
113977,0.07396359587808284
113984,0.14189480333723975
113986,0.07052067880927679
113992,0.015158062496192354
113998,0.008438417951215417
113999,0.4353326339201018
114003,0.06348801439683685
114010,0.014639947566224994
114011,0.17468283678163135
114032,0.009116535263738278
114047,0.05994658482545673
114055,0.03768938126661627
114056,0.20220240338374237
114064,0.26314348813313043
114065,0.027525337815255492
114067,0.05168044778542709
114068,0.013334115717375814
114075,0.051165328184932204
114076,0.07060984695143252
114077,0.012116012162594825
114094,0.04145266619468638
114095,0.01472272591954817
114109,0.09978031875260401
114114,0.143277428008565
114116,0.03276946433573456
114127,0.01652041665777735
114158,0.09141304342808154
114168,0.15561901527189217
114169,0.10365071479743808
114171,0.0790080701672154
114180,0.4283421390167377
114193,0.010322647307193806
114198,0.01950851423583501
114201,0.04157809201926454
114202,0.23121850871333713
114207,0.05994041861885502
114210,0.15243896704041313
114221,0.047801520846346104
114222,0.08061666989192565
114227,0.14034718332957066
114250,0.017946440143236677
114253,0.07872653125554711
114265,0.045674098698588156
114267,0.07804915066608237
114273,0.25851092058285174
114280,0.21091674839636787
114281,0.04118190316604256
114283,0.5266123157558493
114291,0.18219326118216747
114310,0.2495062552455351
114316,0.008215499586022247
114326,0.014728740446673046
114327,0.03720274559084491
114339,0.0859964651637669
114352,0.03740228437059767
114359,0.19674312985476655
114360,0.05160221351091475
114382,0.11425272977345967
114396,0.193865793664569
114397,0.04385674812888883
114415,0.07831916926463242
114425,0.05767515824132441
114434,0.02650623500541924
114456,0.14746608499090738
114463,0.018920944913434535
114469,0.013005155615298587
114476,0.012997835488321396
114480,0.006108837788795774
114482,0.1342653935570121
114492,0.01603260012849448
114493,0.1147831539495454
114501,0.041633269355193375
114506,0.0876430076271607
114510,0.014615952007838683
114515,0.30757849888259764
114524,0.15559556806957178
114545,0.206356656628349
114546,0.0094428866015667
114560,0.024259957811781533
114562,0.06064340256498036
114563,0.029089364238310163
114566,0.11426402200079086
114599,0.025823262188573934
114601,0.01263111025605659
114607,0.06854583711005315
114612,0.016306930157198304
114622,0.11390889296236001
114625,0.39335899405078617
114634,0.06700066755254643
114635,0.03671909179278447
114641,0.006456568595329286
114644,0.06927460337073131
114645,0.07877721285926531
114651,0.02454037556925531
114653,0.013601532559158296
114654,0.06656126715777447
114667,0.03477898744215506
114668,0.22690652038286035
114670,0.04698689797101674
114686,0.09300858744754924
114688,0.16698562853491158
114690,0.07055049552194222
114691,0.02404259821158986
114700,0.03174886973668204
114706,0.012922535555094873
114740,0.058578778564503636
114741,0.1289647513200792
114755,0.01978788431039175
114757,0.014387880354038944
114767,0.04052743144355823
114772,0.2697452237164928
114780,0.10312818485183023
114782,0.04408738647481155
114791,0.02371614234321301
114815,0.08288531576202571
114823,0.037904135211907115
114835,0.035085510571440715
114838,0.019146926563740282
114840,0.04078772546406982
114842,0.052626674126879366
114844,0.07447354449775007
114850,0.15001729385953846
114853,0.014003049288244983
114856,0.34626585255237113
114857,0.03184884235182391
114858,0.07945174308964306
114864,0.03571201811288523
114871,0.02087209835361398
114875,0.0499847032007428
114879,0.03710209634999887
114893,0.024372295877336678
114912,0.10924318330108225
114922,0.037751619365550236
114930,0.009260105862707159
114945,0.03442012889405922
114951,0.010939538227580647
114958,0.0802776414488256
114962,0.05717628637262008
114976,0.06831089209237896
114978,0.0919369228022057
114987,0.07893959574933901
115002,0.021880642221269363
115005,0.039243002856034014
115023,0.31180193005043977
115030,0.013184720196779926
115033,0.20078899972654518
115034,0.1020403733669733
115038,0.013194931724508604
115046,0.10127150336308424
115049,0.09426989253188105
115055,0.0266194633103944
115059,0.04854954948258058
115076,0.08003941162115423
115078,0.035564068042381575
115081,0.06268251803264836
115085,0.042368076466982034
115096,0.03704414618535419
115101,0.03710102664392045
115114,0.05000373875304585
115119,0.05405832275246099
115121,0.05292641070196276
115122,0.06542164492124729
115144,0.038408599624005425
115147,0.1309614129789175
115151,0.02542087038769203
115172,0.02826937155919125
115175,0.04079209210254168
115183,0.013115642603763253
115185,0.08186683551626034
115197,0.05329510022060425
115200,0.0453988049488946
115207,0.05079281787616993
115217,0.011632547604507425
115230,0.0810797891313828
115237,0.022462100865519787
115246,0.023536724889516202
115251,0.027131699746314915
115269,0.06667785502128086
115290,0.0731431643032597
115299,0.04591202649353167
115309,0.22432282371315257
115310,0.05387142498152489
115311,0.018022960846220876
115312,0.028915051089734717
115323,0.017740971589483245
115324,0.028901656688216083
115341,0.2192629668032643
115342,0.0417467890402575
115343,0.016941730548058455
115350,0.09684798888894486
115354,0.07024245801869286
115360,0.07395417599519383
115368,0.042924956800488474
115373,0.045234667553631064
115396,0.14201689350273625
115400,0.09246553119958482
115401,0.02822496490912866
115404,0.017193755068957484
115405,0.07505395952789456
115406,0.021865869749811955
115407,0.019634475672877058
115412,0.015326125939591203
115413,0.03791572653482396
115415,0.04332175636704778
115423,0.029550529806370966
115427,0.10822774839861649
115428,0.00973425240566363
115439,0.0696898128658328
115440,0.23759346228121409
115447,0.03783414294837719
115450,0.03703040379437194
115457,0.08109472747998493
115459,0.06684586794916314
115463,0.05870674942042253
115473,0.16796036123750985
115477,0.02063948825718131
115479,0.027525533288256535
115480,0.11500604001989215
115481,0.04014901687300116
115485,0.13736109354482462
115489,0.04998747408503864
115495,0.043831984740792404
115500,0.05126068819284073
115521,0.08825308874832165
115572,0.013817549948345935
115580,0.027955693638599094
115582,0.02457537583005901
115586,0.016003287025167942
115587,0.08173926318461577
115588,0.027052767291748072
115591,0.10314114242209918
115592,0.021020171738795775
115618,0.010578566003518258
115619,0.05555390686179115
115621,0.269392141538009
115632,0.11316461062895644
115646,0.06994333134139023
115658,0.07842972481300847
115671,0.028797954875316112
115680,0.05494215755767117
115686,0.02698747711162379
115688,0.029383628283363106
115705,0.08713336402549973
115707,0.021597800819602705
115708,0.06929141310666244
115726,0.3227751491145787
115759,0.051793235161447286
115773,0.03346727247190958
115777,0.013295339264213528
115778,0.13996814723160603
115781,0.013794549244623911
115801,0.40116671274289
115804,0.0629752248799472
115810,0.0854139580086433
115812,0.1162058736402551
115820,0.18823865808107149
115827,0.034868297501046704
115831,0.0553031494324505
115841,0.09740931076374855
115846,0.14901059280683004
115852,0.012100784634132836
115857,0.03168864717780358
115858,0.07530890607929092
115860,0.021194969973045315
115865,0.026716724251063133
115867,0.16202760989496057
115869,0.09280512624251624
115877,0.08057166964738662
115904,0.06103156781837409
115913,0.045656849358048056
115916,0.017992252569087316
115928,0.076403460961491
115932,0.02359196802204752
115933,0.03445619205609515
115937,0.3468034149016359
115938,0.02184593068003142
115957,0.035480910148538394
115958,0.05547246321866793
115969,0.013522745564440187
115980,0.04561021838719981
115984,0.0138938303903274
116006,0.054608307933199124
116007,0.11983327824105942
116008,0.07982101655709502
116009,0.21141935694688044
116011,0.014376410406606272
116012,0.08850006078289716
116015,0.2818891574613407
116025,0.1849029497690794
116047,0.012363173831925882
116052,0.07910009150642197
116068,0.021182733002579678
116077,0.05491648396828949
116084,0.023467291426175922
116089,0.02172560155887312
116093,0.020121621880485004
116097,0.09133213506069526
116102,0.08968504672647996
116118,0.02557800413579804
116119,0.011375647861049764
116125,0.07070748735927265
116128,0.054454916825302235
116135,0.020431989164433104
116140,0.2005058351944785
116141,0.02421927273448118
116142,0.061453757425310576
116153,0.059577541027807844
116156,0.014130399174650907
116157,0.0541216073277359
116167,0.02518578053477022
116168,0.06767572023744058
116175,0.03045331887329729
116187,0.02676663896830753
116189,0.06947503003310117
116191,0.057409104557564705
116201,0.19176416999397544
116210,0.10801143741493224
116213,0.05817126855672235
116215,0.11484210763413769
116223,0.04791131270874728
116226,0.02201160115981264
116228,0.015648680194930233
116241,0.02290322233354094
116247,0.018787674836416503
116266,0.0257738957129032
116276,0.5106473739953777
116287,0.009874738856898409
116289,0.060698885246299766
116292,0.0501715863636344
116306,0.02522612768086969
116309,0.020632276715000123
116312,0.009750402567945978
116313,0.05864812284006389
116335,0.03186862039936959
116342,0.05031641461602088
116348,0.015489275023121508
116367,0.03366762099034257
116380,0.04210396684453916
116383,0.12681837146653802
116389,0.06851104712886567
116395,0.14071174337352563
116397,0.04863102535776222
116398,0.10820210383436149
116402,0.07195364853107006
116404,0.030673896752590267
116406,0.03554886936127699
116424,0.11808037771728469
116428,0.005544105755646027
116436,0.022960778543200045
116440,0.01731171545892029
116448,0.14907965621614555
116458,0.01569280506541758
116466,0.023543780282089297
116469,0.03620189471847541
116473,0.04625159105669159
116474,0.05350043991838698
116479,0.04854213514004442
116480,0.03625603199370944
116491,0.02027149051616277
116493,0.02931373306904577
116505,0.05380503865266288
116511,0.021996335919664448
116525,0.04857130282396334
116535,0.0815998109354461
116544,0.030257450406043048
116546,0.014194694122139563
116562,0.039115560878235714
116565,0.03977967963327256
116578,0.0314958695908717
116579,0.023386775105560656
116580,0.21472827220821522
116582,0.009570949422481226
116584,0.014852803040448875
116586,0.04019313903380385
116596,0.020369604224450347
116597,0.08925639432256452
116598,0.02705788372322457
116604,0.2742870460108689
116608,0.02358170625288141
116609,0.04531715062165905
116613,0.03235196480212539
116614,0.04564177303583384
116615,0.10681543251491515
116633,0.06562690931727566
116637,0.02640510778746681
116643,0.03843194488574529
116647,0.06751213505925308
116656,0.04427758817441119
116659,0.04852957023404398
116662,0.03909104400384274
116676,0.045376284623042176
116680,0.054298967583532504
116681,0.05341942931419339
116683,0.1445430975026237
116684,0.03570120720888032
116712,0.04604455545501297
116720,0.028808663454868134
116726,0.08784657632631637
116729,0.015518198464906789
116737,0.20060688363551338
116745,0.028013975488702873
116747,0.04715420993439569
116766,0.012963535802989997
116781,0.05098744732286039
116783,0.03886015795188845
116787,0.037681979248154585
116788,0.2632961036110809
116789,0.009898431634261354
116801,0.021259706937603165
116803,0.04309703597600063
116804,0.1274473089700232
116806,0.06245819216839879
116815,0.04818765211199186
116817,0.02258814689777213
116825,0.03582097356004375
116828,0.010438850226136075
116829,0.01831428425986677
116853,0.10611204827883594
116854,0.11284089286306007
116859,0.073212565263606
116860,0.11959190918732518
116865,0.0465426172295606
116872,0.1601905541014954
116880,0.28424168016842555
116882,0.051549574425852285
116893,0.10644531799809354
116896,0.08846305382964124
116906,0.014106701593772768
116908,0.05342234604574797
116925,0.018083339379938945
116926,0.21815408659461852
116948,0.04238040205050291
116949,0.0954344909364841
116955,0.05873447618336047
116964,0.04804475850464998
116974,0.0885817074186517
116976,0.1898624196233054
116990,0.031228436662743463
116993,0.040281829439576554
116994,0.11362893269373704
116997,0.10152299311581081
117003,0.014404301918891353
117007,0.0822942525494525
117011,0.05341525489747732
117012,0.04077175794718083
117019,0.010120483568056258
117021,0.009569173753329413
117030,0.09461435124045188
117036,0.03602718112397998
117043,0.12053622127698889
117054,0.03396653096853299
117070,0.075581353230243
117077,0.1305238037020528
117087,0.0466697964866606
117093,0.07542957223907493
117105,0.04264931130495159
117112,0.07160277471776755
117129,0.27738975046936354
117135,0.1560892307639876
117138,0.1853950004079114
117142,0.027175205229181352
117148,0.11318780445927637
117157,0.09097298017678229
117170,0.016386856970213828
117171,0.0204648931467923
117172,0.0707679600727904
117178,0.07912475032208903
117186,0.06519058848965013
117187,0.08371416368194612
117193,0.19576199286607726
117194,0.08792867924187539
117199,0.034022536837508485
117207,0.03947259098695563
117211,0.07180356746567651
117216,0.23349155827364126
117217,0.02089316391012175
117218,0.028611970765817986
117219,0.06918751114002136
117224,0.026944339830317823
117225,0.020699138978602635
117239,0.07776921239084689
117242,0.03260517539626391
117249,0.1092942323236657
117255,0.03239406282759001
117257,0.16116123736415194
117272,0.010150599086072671
117284,0.16407056689886912
117287,0.08491962042864482
117293,0.015076377061032679
117298,0.30557892408170223
117299,0.015566192006810298
117307,0.019240841939182143
117321,0.03383108768902543
117323,0.02879830376949396
117326,0.14126545392260542
117327,0.1067237210729676
117341,0.02002600595670411
117350,0.06985414213481259
117362,0.19089347752570124
117375,0.031418187976663986
117391,0.09112737388072295
117392,0.03517355620277859
117396,0.21450208524928638
117399,0.041476584360398194
117400,0.05932664039624277
117402,0.032474281610390204
117406,0.1640419783338679
117417,0.3607836462074301
117418,0.06937250453330447
117425,0.1140414106678802
117428,0.03598736121567095
117443,0.04468285711049777
117448,0.02657406622026228
117449,0.013996619191960451
117450,0.32103797818184265
117463,0.06470097930370956
117467,0.035213458680925
117478,0.03124141110454322
117480,0.14375397966216794
117483,0.15586247453586846
117484,0.0750459769197313
117495,0.06144689479415527
117498,0.009609818214136196
117501,0.04963501756468894
117503,0.08988743029789392
117520,0.4657470819247321
117524,0.0743921042680924
117525,0.12506084923578736
117526,0.08628935270051379
117527,0.07240894437442554
117531,0.016475702333529386
117545,0.04703945661744613
117547,0.28258565769720284
117557,0.05517300066984334
117563,0.047036675047690726
117564,0.05386970620774145
117598,0.21114985798295652
117599,0.04771083904198156
117610,0.014343392861786021
117614,0.03576830163564359
117616,0.16004822819391554
117623,0.03266418181471327
117625,0.32045286183858135
117633,0.01356376674824193
117634,0.07115446288456818
117639,0.13093372475677056
117652,0.022181123879619017
117653,0.18902781528232143
117660,0.0460168425184487
117661,0.015967606585369908
117662,0.1542733878606649
117676,0.03739464074335916
117677,0.16047410980105614
117681,0.03160290742875601
117684,0.13135591841775798
117707,0.053114523675223034
117736,0.23330480921339578
117737,0.14207594818002328
117741,0.05843835059290024
117746,0.17052667388880915
117753,0.10259001584411875
117755,0.10256948843400468
117775,0.09220526672022608
117784,0.07399436436093836
117786,0.08046765556075974
117791,0.04960121640514267
117801,0.08771320410938657
117805,0.025216360405490572
117816,0.022049423177734034
117824,0.10491747830807191
117835,0.0708393254395356
117837,0.0221678042778928
117847,0.05246306081758137
117853,0.0678518128004528
117854,0.05083218072349745
117886,0.03316933400740327
117900,0.016497962499526043
117920,0.4790560877080725
117924,0.05482260811900305
117925,0.13144398852190117
117934,0.043551430433298385
117957,0.05283296387916184
117959,0.19533211934732547
117967,0.18618486618519461
117969,0.18499163016229409
117981,0.02634446610386494
117982,0.07101924735845311
117996,0.10486640276201017
118000,0.11295371482843408
118018,0.10847199855231414
118025,0.10088411302946869
118026,0.3619051926071223
118044,0.0847055514155517
118045,0.11576985554475036
118048,0.03505415729881139
118055,0.14440779208146526
118058,0.018678421018992985
118060,0.18368905901255142
118066,0.011784414359243389
118071,0.08759982950211193
118072,0.13301787306212703
118082,0.039864454165331006
118089,0.08217063125603212
118106,0.05287747924831254
118115,0.05588886704446158
118127,0.3792233193166905
118144,0.07047661426358479
118150,0.02481453125891092
118151,0.019804940359032536
118157,0.26451304867110165
118162,0.03995617759724661
118163,0.014515509826454581
118166,0.06527928334441326
118181,0.04286137546835924
118191,0.054160169079412
118202,0.2089269083704557
118205,0.07648521372936712
118214,0.044861877308881665
118251,0.13041425949088928
118264,0.15647596149443888
118271,0.3488405074015786
118272,0.1067364718827451
118276,0.18827533911276265
118287,0.24695004004028603
118291,0.01385074372577473
118292,0.045198302880277916
118294,0.03063144301655863
118305,0.05923413728554522
118312,0.054278985756470166
118319,0.044819802063485535
118321,0.016374952908144412
118326,0.2689419005666049
118342,0.16871900259417708
118343,0.03319389273384431
118353,0.12008274469625266
118354,0.049560430476380084
118358,0.03547707856233471
118359,0.09598494167636086
118365,0.06885461795094656
118367,0.019374798296481144
118368,0.021838071418565017
118371,0.04993347031457706
118378,0.06345403175880035
118379,0.030371488052786756
118383,0.021443315012147808
118386,0.08065657049452049
118387,0.03943043975537146
118400,0.054888148602896855
118403,0.04459526901726801
118428,0.11666050143130878
118440,0.09381480470297679
118459,0.025112202993992305
118490,0.0263255980129874
118491,0.04630313059103158
118492,0.06664136429511947
118498,0.08744190031334947
118499,0.11467976487809273
118509,0.06098764084418917
118518,0.022377255715121364
118531,0.10668464224791688
118532,0.026872573976248523
118546,0.005260763582647752
118548,0.06180976463711089
118558,0.04762325411556385
118560,0.11005913723554489
118561,0.02066972926005171
118562,0.22889328587557606
118564,0.04032320887622149
118569,0.07450917086518634
118578,0.039073501548868135
118585,0.029328442365284823
118591,0.018090299635942934
118592,0.0701142914030895
118594,0.04926590478059864
118611,0.012925120427217985
118614,0.04056172300038835
118622,0.030226632502836283
118641,0.03385737604758491
118642,0.02626216543082709
118650,0.027736760552589602
118666,0.05557648101604414
118696,0.0997658967521733
118697,0.028726719212247634
118710,0.017641907521290495
118717,0.04935180462091137
118720,0.029204625684383062
118735,0.016260386182381025
118747,0.022089453364197847
118750,0.054171688076050856
118789,0.031213619627681048
118791,0.03799384977543172
118803,0.11935047016408992
118804,0.06969890953196156
118806,0.18812861775055906
118809,0.0472810807246851
118823,0.16084872094875402
118842,0.04654619598343528
118871,0.46505624247322525
118874,0.08898742740384406
118876,0.054154389722588944
118886,0.18325542442046633
118888,0.14107184598839784
118889,0.016640420382023395
118894,0.09257647675277406
118898,0.01433136188098083
118905,0.15734467824751477
118911,0.02231504751279576
118915,0.026885622947409853
118916,0.11383475706732107
118925,0.040926067224463424
118926,0.05567998196483377
118929,0.0537935538686588
118935,0.04257270925820643
118947,0.06071449448178033
118951,0.017047843102706337
118953,0.042979802468025546
118960,0.17521416945425966
118973,0.04319558290363454
119001,0.045476289689487165
119003,0.17254704207981206
119009,0.07573333511093357
119011,0.02153817194759955
119012,0.084559459446935
119014,0.056669391779468045
119025,0.014057825341863065
119047,0.10547014307048724
119049,0.02954957597736812
119057,0.06684129188905483
119062,0.01384076301468911
119064,0.018820092837475585
119069,0.07009347923026786
119079,0.007565968390412729
119088,0.008244943127183088
119091,0.3565705903208155
119095,0.14115416488425933
119104,0.07707316245245464
119108,0.24860259318645805
119109,0.05442372420279562
119115,0.042075723225833465
119125,0.019933760789352897
119146,0.03045742451578965
119148,0.05151335205408408
119160,0.18382385979235966
119164,0.3418626956271196
119169,0.057334568662611926
119179,0.08711676793143278
119187,0.030393938047782953
119191,0.027931921621778794
119205,0.010017723050025932
119207,0.03940020061428021
119208,0.015461104485583889
119217,0.05906904856938463
119230,0.04810375591427198
119232,0.047384805018696255
119236,0.28247586167655137
119238,0.04266705130012449
119240,0.08386195451803177
119250,0.13144606277952695
119251,0.08332532479208012
119252,0.06863405720086241
119266,0.019077843304967923
119267,0.027195559771295324
119270,0.2051937247292198
119272,0.14208896165682733
119276,0.12582740677914142
119281,0.01244567670581581
119295,0.05424552520702961
119313,0.07713811703740707
119318,0.024480064885536522
119321,0.05869506924675068
119340,0.0619794056726329
119341,0.015374011583434169
119344,0.06799183059644165
119348,0.040624753808776365
119353,0.022556668503191837
119361,0.07130748084029177
119362,0.5916859424176241
119376,0.1677315195094383
119383,0.0687630175579134
119391,0.14339003085852073
119394,0.03915903802439741
119395,0.06056896784779797
119415,0.03451427272189482
119430,0.17273033891560244
119441,0.016096091403742643
119454,0.06685486113634753
119468,0.04890416294007223
119474,0.2628351240670593
119492,0.024974183667862783
119496,0.14405545837831477
119500,0.17126712281615752
119501,0.07589691617391177
119510,0.03167071944906733
119518,0.023818964586762404
119524,0.1035251031364755
119533,0.08047672197906573
119540,0.12984604728623547
119553,0.017141179803965217
119573,0.02700133239530956
119593,0.0514795387322116
119594,0.02765049126223834
119595,0.24333859979395567
119596,0.04622033928139703
119607,0.2218049688102014
119609,0.055688679640162136
119616,0.055963017283259156
119618,0.09461086324342782
119619,0.22497520514423805
119628,0.05593353951765995
119630,0.026821469665706706
119632,0.034862802227020866
119648,0.4983912411754102
119671,0.04026819493826701
119675,0.10512490224397662
119683,0.0488750750043811
119689,0.021269902898303564
119697,0.03408810646873984
119698,0.3015576768681641
119702,0.18981616169279977
119709,0.06746514920988966
119715,0.008504478857608773
119718,0.011329539632067192
119719,0.2740646993912408
119731,0.07579720388225189
119736,0.08161765552358954
119745,0.0953929321889601
119749,0.01741479048674659
119751,0.04672194698511027
119757,0.12112409704734613
119761,0.03451573838132457
119762,0.13165612454489448
119771,0.06489642700521622
119778,0.0442072592823735
119784,0.038800084723097476
119788,0.044659537444279904
119802,0.004767231942076268
119803,0.2349285106017577
119806,0.06299129998784717
119810,0.0329939662964592
119811,0.2267018539726014
119813,0.2089757744683225
119820,0.0707880855465527
119821,0.483038270524876
119842,0.05374240761872364
119843,0.033903167908995765
119844,0.03218582586259293
119861,0.014512001712151246
119866,0.06134804849918976
119868,0.0434874282427951
119875,0.12800240936748228
119896,0.43596656175557125
119898,0.012117927836473053
119921,0.037096581777723285
119922,0.06021998469472716
119929,0.04195866485495982
119934,0.049650636646609195
119938,0.04860020819623437
119947,0.020241695792287892
119948,0.45245133593825315
119967,0.05597110779109542
119977,0.05254162611820297
119980,0.07922481651726165
119984,0.0844553759731384
119989,0.17015440097272022
119990,0.04176076271203896
119994,0.07291791730800104
119999,0.13255371981463004
120004,0.04549171350484019
120020,0.11140134945541838
120030,0.014326035695244935
120036,0.04504548662668474
120050,0.22133857305488766
120051,0.4368363421034477
120053,0.09222527945319839
120075,0.052315638081130295
120076,0.027262427747525957
120088,0.015745226000471138
120099,0.03166129238381853
120101,0.03859088008341406
120102,0.029572499535030064
120108,0.007901636887520345
120145,0.07522434095263562
120146,0.25770311262796464
120154,0.03443649387599091
120156,0.0722859049675883
120165,0.05090956718905291
120166,0.02601334838021214
120176,0.04099900425956898
120179,0.176867927696024
120182,0.013446655635984038
120198,0.017805086754073857
120205,0.14166330718206202
120208,0.0871134211218866
120214,0.016004547869909336
120220,0.09813873452219511
120227,0.0639710854036254
120233,0.07943095864095198
120240,0.03819436646619793
120243,0.029008018748632267
120266,0.06893877004523312
120268,0.10390903629950454
120280,0.1968734970957824
120281,0.06307558286160828
120284,0.03664043783464905
120298,0.014875876558537698
120304,0.055694735558721536
120306,0.07742079190846315
120320,0.1499809314332702
120325,0.022021020834300162
120326,0.10098562108990228
120335,0.21798409069921815
120341,0.03687657906461056
120343,0.03451049474428683
120388,0.011464643778467346
120390,0.05345573289179657
120404,0.008774327797472172
120405,0.044277569929365615
120408,0.16579355222807812
120415,0.09835995306552839
120421,0.23795116688302906
120422,0.04798705774647655
120433,0.038720306686417655
120437,0.37653240760298035
120440,0.0478002440312468
120441,0.0572548423215888
120449,0.10570628538113983
120457,0.10087366766626898
120459,0.029021730807314593
120460,0.017740022571470556
120463,0.2084158135201053
120464,0.03962367952852182
120470,0.13229312530931991
120488,0.4065896618977216
120535,0.013551229547994165
120538,0.041510764808687255
120539,0.2459512995446715
120541,0.08521285445220517
120562,0.0382971418755259
120570,0.04297415352078478
120580,0.04657008914247565
120581,0.04988353912683052
120591,0.3066812853005724
120593,0.07909636202217211
120598,0.02662264856292229
120603,0.019216276455900915
120607,0.17669567573822897
120642,0.03900235333749603
120647,0.03750233779634528
120649,0.008784196153974867
120664,0.03065877434891202
120665,0.012840508081354476
120671,0.08199664094913728
120678,0.017148062401095898
120679,0.059601840311672545
120680,0.0927910185220692
120681,0.05488076223336931
120691,0.13258266339113253
120696,0.018460663158799937
120697,0.21172696996712853
120713,0.11930933127085183
120721,0.13615006197781904
120725,0.04250099519617673
120734,0.13313204200571505
120740,0.2560810375725424
120748,0.10601361996003018
120755,0.036221293652416726
120759,0.02041451212730631
120761,0.08434248751599742
120764,0.04927974673597613
120770,0.052766127372750014
120777,0.014061992993742976
120796,0.014686040059164306
120803,0.06403927186618663
120809,0.045277819391263414
120811,0.019997270987134174
120826,0.10465140108799045
120829,0.04726678091893426
120832,0.0704540266934599
120840,0.12951699633705357
120857,0.05092114531773825
120885,0.05398485884381319
120891,0.024101745894572313
120894,0.01861072284234227
120905,0.14767354868701393
120913,0.036793837067681155
120914,0.02249876353274092
120918,0.019206097054610308
120921,0.03269532075034927
120923,0.104986106963317
120927,0.14890872573693814
120928,0.15554204205097308
120934,0.16481170502437995
120936,0.08379533800347448
120942,0.031193077902509816
120946,0.048954023574571556
120947,0.039167795870816424
120953,0.030025313235527894
120955,0.01939109199109364
120956,0.1921765438102841
120977,0.07979845475688782
120980,0.2187142080875989
120981,0.06464618960113548
120982,0.009558166107836144
120991,0.16180697460926674
121011,0.0424086017534531
121013,0.013791907949767448
121018,0.08452102175635695
121020,0.020369622819216976
121037,0.011751974119388331
121038,0.03802410835417228
121039,0.04240046125793672
121045,0.08348098695827232
121046,0.009223259260580294
121059,0.17411257181645784
121066,0.20695453368272695
121078,0.2351183196442676
121080,0.17071292183873907
121081,0.05003107413449692
121086,0.0754985825026551
121099,0.1097246548583757
121100,0.06450943579165812
121107,0.07839436414841547
121108,0.09754030656189136
121111,0.02742684971612376
121130,0.08905584745897445
121131,0.13238037678069242
121135,0.28459505091484083
121152,0.016511952663164794
121156,0.011750654499071757
121160,0.045058799398782094
121162,0.16965297942876245
121175,0.14825947681606544
121181,0.029525677224187835
121186,0.03982620766607325
121197,0.008584778375211823
121201,0.25525325518021835
121208,0.05098588138913708
121215,0.10494606668655342
121220,0.23111512350420563
121225,0.26832088279111266
121227,0.03355299336052124
121228,0.2718269699460557
121243,0.06716997307386831
121258,0.16540538577019565
121259,0.03709969726139164
121265,0.02424578916648711
121279,0.05766473652446445
121280,0.06948166953661851
121281,0.13775843184018174
121283,0.009827730245148363
121288,0.045948117423400055
121296,0.031406272133249105
121300,0.054058757369507555
121308,0.12151781582604251
121321,0.05742711256813963
121323,0.03302378881712424
121332,0.017250874273917364
121334,0.01841758683741259
121348,0.015884817696231224
121350,0.017794565286728636
121351,0.06328601517423413
121363,0.019261176139840127
121379,0.1014306467812442
121380,0.08302058617299704
121383,0.06363821826758984
121387,0.13935468333611917
121414,0.04796100761525783
121416,0.021786288486929567
121422,0.08265261660031656
121423,0.03634149150043506
121427,0.1092443395006012
121431,0.013873939750987115
121438,0.03295768176438079
121460,0.07642958465076594
121479,0.01420164833835695
121482,0.06048018447440316
121483,0.18586809364634566
121488,0.08262158489340056
121489,0.17288518011836748
121492,0.06503873877847816
121502,0.029605745045084456
121503,0.02011585427889938
121513,0.025895309050997004
121544,0.023253713487408637
121545,0.023257720483782326
121546,0.021081040763225943
121552,0.13790533574297684
121553,0.03767678150923593
121556,0.11447314004238734
121557,0.03875557655430158
121583,0.036531099568592344
121588,0.015505500637224294
121596,0.0782090205418871
121597,0.021458442591920562
121612,0.011191174782272632
121618,0.0313218368478963
121619,0.019490566060416412
121621,0.051069117269472816
121622,0.06335617049823605
121626,0.07072720623072491
121628,0.045360701250632976
121630,0.36020935114028463
121631,0.045827637470443924
121632,0.11482898389375508
121641,0.04758254294643937
121695,0.04616071645120957
121733,0.18608080693249446
121754,0.07547680459378593
121762,0.07604212323731395
121765,0.00892866259117285
121766,0.011189816239963391
121771,0.041686874039746316
121772,0.6124304753295624
121778,0.16515163504902292
121791,0.03720887945985285
121792,0.03473049199592947
121822,0.14317340284817656
121825,0.16704341883437057
121832,0.01590886926184855
121841,0.11771934323132124
121846,0.02390929192557919
121850,0.04815956820573711
121851,0.057907377588147936
121853,0.30571228966806974
121857,0.0626594402448919
121862,0.039843289643063926
121863,0.010658954914509054
121875,0.015108309582877691
121881,0.0496251576356305
121896,0.15118362281852482
121901,0.017638419613792127
121908,0.0550202648999092
121909,0.18605484633906583
121916,0.06255006224356569
121919,0.04033515196530264
121921,0.05321838096115612
121933,0.07166104157692477
121947,0.03021155991809727
121948,0.2837137330293288
121963,0.2582348812572774
121968,0.025667911177472393
121970,0.042113954636406103
121978,0.06467517766495466
121991,0.0766266666439772
121996,0.07581220548190232
121997,0.34869619848464295
122000,0.09359730051355004
122015,0.20256979873409803
122017,0.07541053869906016
122027,0.12871353198716978
122044,0.01112978040859273
122047,0.08129772926711405
122055,0.15209468084761954
122065,0.06906407827800237
122069,0.04167037181251475
122074,0.11835667762737817
122086,0.04617970653088257
122089,0.06542021946673793
122099,0.00788587025578363
122102,0.020208864503527234
122118,0.04884213362566615
122124,0.02404803057197672
122125,0.022797782914667546
122129,0.014540065317429447
122133,0.08631650679579214
122135,0.06045608773272166
122136,0.05540063825348575
122142,0.04791982570858634
122154,0.0179964519308036
122158,0.15975169660352487
122160,0.03374218921483982
122165,0.02600197946706659
122166,0.0757026008218186
122170,0.03831196003561172
122175,0.01646106668461329
122192,0.049427723087305545
122207,0.01979031751080885
122210,0.09431225887219452
122215,0.029960986922128865
122222,0.020630686466917365
122234,0.31514317676819237
122235,0.025660525526130976
122236,0.027646788650846403
122248,0.2670263919109064
122256,0.0178489676325445
122257,0.010424167895204395
122258,0.05828289251547645
122259,0.021891528782081966
122260,0.14960287344894266
122264,0.024207654448756593
122266,0.17603906679345244
122268,0.047787302983806526
122271,0.11671208478042663
122283,0.0391758280081739
122286,0.020656923379192036
122288,0.010380093395568345
122301,0.04753167677363504
122313,0.02400807965760554
122322,0.0474165267185903
122323,0.024601604340325448
122324,0.06359746374300244
122336,0.07396627173260734
122338,0.19224766231885176
122349,0.015814990271804955
122351,0.029644994124015923
122354,0.040988028023524165
122358,0.04732914993564275
122376,0.16487816745263567
122378,0.06630387983922079
122387,0.026145259929324073
122392,0.17709480656196766
122405,0.27769270569334203
122409,0.0954382932433727
122411,0.15184881684460078
122415,0.0512869768924477
122416,0.06320189332465959
122425,0.24403582584029218
122452,0.17330503049122076
122453,0.11322849635321183
122456,0.07163786870599437
122458,0.2802872556594984
122465,0.07005714092284201
122468,0.01655389110130494
122477,0.013287286147527676
122483,0.024024705477797344
122517,0.20652099353973374
122521,0.4346238733954879
122537,0.030740599084050836
122538,0.10043902385979925
122552,0.1252075943021576
122557,0.06856013545361979
122561,0.01820000383008798
122568,0.07020661133451297
122573,0.18444884307923795
122583,0.1217065466685965
122590,0.10825836056165175
122609,0.04914817774046324
122617,0.012745794527512191
122621,0.04927012934012334
122635,0.13227374145681609
122638,0.15746859687851478
122639,0.07982940560744864
122644,0.017738032114833924
122675,0.03554813897903937
122699,0.12450437545013708
122703,0.045457793886631494
122706,0.036986262296967505
122712,0.08771804696631794
122730,0.05959937521395199
122731,0.01630527447717734
122736,0.06709372184287268
122741,0.03333153335550947
122745,0.022314995638137138
122751,0.2072133892770784
122768,0.02808069977920911
122785,0.15421122348712824
122797,0.052766252575066876
122812,0.12106632469399523
122816,0.014164751266880556
122817,0.048490598578608796
122826,0.10726999667797232
122838,0.0618523834311054
122845,0.013367622055651715
122848,0.08457654046149315
122850,0.01628370401250821
122856,0.01688007539591659
122862,0.13613088955375546
122869,0.2306539040448985
122871,0.06291250722443738
122874,0.3084960359694421
122875,0.06093361300063693
122885,0.08734392056522708
122901,0.04973472961972927
122902,0.05683237558859317
122903,0.14464489468860672
122904,0.03190396685788206
122910,0.05238979923593013
122921,0.03601483821496283
122925,0.03487584660281137
122964,0.021907239133354378
122975,0.0363489281513054
122977,0.030574978981943814
122984,0.28569504302055493
122999,0.032151976980654
123004,0.38614505344282424
123009,0.07616434077247394
123012,0.11531313983040872
123018,0.03399517203506382
123025,0.14820076890752815
123037,0.042550831744131004
123038,0.05827625050578436
123039,0.04482513057210714
123045,0.06671157679134025
123046,0.026980031765265044
123051,0.04396288628841746
123052,0.04513289886919847
123056,0.06836760152486995
123061,0.08632247133559727
123072,0.1001425427671789
123074,0.031715656275820826
123086,0.08248350741111454
123087,0.031319097635369275
123091,0.14267271031617001
123094,0.018911070606890866
123105,0.08945368668012027
123110,0.03746946812552099
123113,0.035115183107083496
123114,0.18086995664546013
123124,0.037133723328697195
123131,0.043289842200577744
123136,0.4582000840827476
123146,0.019719290918991293
123147,0.05414177711794277
123155,0.06536541715160855
123163,0.028209907086682653
123182,0.031816009631302086
123196,0.04059507646734749
123200,0.028893554707792063
123204,0.02577060124329238
123207,0.02157956278913225
123210,0.021516077536500186
123215,0.16300008058246776
123227,0.008943181831788508
123234,0.03323376064994421
123239,0.18474481007921642
123249,0.12385771549780837
123252,0.06780968313087408
123255,0.009981963293509772
123257,0.018164815826463183
123260,0.022941679251135397
123263,0.09078885442390085
123274,0.04165643662843304
123275,0.05514353370458785
123276,0.016113362098878765
123292,0.05321156698780917
123308,0.029271012474360418
123316,0.02116667321801128
123328,0.017039616722197257
123330,0.11147308183466306
123331,0.08482636486556158
123334,0.16420824444233237
123343,0.0032957799784861432
123344,0.04117090837441461
123345,0.031014373798431975
123352,0.09718997614628586
123356,0.022189648050718182
123365,0.17486944274472246
123368,0.03771792468388127
123376,0.01337040362318525
123381,0.032996768677230934
123384,0.04346377255190212
123389,0.025756240648771543
123401,0.17908170772920357
123419,0.013980408362689718
123433,0.07306566332268753
123438,0.08678337997819474
123441,0.15639326993745878
123456,0.08346043360081533
123457,0.1488148740804075
123476,0.011085966348585875
123477,0.06295086005262208
123489,0.12005525274123838
123490,0.08290361831431334
123496,0.1616646085596066
123502,0.07820677217878202
123503,0.14656580343390962
123513,0.09788144849058861
123515,0.06434836248741789
123530,0.05201919612215727
123532,0.039928406612316183
123537,0.0202704296798477
123539,0.07688844720671459
123540,0.03462333085412072
123546,0.03343246544808048
123547,0.12330563189197413
123554,0.0689648848660501
123572,0.03163229346399034
123574,0.11817181556571599
123575,0.14907193474994268
123576,0.02730658422880367
123584,0.07542778738518692
123586,0.08611724022857337
123591,0.05467647998557744
123606,0.02813649355675956
123607,0.06272531445389078
123615,0.012238622679528527
123616,0.2050401021519035
123619,0.1614830109709845
123621,0.06839831689664293
123622,0.018365824827501126
123633,0.031905283261587813
123635,0.13809848283726692
123658,0.0819595025401096
123659,0.03666901338030222
123663,0.16958495326486558
123666,0.06269277633393228
123670,0.04854776821194057
123678,0.029406528198581333
123688,0.11466271598072393
123707,0.028960324522979822
123709,0.23170862742710985
123720,0.15268072556573314
123741,0.06046298829601393
123751,0.1183311000243952
123759,0.041172142092305096
123765,0.17645431955688556
123766,0.07353762574344187
123793,0.14628356593328617
123794,0.014567659883560737
123809,0.0676571486844659
123837,0.022544983178623794
123839,0.029087976185663146
123843,0.0706530741243762
123851,0.07976424290037146
123854,0.06357773017417384
123860,0.013677392521007213
123863,0.10210396290337628
123879,0.0644475532885711
123888,0.08924112749263735
123891,0.04552021692581039
123912,0.0256284037569577
123942,0.08200672412369647
123952,0.1144226601837426
123953,0.03252077232737821
123958,0.11397435901178579
123966,0.00902267660271009
123977,0.03619315762468442
123981,0.050922841225739035
124000,0.008034824285461957
124023,0.04210886258230293
124026,0.02924109012898836
124027,0.05862119707610797
124033,0.09039954751005314
124053,0.10263374224282046
124057,0.029079039984449974
124065,0.2571676586406667
124074,0.01578507094459107
124079,0.10928153597448177
124095,0.02927653437763765
124110,0.07056864029521909
124138,0.025728622414180197
124167,0.24888844020762235
124168,0.11781268540315873
124175,0.0066948018808985765
124176,0.15256747778431676
124181,0.06960948271557515
124195,0.05415486093010107
124197,0.015579534312763819
124206,0.008259379949210173
124225,0.05002734512497309
124230,0.07698365441397999
124231,0.1104453435981268
124253,0.08307386063686562
124257,0.047733601757782046
124263,0.03314655129167063
124277,0.03821817116131248
124285,0.04387775973153196
124289,0.01338814028198795
124299,0.20030132074170331
124303,0.04222033499976324
124309,0.22402293099159595
124316,0.09173632065359381
124319,0.10233074040899778
124335,0.18538349595659226
124347,0.33714746714484367
124359,0.08728681061083102
124362,0.00873739266089051
124363,0.24935820720448726
124389,0.016994796103098952
124390,0.051447846738981964
124393,0.13053914805186478
124401,0.4892666659765966
124406,0.02293897186612076
124407,0.045978760961113634
124416,0.08591721202957892
124423,0.036602096916743994
124429,0.03495511117136178
124431,0.09441845039781072
124439,0.014250600915825144
124441,0.019741980352119395
124451,0.08810580351825917
124454,0.015890688651762006
124463,0.32684477372693144
124492,0.04856502788033184
124493,0.10059326447762501
124503,0.04859939190142708
124506,0.07206862017292867
124514,0.09967483531566299
124516,0.012198714215706017
124519,0.008499491331226279
124520,0.09456961499344275
124539,0.05553148517248123
124545,0.1878704974131013
124546,0.038673214506100895
124552,0.05404096435462554
124553,0.27125627670864694
124555,0.01996516402690705
124575,0.015979940225958035
124586,0.0378918817323736
124587,0.029678459662420716
124591,0.36307189006972257
124595,0.05040958023926423
124597,0.15706740222650226
124625,0.09346463582800577
124628,0.0531605936422176
124647,0.09130727134202377
124648,0.03223700149028
124654,0.14780355098538867
124655,0.0553322475351077
124656,0.07203747506278411
124658,0.032034129676960774
124674,0.1590089471022183
124675,0.016242440651365472
124686,0.10291257784344235
124696,0.1199697860697395
124698,0.02351699297232126
124702,0.058223549826975605
124704,0.09744696568253346
124705,0.03530652941785874
124719,0.028830656459178105
124732,0.011902353856305151
124734,0.05818721073711761
124737,0.009932205269224632
124742,0.08311364228714477
124793,0.043728964766767506
124816,0.30940567204692704
124820,0.010573710688699452
124823,0.14834000099484584
124826,0.012574954641702305
124829,0.02005167799714206
124844,0.0571906017040756
124850,0.01493851309971569
124866,0.03239693725697387
124868,0.019211567915912713
124874,0.09211907174659542
124875,0.040101613788686055
124876,0.017628847225839746
124887,0.055491983504062814
124893,0.21920042656500321
124901,0.014681294136533747
124905,0.2864504590327966
124906,0.05762252723429315
124931,0.08983089382378445
124938,0.05304404725584425
124940,0.22713156447316546
124947,0.07826088804753985
124948,0.055159803639643824
124949,0.027305041017497117
124971,0.09810670120931526
124974,0.03407092392330529
124976,0.029302710165741545
125004,0.08564798795530242
125025,0.09723671177081214
125029,0.05042662917606013
125031,0.04259909578986882
125037,0.08487117415532186
125046,0.018320359632972346
125052,0.013082197423589638
125053,0.012282497234023007
125090,0.12453347708410847
125093,0.04750549595607226
125100,0.04633674609490684
125101,0.028374055642702116
125104,0.14807044647221534
125111,0.11353792268850649
125133,0.06986619090555495
125144,0.05749262129757069
125145,0.06162236103275112
125149,0.05115011070713257
125157,0.047433838026544536
125158,0.38652040951184385
125164,0.05783114498840913
125167,0.01940197105925381
125170,0.051020845478732424
125177,0.033980692887759456
125185,0.1578648257619346
125190,0.08375109155451774
125196,0.06221531044998821
125200,0.07998954024299595
125203,0.07783032433474689
125215,0.03407146842284858
125221,0.056486613207061526
125224,0.021736487699533263
125227,0.11091508762816477
125252,0.03600217015968891
125256,0.021623167811302257
125264,0.022107013598032174
125266,0.05477632677188111
125267,0.023662946464861546
125268,0.5152448736038723
125270,0.022372970681536028
125271,0.04184286701957011
125276,0.017190031358363726
125290,0.03475681632226343
125300,0.08237990044958916
125311,0.03853768703756234
125327,0.06937018217303628
125338,0.04308499675622686
125359,0.030165423932172454
125360,0.024492648205409057
125366,0.013908919905035712
125373,0.1530588050330792
125376,0.38684165748732613
125384,0.01572102056901861
125387,0.20893972998180094
125388,0.051463772908085376
125393,0.027208780874927424
125394,0.21119648877101904
125396,0.005244493930172558
125397,0.009006096419674694
125408,0.08198768984746341
125409,0.11931323800619716
125414,0.19608283220603728
125423,0.042103479479344195
125425,0.07193307805892017
125436,0.11636675144197392
125450,0.09730105386842425
125465,0.045415781335566396
125471,0.32925491731170875
125488,0.05830509047344543
125496,0.08883472093204679
125500,0.11339923619665068
125505,0.027171912347882642
125507,0.053413180739196216
125519,0.016971715758635292
125521,0.13745550388468944
125524,0.04523847040869439
125531,0.2351788036613347
125542,0.04923810532535585
125552,0.017433478260363004
125560,0.047506176898545985
125573,0.020409119641952293
125574,0.0811281390935411
125576,0.061169561167418465
125592,0.025272297383942148
125604,0.1327716898525593
125622,0.08350373034634159
125628,0.033058931537103875
125649,0.02837518397568071
125668,0.07750719872831513
125695,0.04603565295814651
125698,0.03284933883688602
125701,0.09627382475554629
125705,0.05468079214349006
125709,0.07355846665950588
125713,0.010140835154615429
125720,0.11028746426980274
125727,0.3031900707851578
125747,0.056184542732288734
125752,0.05674140381035811
125758,0.050777284644002704
125772,0.11583082160226706
125779,0.5802542164275866
125798,0.04663680598378019
125804,0.046205252456008414
125814,0.040796690717166274
125817,0.012976280446631067
125835,0.021253079525946364
125838,0.05392651592507411
125842,0.06394764461208957
125852,0.16242528740996515
125878,0.012780865620556473
125886,0.04172722111792658
125896,0.13749170901545438
125924,0.04112211158557091
125930,0.08753220715442872
125939,0.02172509511917283
125957,0.04461363572575032
125961,0.0526732873536544
125972,0.037311479762673815
125973,0.1715738624492858
125975,0.015728622926912524
125983,0.020366344363420993
125984,0.30523210991549776
125990,0.06671595541857615
126016,0.0675210648745076
126022,0.031684806085691714
126028,0.0726902709895604
126047,0.15638128016288988
126048,0.07331519433559577
126067,0.04562210726909108
126068,0.01494936509043995
126069,0.07433123026766783
126088,0.10136628760532689
126121,0.012751504786061536
126123,0.021559541295928276
126125,0.01989942792476951
126136,0.19175220347729416
126159,0.0292093303645733
126162,0.0686348453755389
126165,0.1016306232990467
126172,0.08889888028070352
126175,0.1380918688267834
126178,0.015044181173408451
126184,0.01386934795570413
126198,0.06406842140136144
126202,0.11467216754992535
126203,0.029436006758649973
126205,0.00675933990086709
126214,0.03731798745187523
126231,0.14889120696365696
126238,0.0660123676819846
126242,0.05107156527306495
126252,0.016910757037493448
126263,0.1016053348274858
126265,0.09854405091605674
126267,0.025196948959678014
126274,0.03385511975643773
126299,0.07713117792782001
126307,0.07818178130024493
126310,0.07485737323237136
126329,0.0476213771172397
126331,0.07200753946333383
126340,0.011572035070163134
126341,0.14388216461824813
126348,0.03981410034989966
126349,0.013351040172989659
126351,0.012238345758200785
126354,0.029267253574786496
126366,0.03510728026379252
126370,0.014121191056223843
126398,0.05336979743373747
126407,0.02871424903965697
126409,0.1373289391456494
126431,0.019837287607684943
126438,0.11435582257420329
126448,0.03495989919419404
126462,0.026535022337768055
126464,0.0515505730317415
126468,0.046321642805432585
126472,0.07980806250037256
126473,0.0383531261452213
126479,0.05128105496491956
126484,0.15575884479103566
126486,0.028276141288903177
126488,0.03444168921932883
126490,0.05678202381261091
126494,0.06175133152497759
126506,0.04897817901494564
126510,0.05085768599100125
126513,0.03971193097805913
126526,0.20707261973186245
126533,0.03362545839021867
126538,0.045949318198424995
126549,0.188205221937275
126553,0.0945557517693835
126554,0.02287915442922404
126555,0.051889533334396866
126579,0.049911759531843986
126584,0.020348691869383023
126594,0.01953403274724348
126595,0.02458194401118524
126596,0.12217181190873462
126602,0.07588089725388564
126611,0.015666302824946278
126614,0.03360404323680634
126636,0.029548310292575843
126638,0.03346837804717445
126651,0.08076729188016545
126658,0.06400440800295085
126674,0.013686482864373486
126685,0.012174889083919246
126688,0.10198033019265326
126689,0.01876195765694267
126707,0.40125312358796006
126715,0.10468614051619278
126716,0.009420598006776082
126721,0.24010905889698184
126722,0.049984378370748615
126732,0.052147168615393286
126738,0.05866715865517129
126743,0.034961824635726516
126744,0.030116576096463107
126752,0.026838046836817703
126759,0.054195529509293745
126763,0.26133246384945436
126775,0.02984997980753415
126778,0.1239487900957627
126784,0.07390773956003553
126791,0.025116652804678504
126792,0.020684665447961492
126804,0.176728414476316
126816,0.20210970086161312
126817,0.03067101547295118
126822,0.008155156988573584
126832,0.055016436149592375
126842,0.02524849708922771
126849,0.018937979162520123
126850,0.03464906552818748
126861,0.04074685709168686
126871,0.017039543836931917
126872,0.14707591756290894
126880,0.04914438197847021
126888,0.04184281053163928
126896,0.01102418994790564
126913,0.08432999147222078
126918,0.0252137152671329
126954,0.013619038777059056
126961,0.020273948136772694
126963,0.01465825294601925
126965,0.20086766680742152
126968,0.20133582830278843
126971,0.016147245021912324
126981,0.06627689227477546
126984,0.0906169345913093
126985,0.06086216686614602
126995,0.2366895244241515
126999,0.08077244056252221
127007,0.08634179619350474
127015,0.06073673754788262
127038,0.05627912735689342
127054,0.028084257473974347
127057,0.017227304995606436
127062,0.11026832934096656
127083,0.05746938247397554
127098,0.044926006413807264
127102,0.016026060095005096
127110,0.019448283459211714
127111,0.041566431917565545
127116,0.021394422861426215
127126,0.03142635372692757
127135,0.015179607815967814
127137,0.02838524515149638
127142,0.032358732149524526
127151,0.055419538894518686
127155,0.030154018488452686
127156,0.018718754674103326
127160,0.05470960307493902
127169,0.11201626759080169
127174,0.07034985907405282
127175,0.07412874453718338
127177,0.037728058639468515
127192,0.012372737786144648
127193,0.038387372560565076
127196,0.012625143735666134
127197,0.09089685743234109
127204,0.044772291201341796
127207,0.079176196062443
127215,0.02665804637373006
127226,0.07403346520776775
127230,0.08281584219568462
127244,0.031456316664479865
127247,0.02504879590633307
127249,0.05047930342727282
127259,0.2675240995657709
127299,0.09395679527441461
127304,0.029839616300771206
127308,0.25665267749144827
127309,0.0855597057435341
127313,0.06829952476030506
127316,0.028733522212459155
127317,0.03226814264018632
127318,0.017035756416716993
127333,0.020334890880301992
127334,0.01722708935401185
127336,0.014273218233577432
127346,0.0839428791313961
127370,0.023646959039906774
127375,0.14772731427707625
127390,0.07162195457874405
127392,0.08968673092986232
127398,0.06002340263000695
127400,0.0328215746368746
127402,0.07921571814941036
127407,0.07795849633640398
127412,0.013321495779408343
127413,0.04323105609745847
127415,0.02179219395651595
127418,0.2722866669939727
127425,0.1296606921579907
127432,0.03360043775544199
127436,0.014090815105360076
127448,0.03190920216722447
127449,0.13952497444322956
127463,0.07985159097824013
127464,0.12033137079589912
127468,0.03414245894389375
127481,0.023372016382319977
127492,0.20530976290763941
127495,0.02072838993917842
127496,0.0477842450984903
127501,0.09902036163546621
127508,0.04494803486550969
127531,0.025411178644040952
127554,0.04797116372704274
127562,0.02377116228271435
127565,0.012986930278206188
127567,0.035964071604611125
127582,0.04725670642369809
127593,0.05939033169931361
127595,0.03294875794377695
127614,0.03623537881658852
127627,0.05623190172409767
127630,0.04458258113726705
127638,0.10736688168222033
127639,0.037975282688971816
127641,0.049109358035153504
127643,0.06410388076553426
127665,0.05754996557135489
127674,0.017598622358146476
127676,0.08944016992112984
127693,0.09662609336513159
127701,0.02465744816874548
127702,0.05904139311935571
127709,0.10454935686565296
127720,0.04532492899044807
127733,0.034429544897534366
127739,0.07045047584807057
127753,0.028454014906576938
127756,0.027940210071184808
127757,0.13420471984217217
127777,0.1402308504730298
127810,0.1771243702564005
127811,0.08012615075479029
127821,0.09513576509432023
127835,0.032764056637523235
127839,0.031613202626424586
127870,0.1479716608634967
127878,0.13578657967674623
127887,0.14211074684743827
127918,0.14745434920721007
127919,0.11659216034977103
127920,0.035101949323997565
127932,0.03097821720754073
127933,0.12957011330909776
127953,0.06134365974777209
127955,0.04834978398441768
127957,0.016565650302450913
127961,0.07170093679814245
127967,0.2657083548170611
127970,0.08365086316107902
127975,0.06453801051277507
127985,0.02075730079523143
127991,0.0190393639261036
127997,0.033163315177800974
127999,0.016908588516905698
128004,0.01912817373749876
128005,0.0683047552454526
128015,0.12129179449393875
128018,0.04171058747022437
128044,0.08569948699758674
128046,0.04416488478080442
128047,0.09197021105539806
128048,0.18036450349973468
128054,0.05890629947920688
128066,0.07468486797233073
128070,0.013538458427191287
128071,0.08607578802329835
128094,0.08443707011914207
128095,0.03905945352216236
128099,0.10495703821540561
128116,0.008865141941798653
128130,0.06300460348433673
128132,0.059269301151941074
128133,0.3974997687574788
128140,0.02659440926118127
128154,0.08179340050816328
128156,0.1485696136998534
128160,0.018821791882853725
128165,0.20620285538963945
128166,0.01632323314130736
128169,0.027257918911059477
128171,0.04291670875652477
128177,0.05037330529651868
128178,0.02414873007570109
128182,0.009720631868740106
128191,0.0642459661915905
128199,0.1980394906539706
128213,0.06301003766510725
128214,0.025404191126061605
128216,0.031212967853204442
128217,0.12093042631506011
128226,0.0683445074170318
128229,0.08278547561411287
128232,0.058334154669622405
128246,0.02374865415137002
128273,0.101825408076641
128274,0.040031489430162964
128283,0.04338046100584836
128284,0.06776421337842711
128294,0.11856004293733413
128295,0.08213922133164614
128297,0.07819619679292772
128300,0.021795912019935314
128314,0.025885951866194287
128317,0.03207852047651979
128339,0.03172405460315763
128340,0.01264943376673396
128342,0.06557665627593333
128343,0.03641362274282648
128364,0.08138919815516109
128368,0.25593628958651415
128377,0.034231460645080924
128380,0.016267258647694443
128383,0.042397494168174926
128407,0.01817640722300668
128409,0.01664145099235606
128423,0.027312306544408135
128428,0.01845034174219422
128433,0.06140301174190787
128438,0.09353591745770597
128439,0.06680440025249688
128446,0.03204982671672799
128447,0.029561506130678275
128450,0.18934002950039092
128455,0.14705923614785563
128457,0.0881774733350423
128464,0.04333303223820943
128465,0.05473489173805301
128471,0.04794001077455373
128474,0.07452914548702491
128483,0.04978009718065439
128514,0.05892951121722718
128516,0.029038125747036576
128519,0.06456403581544762
128528,0.03303113583146108
128529,0.15865384459216478
128536,0.06428891810730622
128541,0.018338597457933235
128542,0.054303611839857394
128545,0.011645486346223336
128557,0.01592070252605605
128560,0.0779868276652517
128568,0.06745990887220722
128571,0.0385352308076149
128578,0.019834788878402565
128582,0.10761210771896745
128588,0.1628088598035669
128597,0.10327848763148434
128610,0.07512712985012368
128619,0.20914214350605642
128630,0.05786513578802331
128680,0.05628418984383647
128684,0.06284127691514935
128687,0.023057376459261467
128699,0.2031125596919916
128702,0.05122358720371489
128704,0.05357404679559416
128710,0.16877746068439198
128720,0.07501808096374822
128724,0.05026097125191126
128727,0.11307149112499754
128744,0.05455533147386295
128745,0.03133150361030802
128760,0.06634588786855838
128766,0.37469823580927947
128770,0.030543694244958633
128782,0.27030062013134176
128822,0.01578632324548558
128830,0.09548972595613957
128836,0.11540291720952477
128845,0.03160810419420716
128858,0.01980725690722981
128859,0.03394260498356059
128860,0.04208357460587183
128874,0.13080210922175023
128880,0.11993982989918534
128882,0.15352415923946283
128883,0.08933985131463949
128884,0.012810460772978543
128892,0.088143990899344
128905,0.10743596739143321
128910,0.09045689526987971
128912,0.056155577967198736
128915,0.021006105029895854
128917,0.08094399323899476
128937,0.02103880215916199
128942,0.07455518137994024
128945,0.018038687977296092
128957,0.04002834933865138
128962,0.04840934614872969
128970,0.0191140375264331
128985,0.06656155718177649
128986,0.031859635705249266
128992,0.013003702405117376
128994,0.04946600203368083
129003,0.05405443309854284
129005,0.09844103321057893
129010,0.015000152051837653
129024,0.09619509100452203
129038,0.027683580041087386
129042,0.04631560404401927
129049,0.01926758315628144
129062,0.16675613386064608
129067,0.0838970798479674
129070,0.028977050354759174
129073,0.012349804368056272
129074,0.07805591920600838
129088,0.026971583124202926
129090,0.08112679178466002
129101,0.2412951914064517
129102,0.07499303852207614
129106,0.25327087102316687
129108,0.1324088398269694
129120,0.09421324896851739
129122,0.024986790384256198
129123,0.3414827721581551
129135,0.09033202797180606
129141,0.10393532138934367
129152,0.058805720024019514
129160,0.07458626296115901
129168,0.0739325268832815
129174,0.06172222861865255
129178,0.04129106727686947
129183,0.11153649796295312
129187,0.018486349647911245
129197,0.05038212876630081
129200,0.04771799836401711
129205,0.10379994763113637
129222,0.09082474248318184
129230,0.01911102311818229
129235,0.009918531023203146
129251,0.02627987460033491
129274,0.029063043761159806
129282,0.027894919856220432
129284,0.1646088665297209
129298,0.045164105587911105
129299,0.08288642284913059
129311,0.06322989159080596
129312,0.02640297336276172
129313,0.020547710341767427
129314,0.04007684436088428
129321,0.10761327785826616
129329,0.05017979348109414
129330,0.14769320024444735
129332,0.03200007585730341
129338,0.050141727524863414
129345,0.0171361264678265
129349,0.06393688641412269
129353,0.022560657736400896
129357,0.0212012764053382
129358,0.14530078482006395
129365,0.06820664663120876
129376,0.046619827674845626
129380,0.027534139340247225
129382,0.08881650239554624
129402,0.08370267975205561
129403,0.016415860026915648
129412,0.043845842820505875
129441,0.2980340382015599
129442,0.05871378330329696
129448,0.08771658405746133
129466,0.029501243668485395
129475,0.04955825557272936
129483,0.03631668211282137
129484,0.021421305301833476
129499,0.048567557708167015
129501,0.05937055447679557
129508,0.018083613986329187
129510,0.15625193370018342
129526,0.10635971183754153
129527,0.3106996635256381
129533,0.031169950240619027
129535,0.20512371268073484
129536,0.2282774416204088
129545,0.05849395808415769
129553,0.06945259881170034
129557,0.13259722097620763
129560,0.035399275428254856
129576,0.040358933563176616
129580,0.08160339659966068
129585,0.10428092739483089
129587,0.028825056942804295
129597,0.06331516609115717
129611,0.029254675144706026
129619,0.05636009842544896
129622,0.09154528162752368
129631,0.05973584108093615
129632,0.028569316065730543
129640,0.030183855986569082
129647,0.03643263789427217
129658,0.01770317200582062
129676,0.01610442756606262
129683,0.029622654889495934
129685,0.02413068452697028
129701,0.20563762487619208
129706,0.27573556392567966
129707,0.017158606321208338
129720,0.023833466457751785
129727,0.11611638860545657
129728,0.020768928988512726
129768,0.04048146171836534
129775,0.0327955922720215
129790,0.012412433503090983
129804,0.05123844580062036
129805,0.08463651887098475
129813,0.010724812803105931
129816,0.03722808737458585
129823,0.09009888584886737
129826,0.4308522122548545
129831,0.01559829149018092
129833,0.007411921691908731
129851,0.04338357251216868
129857,0.22616257635788675
129860,0.028598615011604087
129914,0.036161320238268777
129926,0.052066102991088395
129933,0.0614527324442374
129939,0.04314909556440855
129949,0.024537671781477775
129959,0.09542238769955576
129962,0.22373368731094503
129963,0.09286398593558388
129964,0.04082995480170369
129977,0.0127034683722239
129985,0.03180748743340245
129987,0.0227672761189159
129992,0.04532319453862699
130002,0.19126799197546568
130016,0.062468354714455915
130045,0.057193143504759875
130048,0.062106933205695436
130051,0.05203797314406482
130053,0.07387775667115595
130056,0.017441036592470444
130061,0.029231816019714755
130062,0.09201827184030084
130065,0.14688848881276798
130066,0.06224168214421125
130070,0.15577509737773093
130079,0.08076670076601832
130080,0.1377347482350561
130098,0.041239621645928745
130109,0.09609961494951799
130110,0.08458425513106624
130116,0.01847907760715968
130125,0.37011424685288724
130134,0.18546360079440521
130137,0.061416002705644235
130138,0.06941131844283419
130146,0.038698988789146016
130148,0.06124819195738103
130154,0.01323904485433803
130156,0.04323949914417731
130158,0.10384872893703029
130159,0.03631363939404073
130177,0.019282856218954016
130186,0.186723348096063
130204,0.16616203397458043
130205,0.11302961726198671
130206,0.04625660915396618
130211,0.026422803470378335
130217,0.05097741643068139
130218,0.026800552872255592
130235,0.06857980713275938
130236,0.2963344940598268
130239,0.01336967604358758
130256,0.08762797018035055
130260,0.01687177176763433
130261,0.15636149395580337
130262,0.014901137981776657
130263,0.08775890429154948
130264,0.01061365867867458
130266,0.13729367748916005
130277,0.13607228470516333
130278,0.030500588411738444
130281,0.14735941346255813
130297,0.05482251025923576
130302,0.0774733748526876
130320,0.051099593800518345
130325,0.1750121985801384
130329,0.01814743295509325
130338,0.17554683869357862
130339,0.039748533169637806
130340,0.16177745056027346
130344,0.05682089499011128
130347,0.033165638938169886
130353,0.0554230032225705
130358,0.022525886093200883
130366,0.0320821924175403
130371,0.05553890356896802
130374,0.05970412692407456
130389,0.029149997127330067
130390,0.07912694622798903
130404,0.03671497938836649
130426,0.04600558511677439
130440,0.04223530007715295
130449,0.32739911681089917
130451,0.01785477571225733
130452,0.124234473199254
130453,0.07247208766595399
130463,0.030021479077028453
130466,0.015916110200943426
130467,0.03740561619647546
130475,0.04245253745226006
130489,0.11936253457249998
130490,0.0202179556543201
130495,0.0604282246082975
130497,0.03578255115077115
130499,0.004689383685455494
130504,0.09653914555216048
130513,0.05142147329302511
130528,0.038423736199717
130533,0.16989255484977384
130543,0.04647650217821065
130567,0.105675013887463
130571,0.03693175714349319
130572,0.08642941921346287
130589,0.062272899915195204
130592,0.13973559427353446
130603,0.0964854474560547
130623,0.03438887067290807
130641,0.06858924616882853
130687,0.057106956376132785
130690,0.05849432324947037
130698,0.04009617900052367
130707,0.13418279779161396
130709,0.21632622998047735
130718,0.12323783092336882
130722,0.08300844188901431
130732,0.03284267334976598
130735,0.05321327806791362
130757,0.05604721041876979
130760,0.02354741602835997
130771,0.05024671298526594
130772,0.019204155271319467
130774,0.07585168877151975
130779,0.07032213212938429
130795,0.05985342761659242
130828,0.07185661511871091
130833,0.013404006704542223
130843,0.01036040554078496
130855,0.10268358531416111
130871,0.01728919265877939
130878,0.0669727978760908
130885,0.07356541367557198
130889,0.13379843132678007
130894,0.10740243447214909
130896,0.11329407849226794
130905,0.050403528268562724
130906,0.049194144598669484
130930,0.020459878987591655
130931,0.11909191911816064
130943,0.07519563239092905
130946,0.009768376647606616
130947,0.12047521288529878
130950,0.014684329964244607
130954,0.027256736017322793
130966,0.014196302709272468
130983,0.0839311287937988
131003,0.011927228400954597
131005,0.023182923192971917
131009,0.07368618645645414
131013,0.06257262538260915
131027,0.02905382783592908
131030,0.2422075819030366
131031,0.012212193970412996
131033,0.01738169453418992
131039,0.03323003418534581
131045,0.11681206843567588
131057,0.045910660432822666
131072,0.01850626712947619
131084,0.11255194353629958
131088,0.034745764442918915
131089,0.02173534465299687
131091,0.04937537207184339
131093,0.05516519811374705
131114,0.2545992111854783
131118,0.0170125487236151
131123,0.07417119911062765
131130,0.06162637961625361
131144,0.02127439862816018
131162,0.09646820260693625
131163,0.01105032749987618
131166,0.12620427454485164
131179,0.15517155913779299
131181,0.03644943251478639
131183,0.3935864401119987
131219,0.04475584998442429
131227,0.03431387940743023
131231,0.03856589914041983
131235,0.1277225480295463
131242,0.08092506514057521
131251,0.04321928592338269
131257,0.06770801632582081
131263,0.05927966824793385
131268,0.12004300551172362
131271,0.026175659404243108
131275,0.028450444201934034
131286,0.08152412299646661
131290,0.08700723414038193
131300,0.023356465204929098
131306,0.05236477196659336
131316,0.09508985661614651
131321,0.18461217942593872
131322,0.02582157214221791
131326,0.0050360465671434405
131333,0.12920398898835272
131335,0.14155042278588537
131352,0.022662150326516715
131354,0.010955569347439888
131366,0.08596363609762098
131373,0.07002311219989463
131388,0.05688555710876296
131394,0.027817044020543014
131404,0.13589397728744973
131405,0.08897794883685872
131411,0.021786761361066533
131416,0.11994995800635759
131421,0.045912422782694334
131424,0.03828949304783132
131426,0.18810172730544067
131443,0.2321185034154538
131470,0.19805624555021395
131471,0.1111276705993681
131476,0.014557191176919334
131477,0.05284617998719011
131479,0.2667862393400867
131493,0.21832492281495613
131495,0.11420854333070846
131496,0.12618141896049467
131498,0.1749793807454302
131504,0.09792108898780155
131525,0.15243047411403454
131528,0.027089028960895895
131548,0.03710706894906788
131549,0.034060980904760146
131550,0.07410484669207795
131557,0.20707368689938355
131564,0.019030884818745767
131565,0.04710440502776723
131576,0.06274532432049242
131602,0.15879664437469543
131628,0.09981803012568559
131629,0.050807838523442825
131641,0.06443484795929234
131647,0.02404195219774793
131664,0.02382479392294816
131677,0.06459822246140151
131681,0.08001400788093228
131682,0.049807166772819815
131688,0.1837109385573818
131690,0.057136589229740006
131691,0.022187447134675596
131709,0.07779651459304725
131713,0.02358368688817146
131719,0.13570502041796914
131733,0.053844892459861834
131734,0.06581748787306174
131743,0.15204783252585982
131747,0.05008991956031232
131748,0.09027416698919734
131758,0.01319151012510416
131759,0.1906176944252465
131764,0.039315650110417266
131771,0.012760429313788211
131788,0.03294421860119526
131791,0.1737189151438487
131798,0.06087347620739227
131810,0.12773481629448424
131812,0.02028244891214886
131815,0.09680747352270153
131823,0.04853356947628614
131824,0.013172245493086803
131828,0.062325478683409805
131844,0.04614485542719514
131846,0.03772937210870851
131848,0.025898210982153648
131863,0.019876399256901628
131864,0.03033675947025593
131889,0.02429299359260729
131890,0.15640997048707356
131892,0.13744118899642666
131895,0.04264366826814345
131896,0.08965800629700153
131897,0.020966060731169873
131905,0.05196482764845316
131906,0.06231492500169349
131907,0.15628228514943682
131914,0.02424415237684964
131921,0.022149179371126454
131922,0.042416743979339616
131925,0.026414629255832687
131936,0.03366932194726188
131941,0.09687217166450633
131950,0.030016239744805696
131952,0.07510184177044049
131959,0.38305415404260923
131983,0.0247101438747793
131987,0.0505068258622518
131994,0.0338776119725998
132004,0.09839311483627912
132009,0.04754686072418968
132012,0.05146026126295852
132013,0.03625150150727867
132014,0.3062329684939736
132028,0.41883822553401523
132054,0.08550671479822256
132061,0.03994999903087311
132062,0.09091863376867892
132078,0.18203686075363584
132082,0.01219736672368111
132086,0.040343728076607244
132089,0.10782269396868482
132095,0.07871866541867537
132109,0.06941213470032188
132110,0.10832516475867827
132121,0.0067713623993666434
132125,0.022908908391038485
132127,0.1620554619620499
132128,0.01263544640717196
132134,0.03853309115637138
132139,0.031312640937749145
132141,0.014044949902123526
132149,0.1993512102596577
132150,0.04601884800274125
132152,0.027950362983154863
132153,0.11752416470189851
132164,0.017338891979353135
132179,0.3266024367895626
132182,0.055661299295921694
132189,0.023172722638289428
132193,0.037069526366917994
132194,0.023008877567913373
132195,0.057494788036652304
132208,0.4360911799760947
132211,0.09087210541510565
132212,0.08763688731372984
132216,0.024216399136817793
132219,0.017379631239343343
132223,0.0601899706054409
132238,0.05912714208759533
132242,0.01706886104494551
132268,0.03263639648499391
132275,0.03321669838374426
132276,0.09868829706012887
132279,0.022578207570083282
132289,0.30160244670317626
132290,0.011406342576786486
132300,0.21230642260885194
132319,0.07506318153555423
132340,0.006664640841726008
132344,0.07973270330712567
132345,0.01558226546520986
132346,0.13334289633450377
132352,0.10107192455222458
132353,0.03490820672552514
132358,0.3335178595787815
132381,0.09586516031320819
132382,0.028589090001189282
132383,0.06283524254435786
132410,0.03839724332682303
132419,0.018080728584421935
132423,0.08606109843587431
132432,0.09039828668365045
132434,0.020540109573911627
132440,0.06822216014150197
132441,0.04595702517933355
132452,0.01979768005185084
132453,0.017417548686274945
132456,0.08585566622270274
132459,0.03172775162999564
132462,0.026860851223788385
132463,0.03189871642452062
132468,0.2415239221890917
132485,0.28110834855593614
132490,0.02065896290215878
132500,0.06016728802219817
132521,0.09690229033778751
132555,0.05684970313197053
132560,0.01295668144408272
132562,0.04348177081384032
132575,0.043913396040425004
132587,0.04399228968868469
132591,0.059405543684403816
132611,0.04448039773697201
132615,0.0287292500044092
132617,0.1483072314709875
132622,0.3106549629382847
132629,0.016057642536392077
132638,0.03652365588470051
132642,0.032663643559696254
132658,0.04642947096239856
132664,0.08085361912821076
132668,0.017155904832349536
132676,0.13355364315042373
132704,0.08576039819860139
132707,0.14848464807403683
132719,0.053312119530942594
132723,0.4734471168839973
132724,0.07758807572695627
132732,0.031177585992311057
132754,0.04569385568741986
132756,0.046178656615146564
132766,0.060262780405456254
132767,0.04453202675103296
132775,0.05898939242517499
132776,0.16933796552105776
132785,0.1168931646003506
132787,0.055245187318119615
132793,0.06185246110354156
132807,0.018365272398465703
132811,0.008330559666094736
132818,0.030287567138235685
132834,0.036411507225405516
132846,0.012591603692684753
132861,0.018402046508678403
132870,0.10732215390690181
132882,0.012678898774564643
132884,0.018588493878833504
132885,0.22417276241528183
132888,0.059823783593881824
132898,0.06383011097897826
132912,0.021841267815623948
132916,0.16776418909347895
132917,0.04831226094860736
132932,0.14231799768304934
132940,0.026431312964504097
132943,0.021821554295448953
132962,0.05113901162636669
132965,0.09961014770466926
132969,0.009691706185692662
132974,0.08616964708203075
132977,0.053034421724762325
132978,0.033344394767148275
132982,0.030981784494136865
132983,0.009589242935752001
132996,0.01762751149377267
133006,0.014940851435638332
133007,0.019577766207246584
133025,0.0753184899569547
133027,0.04620400957738172
133033,0.031084449815851754
133038,0.054462551103796164
133040,0.018901680196316942
133041,0.016530516527624602
133044,0.05803368865143707
133053,0.016079127234786494
133063,0.07519492837026989
133065,0.01502143089715553
133083,0.06644016698253889
133084,0.024251786887462545
133091,0.07153186266156655
133092,0.025684483057752366
133107,0.08473513502103006
133111,0.052019414897744296
133122,0.01611541022186119
133132,0.035114666408989074
133140,0.11824168692507575
133147,0.028343208874700085
133150,0.009382424580067179
133168,0.035538744003488235
133170,0.020930412986121735
133184,0.042133233160061796
133228,0.01647541657817682
133229,0.06335024159133311
133230,0.017309648762964404
133232,0.10325520429805311
133242,0.08671031355396752
133246,0.09501622077382162
133247,0.02652814073333643
133253,0.0530623592653124
133268,0.12846788084150734
133271,0.14046481846396522
133272,0.030276059754973182
133296,0.19000837944379728
133299,0.08176760492399769
133302,0.1106781643931342
133315,0.0731516612231783
133330,0.03486790884978771
133331,0.04382429626955889
133332,0.018948294828355878
133333,0.02929335592903856
133334,0.3962765833809858
133361,0.35527423777386147
133363,0.0601649268544862
133404,0.004705917764411826
133412,0.4755676659827952
133418,0.05018150985857402
133422,0.16076505207815364
133426,0.11174293670664852
133450,0.02881834649290563
133465,0.08469823677879602
133468,0.05542015379371331
133469,0.027461624681760756
133474,0.027312036539927254
133479,0.04863147271424312
133490,0.14562153900674177
133492,0.01682727325266605
133495,0.057460222672582446
133496,0.03467220057335843
133501,0.19010550762452472
133502,0.11680019368884151
133511,0.0455211856933687
133515,0.06578195985274268
133528,0.12879226551749612
133539,0.0363739727443677
133551,0.023786466805076813
133564,0.05045788729099547
133569,0.033857416472208655
133570,0.0535027758366837
133578,0.03783634119399276
133586,0.015130840094753503
133587,0.1691311616295747
133597,0.06667745460111887
133608,0.01543923573464205
133624,0.062319823357993784
133626,0.11245381069700523
133645,0.06353589471986303
133655,0.02212854175471548
133658,0.061185565575752825
133659,0.028128782131476196
133660,0.040161158099123545
133664,0.019180884595640376
133684,0.19655902666059882
133685,0.026087974004036587
133688,0.11084587632796325
133706,0.03952557853945164
133713,0.06599538060378925
133723,0.016390036272870202
133730,0.047102953399414234
133733,0.01765039346848184
133760,0.05545148775891312
133762,0.09097306111090898
133777,0.014625202935071297
133793,0.012904117935459578
133816,0.05699816909521853
133818,0.0446090127568423
133824,0.0674387755494613
133841,0.10754597998698709
133850,0.03460590010850725
133877,0.11956577510699849
133880,0.11586650878514562
133887,0.029240722842911133
133889,0.25334507404457074
133896,0.11129108711017331
133916,0.18066379512057534
133920,0.020210441718657823
133936,0.0401586039363833
133939,0.033073537440691005
133940,0.017797187736530825
133942,0.061761926787736496
133956,0.20240772078379446
133957,0.046980126162897456
133965,0.08965029489384724
133972,0.09982919416418445
133973,0.0274625344836135
134008,0.04087810429187941
134016,0.3970961041647753
134039,0.04869821960418767
134040,0.02915117714327462
134045,0.04659310143049103
134050,0.22315966848992544
134056,0.17979331638308335
134082,0.2480226992756923
134085,0.2376026120426828
134089,0.04393338346150512
134102,0.10648829209346179
134118,0.014920672458934248
134131,0.017916381749978685
134135,0.0756320783391253
134137,0.03931428448937798
134150,0.05922311329364021
134159,0.04966078974714966
134183,0.027050387612230494
134186,0.12256881667495698
134211,0.04453999329803919
134216,0.02102488627463452
134217,0.03756822117077354
134218,0.019757160375311188
134230,0.04390135105648023
134233,0.09602440206857488
134234,0.013211946360373351
134236,0.17138891333750392
134241,0.027136335685988652
134242,0.02923347585677743
134273,0.03443695509619824
134277,0.016212804371458278
134287,0.05826307298550429
134293,0.027525563619893514
134302,0.01916585512429014
134306,0.1488897502226008
134307,0.032790066236438264
134325,0.04419797342783917
134330,0.2467574752322928
134334,0.09414255279176845
134338,0.09664215741810173
134339,0.022044063167717606
134348,0.033086433660260185
134355,0.013011393731643034
134369,0.2598234926706734
134387,0.06987501074267284
134399,0.15218435640582284
134400,0.017814012099522384
134405,0.031132565808272027
134407,0.014732035233482849
134433,0.040243972016972704
134448,0.009152847205417201
134460,0.036712483953968984
134463,0.11677745988127156
134467,0.05036731732510223
134485,0.025808096134399668
134486,0.2286264218110352
134490,0.2823419731863396
134494,0.17546439218701254
134501,0.22719678924013392
134508,0.03877551656085297
134512,0.10449885746029752
134514,0.013695466150308071
134519,0.02018124426113666
134528,0.04187257410259303
134536,0.07579777063171855
134540,0.06461611318073465
134546,0.011211012421417085
134549,0.09871625137114498
134558,0.07540971338173938
134560,0.2657462678798488
134588,0.07096515751524135
134590,0.05157471157123249
134591,0.10583794282140091
134594,0.02059402128303986
134622,0.018455970199952647
134626,0.01670500322173916
134639,0.029668581464232617
134649,0.06931401362351398
134654,0.042591182888410406
134658,0.019726010150197506
134683,0.040432826921039215
134688,0.2292717183571777
134689,0.3704841466756319
134697,0.04267776730001589
134698,0.14455404524855917
134718,0.04915405355294011
134742,0.03669372434872871
134751,0.10128504936635084
134760,0.03786080915108096
134763,0.015331491953763998
134764,0.09493874584506537
134765,0.03370624438109976
134773,0.01863937898227766
134790,0.01798700666650447
134794,0.029206675686692184
134802,0.03134411689187374
134805,0.00973884352648952
134807,0.036258212567541144
134812,0.05692213060542083
134813,0.02421696886259536
134823,0.057934169990220975
134824,0.11944195968562342
134838,0.12348497763031274
134841,0.018723968585260303
134857,0.03207490466103071
134862,0.24731151978697097
134865,0.04319463071960333
134880,0.16697773728957788
134883,0.11603985304072911
134884,0.18307860818338123
134916,0.018913929463066508
134918,0.04238269651827579
134919,0.10569749280228527
134921,0.008298761167759102
134928,0.08524874676531806
134943,0.05423007936972285
134950,0.046522952660775364
134968,0.024858858612644717
134971,0.17591318163415928
134972,0.018530562830691745
135011,0.06278236649570716
135013,0.3376968276613186
135016,0.017109209010007346
135031,0.12831597984847962
135036,0.025605799477133057
135041,0.028194750750213
135052,0.028464999471105246
135053,0.07989586713618176
135054,0.11690300294504644
135060,0.031500914669027956
135072,0.04653098805390361
135078,0.03315740632353281
135079,0.04257249351566901
135090,0.10043385368786806
135113,0.03551925106138165
135123,0.050609723542108555
135128,0.0776558578622802
135136,0.1389856689108819
135152,0.015556872602916213
135163,0.03412353185706453
135166,0.024682382006339057
135186,0.07340864637139409
135188,0.06369452181274134
135194,0.022205477236097088
135214,0.02821314693423705
135220,0.03143337819592986
135235,0.01813202115346713
135236,0.025108869010193276
135241,0.06014806641406299
135243,0.0730190874545843
135253,0.03330324857758431
135258,0.09074509588376853
135264,0.02748820395563216
135271,0.021490739622863252
135274,0.08934556916200516
135275,0.04995143541033133
135288,0.0606790626129361
135290,0.03964253296059942
135299,0.08435354880655357
135304,0.1228004846393404
135309,0.02998519985651032
135345,0.2420315881425354
135359,0.08015734160334723
135360,0.14351270292491097
135361,0.05460823978352461
135363,0.12104041696418287
135365,0.048004423946845065
135369,0.18555516022778312
135380,0.011957756038278193
135387,0.06950881994513802
135389,0.06892975380743294
135390,0.18465693296536984
135393,0.028131664252153885
135401,0.060051282509671025
135409,0.25999624913713854
135410,0.029673318166957834
135412,0.0187729217402661
135430,0.0345366240635098
135434,0.023704093281907944
135435,0.04302368952861291
135445,0.2611243988561118
135449,0.26317261661634256
135460,0.13174793339598076
135461,0.04188482552655872
135491,0.04640017619985579
135500,0.08174775683815934
135504,0.030806144023193704
135506,0.12031405345116554
135521,0.09646926193180444
135523,0.39850614906269
135527,0.05566593570762031
135528,0.07785815180527475
135530,0.4207489285091497
135540,0.050305125364615254
135541,0.5282258013450711
135562,0.13805629970338498
135578,0.025329737440998118
135584,0.11604881313434907
135589,0.22042746498635807
135590,0.02793184394053417
135591,0.12379757063525015
135596,0.04082766647818674
135607,0.008920338608702984
135622,0.015481386817385978
135626,0.1541559399462556
135635,0.053519550233510516
135636,0.06950893187623476
135650,0.025009127102389853
135656,0.02516488109911133
135657,0.3780673097333332
135672,0.4710550554102154
135673,0.0189508131905562
135678,0.10545552680180986
135679,0.0063340686560144025
135684,0.1040684501860275
135701,0.013989599078254665
135704,0.07108780489750947
135713,0.07557744692312433
135716,0.08368248042473855
135718,0.01069645669196738
135723,0.08317618632130523
135737,0.047370400400853135
135738,0.011796540528427631
135745,0.02352858241513913
135746,0.14531368400091083
135752,0.04819597613766447
135755,0.054834454072109004
135756,0.026343631228961675
135765,0.013890900094365877
135778,0.029280108330533183
135779,0.03968855922451776
135788,0.010290302457754977
135803,0.0739022932491337
135804,0.06525335504694141
135809,0.012702202297642066
135811,0.217321503034673
135812,0.05406396431042078
135823,0.13141222033789524
135834,0.05824314088455626
135838,0.01744160554838451
135843,0.0516913135240893
135847,0.03039706938540892
135857,0.39691539795760566
135865,0.017790965562382657
135872,0.08413091861168143
135885,0.10163645126156626
135888,0.018175025097693018
135899,0.04299508398407845
135910,0.06791840761442527
135930,0.09328904443631644
135941,0.3055174720393916
135943,0.12423234465847767
135949,0.1252415873425552
135950,0.05424857975911705
135951,0.0918587276278994
135954,0.08486292367176684
135966,0.251398377633506
135967,0.040982241281012605
135971,0.054225174647578554
135974,0.08229002677225151
135975,0.08272644249553492
135985,0.01578353634811129
136004,0.04254164971004408
136009,0.0412828851730406
136033,0.12296188166313324
136041,0.08585025573469833
136051,0.014622111502868181
136057,0.06525008178632592
136070,0.1328266335559376
136099,0.011507655894917417
136103,0.015847235564373306
136114,0.09233633404225217
136116,0.05856758272375262
136140,0.04097419146669604
136160,0.010886156403537782
136185,0.07344270437641666
136201,0.044540136164390315
136211,0.10016628506138561
136213,0.15514502819092527
136224,0.11971006902375991
136234,0.031159106669666484
136244,0.03549324601858096
136255,0.02401154200628744
136257,0.04527739073880427
136260,0.023413595453945717
136261,0.0781908420915688
136263,0.048569781629193724
136267,0.03988542219927902
136277,0.06933106656539567
136289,0.02938396578870545
136293,0.06811991689863638
136296,0.023610321804655332
136302,0.08393852877278568
136312,0.045387583304657905
136317,0.11942102688916054
136337,0.11096044713379818
136355,0.0185968624081085
136356,0.4602783744378015
136383,0.03636233815246952
136390,0.04562220116884093
136406,0.02060166798349629
136416,0.01890087144339679
136417,0.011129783629997201
136429,0.19973635430109746
136440,0.05450330780960368
136445,0.16955730380078296
136449,0.012904407532815286
136454,0.09286712727004232
136457,0.007785520221202296
136467,0.17142720403773937
136474,0.11443003892362862
136503,0.07100064847022287
136505,0.1818526778968284
136558,0.02075544771222339
136578,0.16450873368032928
136579,0.041326625174794185
136582,0.08291443474982857
136583,0.01956799306571537
136588,0.033701206885744205
136593,0.024057064104711465
136605,0.18130781931536558
136617,0.0817752451875554
136620,0.04133495181464776
136625,0.028977835211568045
136640,0.03350703094424559
136643,0.14770048504878808
136653,0.14286457896581892
136654,0.16570707032796925
136660,0.016302475959996215
136661,0.01142941661100971
136663,0.06091596803800149
136683,0.35811157681267997
136711,0.09830433286011889
136726,0.2199538993839328
136730,0.10124210458835933
136739,0.18854712449412878
136740,0.1893344004521366
136745,0.013501878460599465
136751,0.06166536523407421
136754,0.035318686548036465
136758,0.08395352463623766
136762,0.1211486622353709
136763,0.01939823040640047
136778,0.010169474485982152
136782,0.03329816397631321
136798,0.0868858336788362
136808,0.23093801674474243
136811,0.043516897299991746
136829,0.042507978830785886
136832,0.021065402880507168
136838,0.04667589710248907
136846,0.06025656556171538
136848,0.07067630549169944
136852,0.04259631115677624
136854,0.05289516750504554
136856,0.02756827820275434
136862,0.37715762217020005
136863,0.05834341119804259
136885,0.02644133235714736
136887,0.09228761101797696
136902,0.1161081864047953
136918,0.025972228986488072
136922,0.03985634672037919
136923,0.009946826744500996
136929,0.29097668726564174
136940,0.08299993492868084
136967,0.19185942874316608
136968,0.16300609339652902
136972,0.0543844075367232
136984,0.06854643189668563
136993,0.08444642197362237
136994,0.022463584202979704
136995,0.032748588224087105
136999,0.017657656552818417
137013,0.042874131709996155
137015,0.07693326978961364
137023,0.10010542110966629
137025,0.09543663666363797
137032,0.020444580454158503
137033,0.24365965162016584
137045,0.08019165858499513
137049,0.01667556271585383
137051,0.06941017429051274
137052,0.04615871407813
137101,0.1969702115916138
137119,0.1384224980367296
137142,0.0993550909547739
137149,0.07199536017891148
137166,0.012707613153807956
137167,0.022379277628445608
137192,0.02651292164292229
137193,0.2306344313661307
137194,0.05911858718808217
137204,0.12109247994036224
137214,0.014877530018024297
137222,0.10918060012516545
137223,0.07601390735390366
137234,0.028161585159553356
137254,0.011873904540591326
137269,0.02591591469853278
137284,0.040060671960628735
137285,0.20953173616432957
137286,0.3066491278142161
137287,0.06272017870393844
137300,0.09514992676901723
137305,0.05764178060344635
137313,0.05312822757125639
137344,0.2203377697356138
137346,0.1043221314082278
137354,0.18577775186919876
137356,0.1001159337173339
137357,0.1492224127194425
137364,0.1108596437269855
137368,0.005283425029695272
137380,0.05377147316921847
137383,0.0361723380570912
137395,0.036113034425078044
137432,0.01759290711856548
137433,0.09291788681596154
137435,0.051337193143125556
137444,0.027272155808753126
137453,0.026352347641106576
137454,0.03315424709003764
137455,0.1462928081668709
137456,0.031750146815834206
137457,0.13218085297906113
137465,0.04970046162022308
137476,0.04118770045815381
137515,0.03748428658930282
137544,0.12014296931580165
137549,0.02938114550032451
137560,0.12556596613369247
137577,0.29996980559423203
137590,0.023966630851871208
137591,0.03113311084618237
137592,0.10895411824017577
137595,0.03923869973692256
137614,0.05391709282970167
137624,0.05728607384006029
137640,0.006364482723534693
137651,0.12253423390625848
137657,0.016444176022545904
137658,0.170074274032976
137672,0.09375278838660407
137673,0.06557731607463341
137687,0.16110047487865511
137688,0.0794999632552814
137689,0.03926496101994455
137700,0.22216180072602448
137711,0.05418674170548835
137715,0.06710211540214187
137718,0.032614105431689765
137721,0.01954870727678826
137722,0.18520212918755077
137726,0.04308723314501052
137739,0.12102226552079515
137741,0.007277661096562216
137743,0.06831107445719825
137747,0.042066708382606406
137761,0.014749289162420845
137796,0.013820871818740385
137807,0.048185521188210165
137809,0.06755425830573138
137824,0.03196826577958103
137827,0.10523855559735373
137846,0.1542222709041504
137862,0.014903208798450526
137865,0.026453771497969306
137868,0.07511866845258544
137875,0.013700581797283983
137878,0.032245329903542015
137883,0.05907140530896992
137888,0.06822180701159536
137913,0.0691946493242829
137915,0.012362586584655909
137934,0.07738686102164205
137936,0.14720316648405343
137937,0.09699064966245335
137942,0.16356589491910645
137944,0.18052543044411512
137947,0.012470771947997214
137960,0.07588000049764544
137977,0.12632388558770327
138006,0.063610589531572
138007,0.031985042901338384
138008,0.03214302767850507
138019,0.1482027454534811
138021,0.016787610685187266
138022,0.08427138264067871
138025,0.19382893362719603
138044,0.025101049168602476
138046,0.040177528697788595
138050,0.05370371677039415
138068,0.06312609984145065
138084,0.030578432173360703
138085,0.030339821287856908
138086,0.018765635528984446
138087,0.01507009804972595
138089,0.07498074827672643
138100,0.03656141702455028
138105,0.02321406058468404
138107,0.04412952304990962
138127,0.033541947171767464
138128,0.049765361349364975
138129,0.03519378157608292
138131,0.012043057811469826
138132,0.012180072918692782
138150,0.02287247005683434
138156,0.02483883831680709
138169,0.10024272010781358
138174,0.06670089450231124
138177,0.04398144358576405
138187,0.05858088565220557
138189,0.0333932392896941
138193,0.0876663563257867
138203,0.02980379709492255
138209,0.033890581149164316
138237,0.04262183844704643
138243,0.03522585452960687
138273,0.01913327053870071
138274,0.05062780438336797
138275,0.015618143793440394
138277,0.05161948210802127
138285,0.01628150689965343
138289,0.20195699129529146
138308,0.030204292378797345
138313,0.03858790035492749
138317,0.022848179440095227
138326,0.061397443416153615
138327,0.08857676850671384
138338,0.026535934177465074
138367,0.03319376545065497
138377,0.2003040243741998
138416,0.035591178997532134
138417,0.03516411701885786
138419,0.02528097851469852
138425,0.07223516914648129
138430,0.06031869789531269
138454,0.030959800883002667
138465,0.027169513169636148
138470,0.03026732616410535
138480,0.01667166017802189
138481,0.274272748512331
138486,0.05285877573803508
138492,0.037187422135805864
138496,0.0693748512850987
138519,0.09504218769768066
138520,0.05805765564107136
138522,0.08002492390145907
138545,0.01055390749169835
138556,0.09131492743641637
138560,0.011678045676660979
138564,0.04248474029201052
138573,0.04531930008266049
138581,0.2250055903354622
138585,0.06598302335267123
138591,0.05067583095206207
138598,0.033992410090524686
138600,0.018806637244709375
138602,0.040414425185215055
138613,0.09256864481988557
138639,0.024696319463513756
138651,0.023330074645532817
138652,0.10118493467558973
138661,0.2520327286068555
138674,0.020288583418128385
138678,0.4044861072398232
138679,0.01439708058031727
138686,0.029289335010760344
138695,0.06267627504684249
138711,0.028744976067535358
138728,0.14366624427314587
138731,0.02516269093847451
138744,0.08198256301490991
138752,0.29195283336289135
138754,0.12932684123156027
138756,0.12004400527408098
138770,0.02938916857036932
138771,0.19029850132850648
138807,0.007090950226287803
138818,0.030832432953034027
138819,0.1295628613642446
138820,0.06832909164052549
138831,0.027225254346336075
138843,0.016734930225102286
138871,0.09168534538358937
138873,0.03139488787102549
138876,0.06336108300187208
138880,0.1206575124879701
138881,0.05565437204514684
138882,0.02192228644824722
138890,0.05173215745928193
138892,0.010703970179033646
138893,0.08257528225578029
138917,0.023313746658030213
138921,0.02957912013126667
138922,0.31593777210817725
138924,0.025712900697710324
138926,0.021801380495027785
138932,0.1170881639249707
138946,0.06377528874202065
138959,0.08404443703545979
138961,0.01763339605080371
138964,0.013192619190543415
138968,0.17091258890267244
138969,0.1595442654516288
138980,0.1335190790229581
138992,0.08842418847224734
139002,0.14754194495121606
139010,0.12186732048160984
139011,0.029557217090949595
139017,0.19145099999638532
139030,0.046959704680732677
139032,0.06288547477703589
139034,0.1697011169728143
139039,0.07786551058839244
139049,0.17993511836737802
139053,0.021024031050726723
139058,0.07584927580427976
139062,0.10410971869858765
139067,0.24362956629262428
139069,0.31388910855231755
139070,0.4716344941615837
139075,0.0427218851201209
139082,0.04824384418226781
139092,0.12558960853009335
139098,0.06296973048535763
139108,0.11230950653688151
139127,0.1753183453678968
139130,0.0884194332688458
139145,0.025834217791243785
139164,0.06579471226757783
139174,0.04537312057454358
139175,0.15604076894871172
139178,0.01667758535037917
139180,0.023565138254133262
139181,0.3265169416227756
139186,0.030367374487731327
139189,0.060281860296084684
139190,0.01788080526040648
139191,0.013635518098330777
139198,0.03193082973124718
139201,0.05959777176375533
139204,0.0801217924076914
139208,0.005604941692365348
139211,0.03975311179846426
139215,0.053522741582258546
139225,0.1016832787881477
139226,0.018977245516628032
139231,0.04361149929192952
139246,0.24604289699464624
139252,0.059043773387677856
139256,0.022943684791444093
139258,0.017746828670800567
139268,0.04511758974592166
139272,0.023034500794226982
139283,0.03820322480857921
139286,0.027959617031913374
139289,0.06211398694605945
139290,0.268973174883998
139291,0.0537590334964226
139293,0.024417580168710096
139303,0.05558897160343987
139304,0.05591150705391712
139307,0.25275597653838416
139319,0.02217999604740862
139321,0.05799218951359373
139326,0.06769746652617745
139327,0.03440991598943363
139355,0.09934802724556041
139363,0.03109020882796266
139375,0.06434309688732608
139397,0.06797785320998581
139412,0.0688206935166974
139413,0.023548743206421294
139415,0.08227173476750164
139416,0.1071331848817516
139449,0.10646705701148479
139461,0.0314108846817599
139462,0.2759873943189762
139463,0.24407506628983977
139486,0.019471607037303086
139493,0.15351977626696306
139515,0.0912442635805923
139516,0.10848300927970506
139522,0.06314170141801423
139532,0.05554580584651306
139542,0.06485901741813811
139545,0.058615443114301474
139552,0.31919500903162834
139553,0.10886806715878462
139555,0.055400661579572394
139559,0.1959117322482118
139560,0.07442249848315924
139564,0.04710867693263844
139565,0.045372570715461594
139567,0.006635070332548367
139568,0.02811528863059998
139572,0.05373359427265363
139573,0.04349399500599216
139592,0.03471877793689801
139595,0.19201028270340736
139597,0.08095100446183788
139598,0.11678851631341042
139607,0.15668873199542377
139609,0.09451430900856539
139628,0.05836293212667874
139653,0.03646729880885734
139656,0.3861493523543822
139661,0.03671142579523513
139673,0.03475796377960271
139674,0.04458645687131092
139683,0.0064842352815289665
139714,0.09421090624577669
139724,0.02212492112525026
139737,0.301612051694719
139749,0.1211097166781191
139755,0.0054106956746146
139756,0.06610007851787272
139757,0.035142192292778325
139763,0.10069089044823384
139769,0.11731973630112645
139774,0.18346162081304074
139775,0.032280883173432945
139777,0.055019338353346395
139780,0.08265649837110428
139788,0.26319826066948965
139794,0.08344717661424308
139831,0.10713229677242501
139832,0.04134880752349509
139834,0.05462236142620395
139839,0.017945462826714068
139843,0.13939773122154264
139844,0.03146383080246922
139858,0.22496375337285276
139861,0.2905484844180914
139864,0.31852876075670566
139865,0.14071202014349543
139874,0.11417327763606573
139876,0.018106560608814597
139895,0.02695438579758337
139903,0.08401129756965148
139917,0.056347124527667394
139930,0.023788875269230104
139934,0.07333925902253909
139935,0.01754345812744227
139946,0.030980035461556074
139958,0.03686336568907346
139977,0.03491607465053153
139981,0.06034522741002869
139989,0.01523385514359158
139992,0.04967998120704429
139995,0.04759035437168148
139996,0.09341041899141965
139997,0.043855484114006534
140005,0.10925335812287769
140010,0.16102292811121344
140018,0.03649056177339762
140026,0.06559052958599094
140027,0.10870769518668767
140031,0.057912274017665244
140037,0.026703487099781428
140039,0.008180965034259764
140040,0.07431229583355002
140042,0.015398765334496512
140049,0.2311134832321945
140084,0.05417513938185222
140087,0.03633086862823421
140096,0.058803770493796766
140101,0.5511555714680275
140114,0.04442690124219281
140117,0.10139287479200156
140129,0.11793604400690305
140131,0.2913619976836408
140132,0.019260478743424448
140136,0.1728784533278347
140144,0.01837347809883587
140151,0.05245616798950996
140172,0.02764562053211277
140174,0.017561452675786952
140190,0.07675739558145178
140196,0.03332745294624846
140200,0.025165099971000776
140204,0.07387721084949164
140223,0.07506671207219029
140232,0.050666151968731164
140234,0.06593160028009928
140237,0.0909828661977322
140245,0.3797348550801126
140247,0.12738886822295897
140248,0.05204386242523784
140298,0.0164027650426699
140305,0.24439962624697442
140311,0.019079478548203126
140312,0.14244221106241067
140318,0.07920593358822645
140325,0.06260816263756165
140327,0.28029903296391084
140334,0.09356805709982216
140337,0.04426393617203962
140338,0.009280208311970746
140343,0.033122443687057024
140376,0.034311683666489255
140378,0.1139148042051675
140381,0.015827452166412837
140382,0.0337568294624722
140384,0.0748299339607251
140386,0.09449549041760369
140390,0.0381944450322662
140402,0.017284279357073915
140406,0.0059832485751866
140425,0.03732822817306962
140426,0.12301594230880629
140434,0.00912426714630906
140435,0.04107456623241711
140436,0.17472786176683094
140451,0.060060299203179845
140452,0.03694232170381046
140454,0.10323125674100052
140455,0.034120073404723915
140483,0.06268270510298572
140504,0.04793091859301214
140512,0.06923798753023296
140518,0.01927930031625026
140534,0.1361028330018265
140545,0.009655950812394714
140546,0.059607773356260586
140560,0.03675478704603109
140563,0.013149820579353917
140564,0.13291741950109434
140569,0.020256370358850632
140577,0.10731399228365293
140638,0.04170566878441365
140655,0.031840633153789315
140664,0.12178760360722451
140669,0.027836402521746385
140672,0.29068051554588653
140682,0.06098088102434098
140693,0.09033291729322579
140700,0.017863126683664913
140701,0.03266024136194059
140704,0.03329099188462389
140705,0.026988588946280936
140719,0.01516618330763424
140749,0.15754836291688093
140750,0.033668283690903036
140751,0.06978599262626499
140752,0.034663171552340194
140762,0.24679829247895288
140772,0.04341798953217368
140778,0.15261939592858517
140779,0.02924940613224164
140780,0.02074258144643098
140802,0.03303877286447086
140804,0.14089397128337006
140807,0.108692065972497
140813,0.04510369630941894
140827,0.07864647796662146
140840,0.033185524912268755
140845,0.05388184371137932
140847,0.13491159496131738
140861,0.02320646247298692
140862,0.13545825290492935
140872,0.01050285769988877
140879,0.027691439765670227
140880,0.18810273276212022
140886,0.041541686924994645
140924,0.018498687296700563
140938,0.010738863253980893
140944,0.1160560969992216
140945,0.27860272787735174
140961,0.019986440810494773
140963,0.02471723062529967
140967,0.07160328228264065
140982,0.10242380592226902
140990,0.020724241224401502
140993,0.028656333184192865
140996,0.4259753264751789
141004,0.035393071459387006
141025,0.47638001135350644
141030,0.018894622304477353
141031,0.039423568931060846
141032,0.06633736500395808
141067,0.02108764967463459
141072,0.06410077683993542
141081,0.04326605114145423
141084,0.10838550856074906
141085,0.049667071236321525
141089,0.03943930320905199
141090,0.026024545567306222
141093,0.10142481079819528
141095,0.1638366916177259
141110,0.02697350460662134
141114,0.03884116206012875
141119,0.30390748800195044
141147,0.07414149472419743
141150,0.27904388553950843
141159,0.07734334439429008
141160,0.17269049790925062
141167,0.009563816167062577
141206,0.0443801674047873
141213,0.03424221959691756
141215,0.5619390841378017
141222,0.03233834642346498
141255,0.022342311855747095
141283,0.02124790813452239
141298,0.2047322059632985
141306,0.03600356980760572
141310,0.235369092820611
141320,0.028728517475434555
141323,0.15412561514162856
141329,0.11200722888052699
141333,0.03605526183536083
141339,0.017389696413852733
141340,0.08547268307059067
141344,0.0857468350808973
141345,0.02643190101333034
141347,0.050871734680196165
141350,0.03911356676423709
141356,0.019616639530936307
141358,0.037550191935308806
141365,0.03576947597911494
141368,0.016407346020797037
141369,0.020706840027713252
141376,0.135920998089868
141377,0.0539427996476288
141385,0.019721497900900498
141387,0.0703907314355839
141388,0.31982384632960936
141389,0.060948659718316325
141390,0.032656652435873505
141409,0.015500141660506776
141410,0.0681589806182852
141411,0.12779400208527245
141414,0.08728333722513519
141422,0.05708234413635896
141426,0.1046402699746797
141457,0.01664487429523735
141470,0.03422634860494224
141480,0.056807768821258015
141481,0.021211648592845855
141492,0.01902232050295631
141493,0.02994031681935115
141496,0.049270551570155294
141497,0.020554540219696348
141502,0.026104350720917963
141503,0.0762917968665872
141504,0.2670191134485293
141507,0.05671383124658495
141515,0.023727706083713888
141524,0.23932912048260135
141528,0.03208741560270534
141540,0.012547033603832781
141542,0.04590704015318398
141551,0.11915102177360232
141573,0.11873454227993552
141580,0.020552777502147325
141588,0.15112375476986076
141596,0.1876118029672138
141597,0.024258674023675826
141602,0.11381877980091905
141608,0.018465373617047882
141611,0.012269449039000492
141612,0.10870023555308159
141618,0.08125156790364704
141628,0.04010078374917535
141632,0.10434475757999451
141634,0.11027185964221381
141637,0.07608497174197125
141638,0.1129439022276862
141639,0.02232448007229882
141640,0.19485250419792208
141644,0.08077026900771636
141654,0.10550267595527774
141656,0.02365825470549928
141668,0.0818854870403991
141717,0.14750460342745314
141718,0.028171839483163652
141723,0.2515243725246128
141743,0.059312724850790345
141744,0.036163096998742005
141750,0.02955022734467805
141753,0.0497682600946519
141762,0.2830834270247591
141809,0.052420290698147805
141815,0.029055936331150244
141826,0.037874452899711544
141832,0.04337334610500917
141840,0.03926579725942963
141869,0.1004626672116409
141870,0.14592767091651374
141887,0.17582578654245518
141915,0.027875798568013668
141925,0.008929607414482666
141945,0.46056409781874874
141949,0.022680938447141353
141958,0.038015056260752855
141959,0.04470952218199234
141963,0.026546284245554892
141989,0.035031701924808985
141995,0.07111769885592537
141997,0.07700631847194694
142005,0.03979936835899071
142008,0.09223894658170237
142012,0.045345517162035845
142014,0.019618178482292623
142025,0.21657207660171832
142036,0.0264852525906054
142037,0.03458945791596228
142038,0.0141442957934323
142039,0.07797164626432238
142064,0.044087515163967236
142065,0.17351800990958988
142070,0.05453209967868373
142074,0.04207268923566577
142079,0.049047848771499376
142084,0.09643309736635082
142087,0.05564814235731723
142102,0.020211060138586635
142106,0.029792258264819134
142115,0.031219847651188737
142120,0.012667405268887499
142132,0.019029499557919462
142139,0.06698394158956422
142142,0.016877849632547473
142153,0.1218472641596571
142160,0.1048567282149574
142162,0.01650611679323463
142163,0.025220042071867226
142167,0.02401782308511774
142168,0.05077348599669808
142177,0.06440115877821935
142180,0.3017311802624692
142183,0.018746390207416124
142186,0.03836129315736036
142189,0.10354246969238613
142195,0.031415833748465155
142198,0.047632502657645036
142210,0.024003919161283978
142215,0.14301636175668672
142222,0.015750990775325276
142223,0.07721576493754076
142224,0.026337018935825823
142236,0.05153620150190527
142237,0.02796010980580984
142239,0.03111684944078026
142242,0.05213769084615547
142243,0.0795834568502567
142244,0.028881939261169314
142255,0.01102456868120975
142273,0.014462665770562717
142289,0.07123535294005313
142294,0.015491703395307286
142303,0.12632181474433454
142305,0.06078951164766574
142339,0.10319538953947688
142359,0.35067713395666694
142361,0.009891891682475683
142364,0.016594082091762836
142378,0.23705469629477924
142380,0.11287804755118457
142383,0.0823690153702701
142387,0.08678735235901984
142393,0.10591998662338048
142396,0.23253978520073257
142407,0.1340570471371452
142409,0.07536296932691097
142427,0.01542690884714437
142429,0.6655908729016592
142430,0.06066342532125568
142431,0.03805359624774393
142433,0.04558989252117669
142439,0.11017467403250486
142440,0.020856343451496825
142446,0.030136949915783553
142459,0.02666247797822402
142478,0.02145551185701759
142481,0.0652240799258747
142491,0.0746726674036774
142495,0.031853547086516325
142497,0.03443512412045224
142510,0.09563280744224933
142513,0.1439097530619531
142521,0.02305364890410669
142529,0.14946534532243136
142537,0.026144424309509123
142542,0.3134271783861328
142558,0.04824987002051084
142574,0.030364691682130733
142575,0.02829072429130037
142579,0.12474784489225892
142587,0.031046276179873523
142590,0.4360454595973478
142610,0.04773285991577304
142614,0.017771019255439034
142621,0.012602044853484116
142641,0.03746174468703003
142650,0.04361981615380034
142653,0.06366813052462879
142667,0.06987527278029809
142671,0.14871554774368745
142676,0.11346416697120228
142680,0.10571298670766546
142684,0.03984609064070323
142685,0.014557747570672177
142686,0.0945880461685445
142689,0.116104863882154
142691,0.21909650907086653
142704,0.02645334507650797
142707,0.036094538436467254
142724,0.012111993058039259
142727,0.08245205940595327
142728,0.022139978573598035
142741,0.03457450879831363
142747,0.1208831385804592
142748,0.056964999359759766
142752,0.028765558971833888
142755,0.020740511720845782
142756,0.10923292683880234
142759,0.01327837837525867
142762,0.0148616159903401
142771,0.03452032119686815
142778,0.055342569911651165
142783,0.07459470264765036
142789,0.1344874972838764
142790,0.039993948171771196
142791,0.2540861214076485
142793,0.13144923429916316
142795,0.09953095451203137
142803,0.1168961206547664
142819,0.018758656868832095
142822,0.03999055878843865
142825,0.10218699859477184
142833,0.0260148292310433
142871,0.018190494086489803
142872,0.019546122191868593
142883,0.13012109887646442
142905,0.018203892459789976
142906,0.04190547654582542
142917,0.08963150985183216
142921,0.08667543379934857
142927,0.12421403491481897
142932,0.02436537095601544
142940,0.04705674861909321
142962,0.12827291348208714
142969,0.03449831373930391
142976,0.009332691281669095
142977,0.11978471383779218
142982,0.14862492619639683
142988,0.021106221291469857
142990,0.06891705838777551
142992,0.04928443381898459
143012,0.05851423936148592
143013,0.11345721573491832
143016,0.10602895808492549
143017,0.046511266079573815
143033,0.05498322157001955
143058,0.030832309417105585
143059,0.026846565815197024
143060,0.02504150607230915
143065,0.06394767399768399
143076,0.025117458651340418
143081,0.34536404750047844
143088,0.034870889458697416
143089,0.07216995807307612
143090,0.020736099231099203
143094,0.01410767833495865
143100,0.05016795537765771
143115,0.02997984997705272
143132,0.03794454011255604
143135,0.01054639076544415
143136,0.05674849374906939
143149,0.14736947051928964
143151,0.10155999252083914
143152,0.016954050720243582
143153,0.10284270352218022
143162,0.058851502376834855
143166,0.020343481062066227
143167,0.02615990860240225
143187,0.08113314045105596
143188,0.0246194564972844
143190,0.03934701889170046
143191,0.03325492909114737
143195,0.19131784915155625
143207,0.0712297629797831
143209,0.10834702713555165
143227,0.11471499667504574
143231,0.03155436461516193
143232,0.03932034117283338
143244,0.031141199201867625
143263,0.06351300430206464
143268,0.17705944505883542
143275,0.10633836588126316
143278,0.09179484006834707
143302,0.0862958870379153
143320,0.06107365739598178
143328,0.20214903372100845
143336,0.04357373772346142
143339,0.0327613157332908
143340,0.10616798991943227
143353,0.020009600669093616
143360,0.03617350594235259
143361,0.16185920355080666
143385,0.36762750058064153
143388,0.07638393302466198
143389,0.09165735345387085
143390,0.020919848825625073
143393,0.16348793655063976
143396,0.16758342621876804
143419,0.07331908731164258
143421,0.013779093855796986
143422,0.0237242821325067
143431,0.03646135531566624
143433,0.050469649911989885
143440,0.11168535920797587
143442,0.016593156420283982
143463,0.013338754162935073
143466,0.010854905884467641
143475,0.10149332860060348
143500,0.07372797068309017
143510,0.029641117851378598
143528,0.034225330715550326
143532,0.011361033978014072
143535,0.15688742829420785
143538,0.04332830843427922
143548,0.0515251168295756
143550,0.032975258987715195
143555,0.05842093578724544
143576,0.18612642454324413
143593,0.1340179822708145
143595,0.08464382588097351
143596,0.010309943058308504
143597,0.04064341412694183
143599,0.04382361661645435
143601,0.04133220274963352
143602,0.033653653777708535
143605,0.022344744010012133
143609,0.09282235350356252
143611,0.11355327925609239
143613,0.013610243362290832
143618,0.06442073538108838
143652,0.026694585722425647
143667,0.019354815397881073
143679,0.04852373996523325
143680,0.0197278547731885
143692,0.1351566103397235
143703,0.054415099247665674
143712,0.09457492269328105
143714,0.07528384374824798
143715,0.03385139539951013
143729,0.057000014976691035
143732,0.022989617606404895
143738,0.05241348443255525
143740,0.049587045227077874
143743,0.07587023110959816
143772,0.03282028189196121
143773,0.06289797255257933
143792,0.03608636401089833
143802,0.017102682343837113
143808,0.029865831008988764
143819,0.011404622860302346
143820,0.1257688903671236
143825,0.01408825104088432
143828,0.014851385545532014
143831,0.19318349869742182
143834,0.012601234697024927
143835,0.019567214271637684
143843,0.01885923626395071
143860,0.012506233581874655
143874,0.03186315749044345
143889,0.14215471353912038
143903,0.04902591296981562
143921,0.07906197509546456
143936,0.03160115770334134
143944,0.05461718266353399
143947,0.055759350547717704
143948,0.021327543310552075
143957,0.25385800941273473
143964,0.20522677664421585
143965,0.005729647546944299
143971,0.04454794209648417
143976,0.11326116983344241
143977,0.14977547531225371
143983,0.17241182923441184
143991,0.039694483616848686
144015,0.04376806105540597
144032,0.035710651057552195
144057,0.04257005891824066
144065,0.011326845225399954
144087,0.022192427885646966
144090,0.09100107792438761
144091,0.19498622435078578
144092,0.06751474075826117
144139,0.06448235714304223
144150,0.011551115733794854
144151,0.044892213171091905
144153,0.064603761489932
144154,0.39180502998339506
144159,0.3261192055989644
144168,0.05763334128603311
144169,0.026682230018413685
144178,0.13606436181040396
144179,0.020285231683308418
144183,0.02064334504967416
144186,0.07163399624433717
144190,0.1887119594725874
144191,0.0249393735825684
144199,0.1183986225123356
144226,0.06083935215635365
144227,0.012000090091895718
144229,0.05018909618470536
144237,0.0475946550789887
144247,0.02980796427710329
144249,0.0667644422212549
144259,0.07638404421728834
144260,0.03846318604845387
144282,0.03473603662520139
144295,0.13434584373691497
144304,0.0172161436020427
144314,0.019660365093846492
144318,0.05920657937956614
144324,0.2807648556502885
144325,0.013231470787131716
144333,0.1218817215670035
144334,0.04106415790273512
144336,0.010952175971820728
144350,0.055421781514309126
144354,0.0123883745623784
144357,0.06371457183349112
144359,0.03186689536371145
144365,0.044555852628276923
144385,0.05443000151146501
144386,0.04173167782462023
144387,0.12378307819162429
144390,0.023005730064202284
144393,0.0368499559965573
144398,0.039559225958935046
144402,0.0219290169872428
144416,0.07787361125881855
144422,0.012861546026734536
144446,0.15290673721822412
144451,0.06140261479019372
144461,0.0300681018055943
144464,0.07834306682113029
144483,0.04636093842576225
144498,0.22177156644465656
144499,0.04424747644053549
144534,0.02962165342498775
144549,0.06305539068063908
144563,0.015257929755906435
144570,0.39430851828304153
144579,0.02850564563190679
144580,0.027909803205184075
144581,0.014926164221395517
144582,0.035988490710800826
144587,0.022193965712405686
144588,0.02677193800825889
144589,0.03561973974762061
144590,0.04018659985089544
144598,0.17602509156643079
144601,0.01400543655951541
144610,0.024048641880393854
144611,0.0884839988514992
144612,0.015084293490178272
144613,0.022676028766333643
144617,0.07507827206603591
144635,0.3239199188248384
144640,0.08949001671106971
144644,0.02124058055579719
144645,0.023702261216888933
144654,0.02483215774330181
144656,0.08547865643292135
144657,0.1535945357141939
144658,0.062359165346797696
144659,0.11248896593536353
144665,0.02990056802038603
144667,0.06842774189492834
144675,0.024401957366960672
144677,0.11137890992963004
144678,0.030863292005060522
144690,0.03548028549987722
144701,0.14377137226839776
144702,0.09354445846914991
144716,0.034019472650188294
144721,0.012655061246542292
144722,0.14647034974996884
144729,0.054618302388987267
144744,0.03210922758652846
144753,0.01998321100987905
144761,0.01780371860628146
144764,0.40738634355279824
144767,0.024139241234635195
144780,0.15932704816095694
144781,0.05012487178991627
144784,0.049669129784170006
144806,0.05086205044660081
144810,0.10371166853180248
144811,0.06507783501630861
144824,0.024799885128699267
144828,0.08778205994978305
144829,0.03988687040642213
144835,0.2087583619481243
144849,0.058535860084623526
144850,0.008415112575927898
144870,0.029227535603204645
144881,0.10714449141632311
144891,0.06013614902664757
144898,0.15642451252174464
144904,0.07132198251667035
144906,0.012728783858842688
144909,0.018911048105743282
144910,0.09707498071545895
144912,0.19031241863386808
144963,0.08275423320673528
144965,0.12451355924561258
144966,0.04853443727760619
144979,0.04742232342585781
144990,0.053792134271156276
144991,0.02995550193044624
144992,0.2650543493270912
144999,0.046496293797317394
145006,0.024073985312145874
145007,0.08475491318051308
145008,0.012381906358228847
145009,0.03880431721567164
145011,0.011899179239626096
145014,0.10698818639581588
145025,0.024973206802143544
145036,0.030728140347746093
145041,0.0469644049855222
145058,0.16960600083578303
145071,0.05970871065380673
145106,0.0374617425109136
145110,0.03469901497039413
145142,0.16093873941307452
145146,0.13045117718502036
145147,0.026152533411894795
145148,0.051296728699237605
145149,0.024339608185742538
145154,0.05165426455360854
145157,0.05564847996178815
145158,0.010833468993956385
145167,0.015104226336612393
145172,0.08867015315799126
145174,0.016952952089272267
145192,0.010512640054394246
145195,0.06035916236433719
145196,0.22771763928124114
145199,0.015075129222377456
145209,0.1345925751756397
145242,0.014097710592252684
145248,0.015116135229600782
145249,0.023804166875294425
145250,0.07446088820930942
145281,0.17164587935846015
145287,0.04313835411142702
145288,0.14903329894752693
145298,0.07916978704706241
145303,0.004044748419160568
145309,0.04447383321551335
145333,0.07303975266549323
145336,0.03509138290036324
145339,0.1028209645183937
145350,0.03515375187324109
145353,0.024236344276887485
145354,0.022666657039480065
145358,0.03520851765124517
145382,0.2989489857185526
145383,0.26676098103728085
145389,0.05549550374618205
145390,0.07286649082279026
145391,0.06924330160051476
145392,0.10793229716532374
145407,0.01081527002270134
145410,0.02174040635782377
145412,0.20370408545222315
145415,0.05189764211162374
145418,0.050146049891072686
145419,0.07729846662983691
145440,0.014235498420494291
145451,0.13922842734875804
145476,0.08431165337436208
145481,0.03066600560190267
145482,0.00960394975743772
145484,0.019214989973192344
145502,0.0317920841214122
145512,0.05461086099063515
145515,0.014166024224117191
145521,0.01760965632344727
145523,0.013749321553857503
145554,0.029200492380619402
145557,0.042735416788404645
145560,0.12431929962604858
145563,0.10371848583645682
145569,0.018136652262622267
145586,0.28327295608666575
145601,0.07126726284931074
145602,0.05014146633387645
145615,0.13402390117478954
145623,0.05172146996898951
145638,0.02291103170143844
145640,0.025551666864118576
145645,0.05435451589745836
145654,0.03405484148565431
145664,0.05815690355265518
145677,0.03486640212894578
145679,0.025678923843193518
145681,0.03791045640456491
145698,0.04252589070330243
145709,0.012092272754126672
145713,0.0244099868583159
145720,0.0787487979284086
145780,0.03830223912861888
145781,0.06282334352728319
145798,0.14312982536656343
145811,0.10644350405132269
145819,0.019130207523485855
145833,0.15935607912197292
145834,0.059492198128884156
145835,0.0694475018531166
145844,0.025899474605746417
145862,0.028321790118436267
145869,0.0637653771834375
145871,0.03323707844556373
145872,0.005649463904670658
145874,0.3117561005567154
145888,0.01934498738244093
145891,0.11962179927418734
145907,0.07407276435017172
145908,0.10848568795777298
145919,0.04614419329378144
145925,0.053576352342676006
145940,0.11526350775084618
145941,0.034079723998536676
145943,0.030015947471486042
145951,0.013714087585576348
145954,0.10378752176398814
145957,0.025168221195393307
145962,0.07719434193635877
145974,0.01811228103679635
145976,0.10366178477391759
145987,0.019938911902674657
145988,0.24547808470680477
145989,0.04168422413529349
145990,0.035347780180745775
145991,0.17953658312386722
145993,0.07900275073876896
146000,0.27038506692011527
146001,0.03627068670372348
146006,0.026634910606740503
146011,0.0158054029945169
146014,0.04155297783273303
146020,0.027143001111121917
146021,0.008187142656760476
146022,0.10991219520337936
146026,0.09039246215182778
146028,0.1550792328592459
146032,0.06058052520199422
146033,0.08282965588587679
146037,0.15834997657518277
146059,0.036455528249181586
146060,0.3070749973681712
146063,0.12002793593892477
146069,0.11875086759304085
146086,0.033579183120015614
146090,0.5320524910305682
146092,0.017947246360909785
146094,0.18245533007943898
146097,0.021906585306220114
146098,0.14009836251138
146106,0.039442233167532606
146115,0.02464798787905953
146121,0.2029044204259468
146122,0.05505456292563346
146140,0.06633398368878084
146142,0.021280906371606262
146146,0.06807544403962693
146149,0.02620322215990508
146153,0.02432820976077013
146155,0.0318188131723642
146156,0.037915529772248414
146159,0.030894718755198346
146172,0.15485934988477507
146176,0.06737360562193169
146184,0.04535743827353711
146186,0.07244492105159551
146191,0.04808610845661759
146198,0.03561031367069474
146199,0.02922622162676985
146202,0.06678940528383441
146206,0.14376616682861562
146214,0.028346998863266554
146221,0.11416946392661784
146232,0.029850438168081795
146239,0.05709098974680912
146246,0.10130346990718654
146247,0.03400251196327122
146252,0.01933231356653163
146255,0.023399903956344687
146256,0.014934586719184066
146262,0.14493097104854077
146277,0.08461005189767991
146292,0.10998403369194026
146303,0.013899581595881137
146305,0.10578692221983499
146313,0.07611949010861409
146317,0.02382982559434524
146330,0.026247591218176082
146344,0.03145190546524104
146345,0.05944050662637812
146347,0.20652286800039238
146356,0.014773159763276172
146369,0.06420771358538069
146384,0.09110786029730977
146385,0.01191423824611652
146386,0.0993650924538225
146388,0.02072297173559751
146404,0.01475545852301181
146409,0.21102691833714785
146413,0.033893833281852595
146421,0.1184246253502619
146428,0.05487960038891267
146451,0.18995233681071685
146458,0.013129939463092639
146466,0.007524485574457472
146476,0.03279865932412922
146485,0.014103852105327021
146486,0.06530513542915414
146487,0.02593461282877801
146500,0.03617219247423502
146502,0.03664146795998956
146512,0.14530569991224773
146514,0.01852752461517558
146515,0.1692913421058145
146516,0.035048547208410885
146533,0.039989350262464564
146535,0.04982288298984543
146541,0.08701712693354949
146557,0.07084464378306428
146562,0.1419534211917349
146565,0.017757990068299204
146570,0.020555396228074792
146571,0.04008091710158519
146574,0.06657636608034623
146587,0.059857222772808284
146591,0.018182384931120205
146597,0.0629659371352724
146600,0.03430667997816576
146614,0.4254591877737812
146621,0.08561797731379575
146623,0.046812523289869803
146631,0.08650304378708157
146644,0.02070645968544843
146649,0.01806522750024523
146651,0.015424631592149246
146652,0.05629453628015857
146663,0.08725953406703578
146680,0.025935965258525154
146683,0.03097755191889229
146714,0.19336349753622784
146724,0.06777368334552455
146730,0.03740240363408837
146732,0.1579716641560692
146738,0.02915166110490156
146752,0.07285810846174429
146755,0.0925074043114843
146756,0.04013888593642813
146759,0.12448522186521359
146760,0.24078164604913987
146761,0.024258473721760727
146765,0.041045209488396045
146806,0.08948957389845735
146809,0.15310316169987853
146810,0.04591718911129415
146811,0.04850285542778433
146815,0.04535097502503259
146820,0.13036777450497575
146821,0.02502829716811244
146824,0.07744750997458126
146829,0.0633200975919456
146842,0.0746609847052997
146864,0.046433541748220626
146891,0.12855449877987754
146918,0.04078494341794199
146955,0.025366562535467922
146957,0.10071810945308883
146972,0.07665556294645987
146973,0.06067558502622605
146979,0.17556873422475638
146982,0.04976025788272316
146984,0.0281637955262828
146997,0.12909798879451836
147001,0.03025050625374464
147008,0.11146028335499866
147014,0.008328533168347961
147022,0.06753336574501045
147038,0.04533702753650881
147048,0.06444065177847629
147060,0.010373000002914315
147061,0.024033085221957316
147077,0.06109591324806032
147082,0.044436969074044895
147083,0.04575844273158197
147085,0.05555424672602307
147086,0.05211201930614211
147099,0.05588449254574772
147127,0.019507746559750763
147128,0.05160806108310349
147133,0.024536977296143903
147138,0.02409802295124203
147139,0.007965880360312354
147150,0.03208138403040694
147155,0.135941606216919
147171,0.022013775913591417
147172,0.048815750189452674
147182,0.04478372720688667
147195,0.024646272040275002
147199,0.029757462607891347
147216,0.10082366677219687
147224,0.015174512379644164
147225,0.03247498090522471
147230,0.07069614287435706
147240,0.05909052234393533
147250,0.036731177799179913
147253,0.008911676921466842
147254,0.3097560803971275
147264,0.021418661324190562
147294,0.20139759146014022
147308,0.04356159737669965
147309,0.06410146294553869
147315,0.10681694889191731
147319,0.0413008172671743
147329,0.01719281476548438
147340,0.05040397372689094
147345,0.23721044051608609
147353,0.010860427117580543
147354,0.1649115197240245
147364,0.24785840194275582
147366,0.08596596037287915
147373,0.054854185030403915
147382,0.030019279677116865
147383,0.12539341544478286
147390,0.024121112372681847
147408,0.09717011509378629
147411,0.009389380092199832
147415,0.07190338782439076
147416,0.09691151877326776
147425,0.012140175121210335
147427,0.04173088755075296
147438,0.142021247625894
147439,0.019385571725508324
147457,0.038908589119780575
147459,0.01697005695315316
147463,0.025063040303702103
147469,0.07165867731389171
147476,0.21088833224893128
147483,0.02051243060944081
147497,0.03581666316751855
147502,0.2433790533322842
147515,0.12249546011032136
147523,0.12661546792384293
147527,0.04314527369827443
147541,0.10230189813634598
147551,0.038378997103888875
147552,0.04946590109736054
147561,0.00995539512678238
147571,0.05190683500913487
147587,0.026727469201351585
147657,0.11334991722217676
147659,0.05245201981420606
147670,0.01166538046293749
147695,0.09162274741982891
147696,0.07063835061819036
147702,0.2452425266202914
147710,0.31260824871696963
147711,0.016807004798427862
147712,0.04603138961745406
147713,0.08300253949553829
147720,0.010273947308311663
147722,0.08814778103443166
147742,0.01616856423134416
147750,0.05055344593448309
147761,0.2584822999420773
147764,0.06178806921950305
147770,0.01577249973151082
147771,0.06474842831468285
147774,0.1734409854920762
147786,0.029048162868667092
147787,0.2175135546200389
147791,0.023334540411293635
147792,0.09941816308308149
147793,0.18008112200423876
147794,0.024777449432980644
147801,0.03427951329961119
147824,0.01562735532712685
147826,0.014803846006794266
147840,0.02895726044986619
147847,0.013272628426401775
147862,0.06180436788402573
147865,0.04690957610267847
147882,0.10739175531827076
147893,0.16590091905527582
147925,0.05932304039543729
147932,0.19864029198761113
147942,0.0642659888954809
147953,0.023129784951166407
147955,0.13162881476300914
147964,0.20878199674062992
147966,0.056064655737062125
147981,0.036177845068224815
147982,0.22962076745752055
147990,0.08107609628461095
147998,0.03736747460938083
148002,0.1368869964884168
148013,0.08833469711811975
148025,0.1149069102970996
148026,0.10205148358934787
148031,0.14720459369158045
148035,0.07878106683341327
148042,0.028746844395105227
148047,0.02070360897201593
148050,0.036085470311604695
148063,0.08447552932232827
148065,0.11323052502947427
148069,0.24692033611319952
148070,0.0637066588563893
148075,0.22666976990972312
148076,0.03426385717154887
148087,0.012617077374985514
148091,0.10648436292030819
148102,0.07495233460128012
148107,0.08789397177799675
148108,0.05208821615628201
148113,0.08169447164119485
148131,0.07501546145475205
148141,0.14027674505727222
148149,0.09406065178753281
148150,0.05147009963667313
148163,0.1949084618546776
148175,0.04132016517039503
148185,0.18435690268331062
148187,0.07040719964179327
148198,0.2350742523904836
148204,0.10929933451532602
148205,0.011774610955702043
148212,0.11800877685145211
148216,0.3087103939972759
148217,0.07513577681256947
148223,0.020721303619500853
148224,0.16196237415746068
148235,0.1554447517425818
148255,0.10048094748037274
148276,0.034158671654624766
148285,0.033588572431352416
148289,0.03171363427517755
148292,0.06154846540803209
148294,0.045900196828118085
148314,0.02254424274010365
148319,0.021412431715310987
148320,0.05475104461952881
148322,0.10498137020093383
148323,0.08226645672987773
148325,0.058240450435884876
148333,0.08157733330473087
148339,0.04067542237506547
148359,0.046869737884961016
148361,0.16229680076568448
148364,0.049995792490545504
148380,0.022234126147699027
148382,0.053335011868439426
148386,0.16783842610010483
148393,0.11036532357901982
148394,0.04502451844390598
148404,0.05978669749826785
148419,0.1099718632261737
148423,0.04998144463825811
148437,0.3261216778273879
148440,0.05652262251581466
148448,0.02934908080457816
148449,0.008033420978111662
148450,0.033580955957585194
148451,0.038972699175581306
148458,0.12126781318084848
148471,0.040681230750442415
148475,0.020833041573873442
148476,0.05879204182710494
148497,0.14563680120007266
148511,0.08677846712542693
148512,0.05027113310936347
148534,0.0689723537250658
148545,0.09597750252234452
148557,0.046098209896491125
148564,0.03381595000768796
148570,0.02264149496382422
148586,0.05065337318025415
148596,0.12063745472310763
148600,0.07388135669215291
148607,0.03924833240990818
148609,0.0956159742852862
148622,0.020935743601817
148623,0.027902333013562645
148625,0.14214740154115507
148626,0.008988636580337276
148628,0.02698583410415213
148632,0.027480962166802115
148639,0.0313782303170701
148643,0.03490743633496628
148644,0.2324976445822704
148680,0.02291766125307911
148702,0.09997132876268063
148716,0.06227141866687468
148717,0.12566197951544592
148726,0.11528058056038505
148738,0.15504549770632206
148746,0.04800293138320838
148749,0.04596119795437767
148750,0.06381851284131244
148769,0.03908280317574698
148791,0.03753119278903711
148803,0.02432129993657907
148804,0.030466060516088127
148823,0.01202898117987107
148831,0.03863773670945768
148849,0.02515910600866971
148850,0.058961617280575626
148855,0.036192789542839304
148893,0.021861575251710855
148896,0.034924807919020584
148899,0.06511683735305715
148903,0.07277208326397268
148910,0.05083286719947734
148911,0.04000402279680669
148912,0.384081598049827
148913,0.06962777858630137
148933,0.13490755294603174
148935,0.038625598653650194
148937,0.010422454671434905
148946,0.2212193456961546
148955,0.053220626502598914
148980,0.05989673724055307
148996,0.15002781149788996
149015,0.19645628436617504
149025,0.018689957786201906
149028,0.20150158914018007
149029,0.03886926308144401
149035,0.022988210482892197
149050,0.04060145883064156
149051,0.05058160818216234
149052,0.12096434751680946
149056,0.01586935985976364
149062,0.02148724940932968
149067,0.11095113269259888
149076,0.18286830885571426
149090,0.35654457269874645
149106,0.128009808021979
149107,0.04321796126442272
149118,0.35483672025534674
149119,0.018886535986462824
149130,0.1711349845400323
149154,0.047526076731110714
149157,0.08259772777232205
149158,0.028067268114150824
149160,0.07111280348968047
149163,0.09694251400144349
149164,0.061280574635743476
149165,0.01817420113546685
149166,0.0409268945733066
149214,0.10372363694906553
149231,0.10618635569176624
149236,0.022357255159231607
149237,0.05859780830719376
149246,0.010424001974045447
149247,0.03268767871566842
149253,0.06921042832146393
149254,0.016607821471788166
149265,0.1848852825647631
149266,0.044854543433296
149277,0.07964368001206934
149283,0.20552702938075862
149289,0.07696640872793586
149310,0.039904897447514555
149314,0.016220980983233057
149318,0.04903625046871961
149319,0.02152450213576195
149320,0.0361386370131767
149321,0.20694925990002916
149333,0.0385640689833976
149337,0.17061409807336345
149338,0.04803175610611627
149341,0.046061294521360326
149342,0.02989504838149372
149349,0.017367803492724772
149351,0.20684460125539156
149354,0.016002082156239952
149360,0.013740224256025354
149362,0.04675773529139164
149366,0.021176792766213582
149372,0.21049937301464058
149376,0.06216774074745829
149388,0.06218908266281353
149393,0.0376033134903188
149401,0.015694931024724378
149405,0.13361226558139755
149412,0.0886001904283659
149415,0.03023856261463085
149416,0.02277414922317482
149430,0.07268037289919757
149435,0.0398335801024811
149436,0.03395081599035164
149444,0.12353648136588108
149456,0.03402654156284364
149471,0.006683322459956906
149480,0.013217323084260997
149481,0.042282574477963575
149490,0.05505121139545803
149491,0.032584654909267034
149503,0.0400571310821947
149512,0.032462320132765274
149524,0.020602131738497658
149525,0.020940563315040434
149532,0.03894767789716737
149533,0.2375697311051135
149536,0.3976960722885851
149540,0.08900789150607927
149548,0.02926010204638209
149563,0.10015281695437828
149568,0.11544076980462525
149569,0.13922816376810326
149570,0.10974062380625278
149582,0.020607481291584764
149584,0.05078369062078461
149587,0.09039347141386686
149592,0.06388972478195826
149596,0.09532302780698225
149599,0.06393498415511017
149612,0.04374858138659363
149643,0.053240638496159565
149648,0.3064606092775232
149665,0.029705185949595904
149666,0.23908474805793192
149671,0.027817503916828974
149675,0.019974054765806083
149676,0.11093238757197016
149677,0.01208791777447895
149680,0.18127704128265046
149711,0.05967035473472958
149723,0.0366305871292067
149726,0.07498419707835832
149727,0.01537756736160635
149730,0.0144908447704153
149733,0.07550816778833815
149734,0.2378910544313542
149736,0.16676351234150444
149750,0.015662755391449144
149752,0.29729627320057617
149767,0.06042786426017899
149791,0.0733586460155505
149793,0.02364089700050538
149810,0.013184209664720127
149850,0.061624828837950514
149857,0.11402280854223061
149858,0.024665435087023457
149860,0.1956315293918
149882,0.012907142887761862
149889,0.01597919055187107
149890,0.19098031241134755
149918,0.01331788552199587
149919,0.049703895292169516
149927,0.015494215461902477
149928,0.03505360784589229
149940,0.1763674646905254
149944,0.04413879581613065
149947,0.11708290135165914
149951,0.08393561672751707
149956,0.06053799667509162
149958,0.11487381558294359
149969,0.0380325959802489
149988,0.09928296170099911
149996,0.04866538970540557
150007,0.028955825873663032
150018,0.025722917640363573
150025,0.03815130691982334
150054,0.07300431104329139
150064,0.16443215871861813
150070,0.03656095777275204
150074,0.026087036369407103
150078,0.034983911678443766
150084,0.032805328363994524
150106,0.09090652364863513
150111,0.3386895817666161
150115,0.01364103861093163
150117,0.1922709983210617
150120,0.09312904374432106
150127,0.05876377739078295
150128,0.0317171650977212
150130,0.09781556522892891
150132,0.0920296196776278
150135,0.019351087984942183
150145,0.04161786752239867
150148,0.01842385365476626
150153,0.053605721842761155
150154,0.017646538914023013
150173,0.018525677406811093
150174,0.2577356429348282
150176,0.10288281046199343
150177,0.08246836146501911
150178,0.0968098658408598
150179,0.2350923065389922
150187,0.012470871981934566
150207,0.04581218232677735
150223,0.05859262126788191
150224,0.019141754258343396
150229,0.010540583994795849
150233,0.06952233777486899
150245,0.03048646816670289
150252,0.01557799231009912
150257,0.11333983035103534
150258,0.05424540079873372
150267,0.023628126278497964
150268,0.13636744773232798
150272,0.203764572284791
150282,0.039105039113894444
150289,0.2220372996907985
150299,0.00891310302896774
150307,0.09433698818557691
150310,0.017906050514920835
150311,0.027185785793310432
150312,0.023042329564829333
150313,0.025787897913174755
150324,0.11972796069319126
150335,0.030103412699507837
150343,0.05874019193997673
150354,0.02851099703564041
150363,0.04121335213354081
150365,0.03623679646401705
150377,0.02062958671736236
150381,0.09755030376355946
150382,0.013249169613490337
150414,0.05663474471483008
150418,0.1291936668696475
150431,0.019347123088983623
150449,0.04470236152991409
150450,0.2575108838703059
150473,0.01391932039309594
150475,0.04229681811455675
150476,0.0721774043209485
150478,0.0931308576272917
150488,0.11715229500584068
150499,0.10682766599094495
150501,0.2656899843050377
150503,0.07782449638142641
150518,0.023147518888252252
150529,0.03686698671307035
150531,0.015801454260149853
150532,0.05617785877055768
150535,0.05192487359145005
150543,0.284807429422157
150545,0.13539072693478466
150548,0.05980437707210993
150552,0.021207010508921854
150558,0.08816632819392907
150574,0.11070922767764502
150576,0.30504580652572466
150577,0.02471419085207214
150594,0.09909767110614212
150601,0.015230779247887023
150604,0.02628298918612739
150618,0.02809119604244718
150626,0.12712885287533857
150627,0.06283608620784915
150635,0.22778918745639115
150648,0.04354353008618528
150649,0.1586929406804471
150650,0.1314135506693215
150651,0.041818694968380636
150652,0.030957827740994745
150657,0.14370893540116234
150659,0.039539673845097
150666,0.08508002419883226
150667,0.08589994810283721
150680,0.009388435149127175
150698,0.43506282966890697
150700,0.32679719686477066
150713,0.033821947690329875
150715,0.07091698025746859
150718,0.018626893373291473
150724,0.1775149632617541
150731,0.03766750071590343
150734,0.03930989235322669
150738,0.014875382554489891
150744,0.036963249957941924
150745,0.19423585486222664
150746,0.11599275744416608
150749,0.02168605971670842
150750,0.1033600344140222
150753,0.015182738828785357
150759,0.02951555179582517
150762,0.022081771570655703
150764,0.03837077179684648
150782,0.05567735287950264
150784,0.032771867244799587
150785,0.09380155020263012
150786,0.03153150652928303
150789,0.09409725552157844
150802,0.0918509338859966
150809,0.037417695867707976
150810,0.07560223983554117
150817,0.029308352006436847
150820,0.04312157489499833
150822,0.1088554635488423
150845,0.020555326268157034
150846,0.07591016190735604
150854,0.06259824504588367
150858,0.24093636548481023
150866,0.08084754955931675
150869,0.01093657396536457
150874,0.051668343319735126
150887,0.008310329527563646
150889,0.025187124054887773
150892,0.17950318254820363
150896,0.026649508777043272
150901,0.31293141993280144
150914,0.16279249231661921
150918,0.019351285973073097
150919,0.03398061295777842
150929,0.11137780775403741
150935,0.0325148361861438
150941,0.01896531262923004
150949,0.023058455666512698
150950,0.1082464905145179
150951,0.005327978912442137
150952,0.019841154465977732
150980,0.17681006730119503
150981,0.03555452120432325
150986,0.08877821707912961
150987,0.0842282554524231
151004,0.07072561845403806
151005,0.08149000309890662
151010,0.06258678723933134
151012,0.06969609594301922
151016,0.023169693079879154
151021,0.10722851117454921
151022,0.01446405449864445
151023,0.2538614331095884
151024,0.4175450455391023
151035,0.23026508824826744
151036,0.03710909994953494
151039,0.024203408895004812
151041,0.08307065500485986
151043,0.06598515518835041
151052,0.278623206830652
151058,0.24657798853285434
151065,0.11157595623673869
151066,0.0749644316578725
151067,0.16294811404894124
151069,0.04400570569862498
151070,0.0433310757978706
151080,0.1033940434258272
151090,0.04507819740316982
151092,0.25531425090914034
151100,0.018587557997266944
151108,0.06621501380820821
151113,0.04975309049431278
151119,0.029360862700063974
151131,0.04185524661896296
151145,0.042014420458357876
151147,0.08309050020414108
151148,0.021264734040498938
151149,0.07713919624456589
151153,0.04698386046149526
151158,0.013431121149338025
151167,0.04829224645581856
151169,0.050118740618076654
151185,0.016870282529035035
151186,0.12372709180904776
151187,0.08086327460133183
151203,0.035754178595027594
151206,0.015061687009858027
151213,0.2317733223604247
151237,0.06923318309895246
151254,0.06204661505441762
151255,0.040392121225958796
151264,0.11679516405604126
151266,0.02397140807485759
151267,0.053407393343007634
151270,0.017923570837195833
151286,0.0178384677020544
151288,0.09180427193132212
151289,0.04558563812430462
151290,0.08619854945769585
151303,0.02104971803169807
151304,0.05943636041888524
151308,0.03158612327508394
151315,0.019089601174907312
151324,0.04315467176183811
151329,0.018001551107976882
151335,0.019109611048565144
151343,0.017082402492858327
151347,0.18324825254379357
151348,0.10739048084265712
151357,0.13902398313105294
151366,0.08272706762986475
151372,0.028917388793949752
151374,0.009293794797044404
151394,0.03327400423171297
151395,0.17537072218170868
151403,0.018122739695046443
151410,0.021563673985428425
151412,0.044290529654911426
151419,0.0432965926993044
151443,0.012746904129770274
151464,0.009184583877356519
151466,0.10812277881109791
151467,0.012422452532280444
151476,0.029170306538430765
151480,0.07104097559528237
151481,0.17209198106789714
151486,0.08252650540129511
151487,0.09403853346498425
151490,0.11552972847202131
151498,0.038190104357999945
151500,0.012656595235209792
151504,0.014857189545766937
151516,0.01728282441146544
151519,0.11771196653753038
151528,0.11907217920908386
151529,0.08385290720275508
151539,0.22510977465306797
151540,0.04879222396473698
151556,0.2931824387120013
151558,0.02326265131948269
151559,0.05177179463076685
151581,0.020557415740030303
151586,0.09711909059129427
151589,0.17102826389347234
151603,0.14606100470963426
151604,0.029963489065887236
151610,0.03018118792423311
151637,0.09895570992573888
151652,0.17064625328138242
151654,0.0231395832125389
151667,0.07909993748409026
151668,0.12948577438929387
151669,0.0196944830080887
151678,0.027397717576486853
151697,0.06356879198834604
151706,0.04645152171545116
151729,0.026404738813991534
151730,0.0814828013249425
151737,0.01816026951144165
151744,0.06492251043218056
151756,0.12710857040548806
151785,0.023896305210997556
151800,0.03540249962958913
151801,0.03242369088768327
151821,0.1403909212695084
151822,0.2291835783556149
151834,0.05594492216727009
151845,0.12101845781585092
151846,0.040259165532793045
151847,0.06961497944659442
151848,0.10897402591060391
151859,0.03857160554993013
151872,0.11778841856541597
151875,0.07484342892327721
151883,0.023764066552260633
151888,0.02611529848330184
151895,0.014271377685189093
151896,0.01522995137115249
151900,0.07911932131459169
151913,0.021691807783349528
151920,0.036045716535057254
151928,0.07891438122154217
151933,0.05152548013066455
151934,0.060468926905839056
151948,0.11236423303281041
151951,0.020453281360326522
151963,0.024802176925830872
151964,0.00689750063586905
151965,0.013888688845693279
151966,0.028895713760420293
151974,0.038382764864601106
151975,0.1781948571535709
151978,0.05852358268886076
151982,0.051515580446984774
151993,0.045539974427772974
152002,0.016814533082628286
152005,0.06200958278823586
152017,0.051693673607354496
152020,0.11166305721161339
152039,0.06110709420664453
152047,0.16607853081465104
152064,0.038130564153450446
152071,0.08226302495122217
152076,0.038405890002467524
152088,0.01403764646849127
152091,0.02221655806410216
152093,0.035113427792194625
152100,0.12240155825574013
152107,0.043194424614716356
152115,0.026212343530775506
152119,0.008495523183460217
152123,0.026261259458681536
152129,0.081293004134268
152140,0.41625510487448647
152141,0.0436326711697233
152142,0.08559338491421134
152148,0.0500049756257097
152170,0.011492903334074548
152171,0.048401092552656504
152176,0.02967476603992422
152186,0.05843220414355936
152192,0.20065436953183285
152204,0.09474318113248431
152215,0.012702517482117075
152220,0.051285532515171706
152230,0.015054872976382246
152256,0.04973815246035364
152265,0.06401399356487011
152266,0.21277003089742613
152268,0.02866988145497274
152272,0.053972712729669886
152286,0.024069869425944537
152299,0.02486551608180863
152305,0.06727246513104879
152324,0.027625052211064278
152329,0.10103208051332326
152355,0.028910351371827236
152356,0.011492618961454279
152365,0.04380941782385092
152369,0.23947220322949944
152373,0.03639139300809991
152374,0.09299049600537251
152383,0.1322310473731466
152395,0.11566803322939599
152403,0.1492824536297354
152404,0.04748575832312364
152406,0.030688428160964332
152425,0.018665949357021597
152437,0.04357388047280855
152438,0.06522669726338197
152442,0.2464664601784041
152460,0.06629452252555929
152461,0.024261225960477386
152462,0.02149886522397637
152472,0.06845645629983012
152473,0.0601047541014433
152477,0.03140832324621203
152506,0.03839830535293007
152522,0.02993242182195702
152530,0.043597015973942124
152535,0.027572350708787826
152543,0.016739795233922283
152548,0.041444463322362894
152556,0.03728428185058154
152562,0.06994098706084888
152563,0.08757212387217828
152565,0.03702803269516494
152591,0.035597595583638786
152593,0.06905252624127749
152612,0.08084966848084424
152619,0.07231112552408091
152627,0.03976783234613418
152628,0.02984277147027785
152632,0.20547838636371468
152638,0.08107609445305604
152646,0.07828759762042167
152662,0.22712101471124674
152679,0.09958431782857574
152680,0.01955441499616363
152699,0.08258527724528138
152703,0.043539141353458446
152717,0.13381993268189904
152720,0.16626124212898036
152721,0.045193639630747705
152735,0.02776768649615052
152736,0.01783902974907411
152739,0.22707278817535576
152755,0.027575042759736428
152769,0.015586516608133365
152785,0.152535629699851
152788,0.03898780997871544
152791,0.03776146036189577
152808,0.06391192484151755
152815,0.022750438234486817
152816,0.16107176466858428
152817,0.028799792045866534
152818,0.02186721048293604
152819,0.21279678980175742
152820,0.019891520517026827
152823,0.10307102935485807
152831,0.036946731316252875
152832,0.27874572389008045
152833,0.051368447310010036
152835,0.060657881282559514
152838,0.021558997774826977
152846,0.019134153827062694
152862,0.1984802914814789
152864,0.015391723875689654
152865,0.03999148551294445
152871,0.004760242372593573
152874,0.03136999181528688
152875,0.008989215440136802
152876,0.40075856511212193
152877,0.48026623232541243
152881,0.13682654900038396
152892,0.01254015932097571
152908,0.26976711619366267
152909,0.05706274265198588
152915,0.034665319656889015
152916,0.157930821533238
152923,0.03617716298758046
152932,0.027519807474789652
152934,0.017084199373131933
152936,0.018015559519901306
152948,0.015524376594312621
152951,0.06175946503754552
152956,0.042736780832089476
152963,0.05232790718730845
152964,0.45490278368700393
152978,0.12054083074561917
152980,0.1439317476235648
152986,0.14107502908448594
153001,0.11822200089682304
153002,0.10806530345267049
153007,0.06466861374469206
153009,0.017430138849769624
153017,0.038322278743179714
153018,0.23490949076710674
153022,0.22551195891432438
153027,0.2298340648839613
153032,0.0508377207165213
153033,0.08419558996370094
153034,0.04243496851086632
153037,0.06857955618667681
153051,0.40605606730117916
153052,0.051959710157803374
153057,0.01247751322137394
153067,0.15794438791133686
153084,0.04778904142408602
153088,0.10320518225285835
153089,0.030891713803556237
153093,0.024666553252414996
153094,0.06365078934345761
153095,0.15227583204364945
153105,0.07162149088102127
153108,0.15825657242335323
153110,0.041928966403683335
153119,0.08469224606798745
153135,0.013018476689189467
153139,0.02688441966321388
153146,0.07360319969542017
153154,0.0791853465788491
153185,0.027709968225903873
153195,0.25202772316050626
153196,0.023187275875585053
153198,0.03649729081572178
153202,0.009643631132106856
153203,0.01774899226611436
153209,0.027123122757117552
153223,0.11588897167848809
153224,0.043193219168359984
153227,0.05351534013148519
153230,0.05346025168667423
153233,0.06474376930003517
153234,0.017761067705000536
153235,0.10574534555512421
153243,0.12126011381272835
153263,0.06668220677029017
153269,0.07834014688062682
153272,0.01082964599833278
153276,0.17820465455257745
153279,0.034680383765477725
153291,0.11625267211235445
153311,0.04042961607193611
153328,0.40308740113011593
153330,0.09325088197645316
153341,0.33062039863015447
153345,0.033886958225028255
153393,0.027335564948890168
153394,0.08952261504827827
153395,0.04892855401376621
153420,0.06350675677457839
153428,0.06834281026570876
153432,0.08708167235673432
153449,0.02613653765509536
153458,0.3209927316894464
153459,0.012152121241389863
153472,0.07255177439962907
153475,0.012635942441947117
153479,0.07840758199951994
153480,0.050835530223673986
153490,0.07193612481383291
153491,0.04772708883152284
153501,0.033829918824264775
153502,0.053331761292273835
153507,0.09624338862221465
153513,0.12984344691022096
153514,0.06908698217906799
153519,0.15411170971594296
153520,0.01302744994536812
153556,0.04045010244349995
153577,0.05574844057087415
153582,0.19957928621946186
153594,0.07038467722537262
153595,0.05008233681502573
153598,0.2095734409546645
153601,0.022090825694382962
153625,0.05870157315966537
153641,0.009823197245759006
153654,0.033505608887525865
153676,0.08197950088976662
153681,0.006112964941443352
153704,0.03974471247232461
153706,0.06310335717346426
153710,0.15573905155819193
153720,0.05713199828894665
153734,0.12626294512024006
153738,0.032058688662407256
153743,0.026179787095619814
153748,0.06764042377255991
153756,0.12560841429188407
153757,0.03245862359177519
153759,0.025974824564917096
153764,0.15330648610930256
153782,0.01605728995829221
153796,0.1419793342987586
153802,0.25106617816656646
153809,0.5032786856738638
153810,0.006210607489840803
153817,0.2750383593039791
153821,0.020135044909019365
153823,0.018025707174301263
153830,0.025113325078688797
153834,0.03576729942603065
153839,0.051794906410225224
153842,0.11561231739868313
153847,0.20110415834593975
153855,0.024520236865376334
153873,0.008054251032145389
153875,0.09064547438275034
153882,0.06742327285531204
153884,0.020655737040766536
153885,0.2336228276014321
153886,0.03608679643380403
153890,0.05966395202110797
153892,0.011294022559295172
153897,0.05606921067916358
153898,0.043306720852660636
153901,0.08077695594112307
153924,0.04637566545251314
153928,0.06376980344631897
153929,0.16966730061012042
153949,0.008699733413922994
153979,0.05548662365363029
153980,0.008777026506515658
153981,0.040034325219407585
154010,0.1930460064584572
154015,0.03604548258764471
154039,0.16958337184416777
154043,0.0074850494933238546
154044,0.059877076336712284
154046,0.047938450279703046
154047,0.0387493560137003
154058,0.026796939665662996
154060,0.03756090778723174
154065,0.21266021799843973
154083,0.049736470888370236
154100,0.0902468214290795
154108,0.10807490644327243
154120,0.16584806098803567
154121,0.06129999966914003
154122,0.03517378353994602
154128,0.07931997670844194
154137,0.05169552225093427
154143,0.13465452216843046
154151,0.056715598680491544
154158,0.04179139093196825
154176,0.020242711709529952
154184,0.0740633875801569
154191,0.07297579536444086
154215,0.11547358017552545
154216,0.03498127250407032
154220,0.029711942924039707
154222,0.2779234442295737
154227,0.04501576679038427
154241,0.015840072170984928
154243,0.061202970235955306
154244,0.05692319062336086
154254,0.030924027659404454
154264,0.024573052192818495
154265,0.1343586103032112
154268,0.13182037514204736
154269,0.01289918900744372
154299,0.014550492808268194
154307,0.04367825563507468
154315,0.10846577020123832
154325,0.08203349877674616
154327,0.048210634742323344
154332,0.10349528238659533
154346,0.016464993092813268
154347,0.03175847577789823
154353,0.2535604086898767
154369,0.03810279087198656
154376,0.022078656059954967
154377,0.11347910369219524
154379,0.08456178042644513
154389,0.016757840677166822
154402,0.0502114562734368
154403,0.05806814158804303
154416,0.01869208473334977
154428,0.07724866946458983
154430,0.01369643065892841
154442,0.2912307259548843
154447,0.0291284882989531
154468,0.011322780998192995
154470,0.020131905544636418
154473,0.09537948841349278
154480,0.04137254531532223
154486,0.04804223630056326
154500,0.11092534381162214
154507,0.1283403398024813
154529,0.006669337129913331
154549,0.008946473970118362
154557,0.02173169146812747
154571,0.08619805207817414
154578,0.03165148142978869
154580,0.009260874651616052
154591,0.03653750483984085
154611,0.2513392068128963
154623,0.01116826308059671
154650,0.06311998778880876
154655,0.1609060026764252
154659,0.04701112330253017
154680,0.10662045264978685
154681,0.031111217997436588
154690,0.15041345715586896
154711,0.043009399105832666
154712,0.044776874903340536
154722,0.01883192613680065
154731,0.026113744314595684
154747,0.22608006489873328
154749,0.0960364397561332
154750,0.05374942891475366
154760,0.10943008173319174
154763,0.03292129450809203
154786,0.19473545241826026
154788,0.05650466068856083
154792,0.08645063534425618
154807,0.45947447726147417
154812,0.009748373372509285
154818,0.1727748815071616
154819,0.06163417897277852
154824,0.07937753056689678
154839,0.13015250240724993
154840,0.0063021595273011375
154843,0.019240119051957046
154847,0.09783033069814315
154849,0.14758091138695026
154850,0.008900060969211449
154851,0.07967330750120508
154853,0.07688715090800839
154858,0.03440792615035023
154868,0.45709031121279287
154871,0.0172871351041081
154877,0.010664110645113117
154916,0.019815534443359508
154920,0.011504206152833868
154922,0.11037822330605832
154924,0.029224954001051996
154933,0.10085104297184928
154942,0.12306110260921618
154955,0.05598446343374015
154957,0.3818991198433118
154966,0.028792178490791288
154971,0.016894956310184176
154972,0.043809102970881454
154973,0.06206173986140477
154974,0.01771605944751112
154979,0.024359213273286186
154982,0.05041001265552364
154990,0.1608779915239131
154991,0.024016225147437294
154994,0.130028821432075
154995,0.0613598341029242
155009,0.027392175670390533
155014,0.01961853561027167
155017,0.014649945936223083
155018,0.023831384837705
155019,0.06918896061092733
155020,0.020508601390339484
155027,0.03865157972107291
155034,0.1484897208488908
155047,0.03789034217927832
155049,0.14260077216187958
155052,0.09697474134052395
155053,0.026727538642160938
155059,0.07875415422001811
155060,0.18580765162724558
155069,0.03060544520946242
155077,0.15225743403161815
155078,0.04786701950148056
155086,0.06582711945562024
155088,0.04524763095427682
155094,0.03400233517144876
155099,0.05029610337591765
155100,0.022707282980171325
155116,0.060695066557253256
155117,0.1330394100021149
155119,0.04148739977994309
155120,0.01366636611350918
155133,0.1418731010793624
155135,0.33031605742834713
155141,0.17622315980262762
155144,0.0204844478013717
155145,0.022258891628315625
155174,0.06388840710798593
155194,0.15645148135458742
155196,0.02454204095145949
155204,0.048908444439218234
155232,0.24900536828028375
155240,0.03302009894262615
155246,0.05330119352038061
155254,0.01490823132269438
155267,0.020858301031054467
155273,0.043983786993323136
155274,0.061851104370511625
155283,0.054026892472849995
155296,0.3343428722472398
155312,0.023806208114793337
155318,0.012738363463031543
155322,0.06544060851780198
155323,0.11180295306075358
155329,0.27031975598448693
155342,0.013826996929737538
155346,0.30764813464422597
155366,0.17207696199474118
155369,0.048751408590958334
155372,0.15797575377270628
155378,0.0791431216589476
155382,0.07208874745876004
155390,0.04288263291247564
155401,0.14669666714797588
155428,0.0569117041827762
155443,0.06393769782771254
155445,0.026765329618494343
155450,0.047107864098890874
155452,0.12624111747920314
155453,0.016291458105165097
155480,0.17406843490045232
155482,0.01798574701863295
155484,0.13134298963625446
155485,0.026125766594507813
155496,0.0858338060430188
155497,0.10907111415186077
155531,0.020355804785810658
155541,0.012116679712856354
155547,0.1251705968558985
155550,0.09206580558048924
155551,0.07389935081705218
155565,0.12209483226357448
155567,0.04002114653793794
155569,0.1348447398920309
155573,0.03355754037580415
155575,0.04106980897898576
155581,0.01902251273104229
155591,0.046838530350551424
155593,0.1076568876851263
155594,0.02123275873833766
155610,0.2772574736397516
155623,0.036516530786979896
155624,0.059996281702594335
155629,0.025309345475949752
155638,0.066229207238115
155650,0.09376109702434535
155652,0.054349442903427095
155687,0.06602754985541069
155697,0.09810498986774138
155715,0.2252499612390127
155718,0.061821541616114715
155719,0.018931260245662548
155723,0.12975360232393457
155730,0.10193146747546468
155731,0.03978253520449879
155737,0.16713987208626951
155738,0.08079711866889931
155740,0.05066763916735918
155742,0.04643697754064126
155755,0.02686228641109247
155766,0.06285345515623522
155768,0.022221521200705686
155771,0.14198029349573962
155803,0.02885083697342947
155808,0.017319505929311325
155809,0.049344461099286974
155812,0.021898783503907386
155820,0.1125122958855867
155832,0.09119129541501966
155841,0.06507450264372906
155847,0.2661063774546153
155848,0.042192619636522044
155855,0.17564053987532163
155886,0.03862799516882101
155893,0.08190027397587234
155905,0.05027890155825
155910,0.18691651243727161
155912,0.013600541176050258
155919,0.18030157773672295
155921,0.03606150335340419
155937,0.024459125802983026
155939,0.09281765115082416
155950,0.04394261741895024
155987,0.06913606062859504
155988,0.034908961564815155
156005,0.023230355260987344
156006,0.01331945581212065
156010,0.04299712654084549
156018,0.058727374650704434
156021,0.14842422734134217
156026,0.050728909640963875
156030,0.056451894231322866
156033,0.006178113004962993
156038,0.062354780843335476
156041,0.08250831759743797
156049,0.027479913798538504
156050,0.017449948220015197
156068,0.05438228182838721
156069,0.2958203358464896
156087,0.022977272779753734
156088,0.07581063257338502
156095,0.09606287071403338
156104,0.142919017193401
156107,0.03352779536503003
156108,0.11329677000139066
156111,0.07886559373884712
156119,0.02075960644005234
156123,0.0356157688075297
156140,0.4275648567699489
156149,0.018729282708140157
156161,0.014739283724920685
156180,0.377652613310472
156186,0.08465194164705733
156189,0.13462039056882422
156194,0.021434902708060977
156200,0.03396722429575674
156213,0.5705476442873626
156214,0.03896884389321846
156228,0.01938436407210492
156234,0.014225351447314582
156236,0.07382459249536734
156243,0.0199899700678145
156256,0.030824227147405132
156268,0.03642814733867196
156269,0.013512508882119986
156270,0.04410022655852136
156274,0.07588017500054646
156290,0.02054823238681311
156291,0.028203801729714824
156292,0.07931329467775897
156298,0.04094296701363604
156301,0.09415577470356605
156302,0.17318265520416043
156309,0.05071845580280321
156355,0.02545694056007234
156365,0.023319101511040927
156367,0.3951078523752738
156372,0.011756168542970825
156376,0.0403437889208775
156377,0.061880350722913174
156389,0.04417962172690533
156400,0.08786456390775572
156404,0.242603512446803
156405,0.03208998487394604
156426,0.08197660139677759
156427,0.026853954727144646
156429,0.07402354204180307
156430,0.030487189476174608
156431,0.06903030028445224
156432,0.054084923863312186
156449,0.05346140241192893
156463,0.046252870655193117
156464,0.062106504491031146
156478,0.011912672497882115
156492,0.0855995593830695
156508,0.07437430404116531
156509,0.037016394131050574
156517,0.07786906663274479
156526,0.2086993089777997
156527,0.014376596417332011
156538,0.20024515498580348
156542,0.04445336791991679
156543,0.05608150279799057
156555,0.022170284609691854
156556,0.10640677072865046
156561,0.05948438349203963
156563,0.02675095587450877
156564,0.05948367443586062
156567,0.01527087804370647
156570,0.0378723379290725
156581,0.12090321493305042
156594,0.036705581324490665
156597,0.028697793555180894
156600,0.06830745701917977
156601,0.017742938277974782
156627,0.06887877913031853
156629,0.07405048868569113
156642,0.01030357127573478
156644,0.04239808307860464
156663,0.012175194290765856
156674,0.036723936145715896
156688,0.012331924772669306
156696,0.08138079889868122
156707,0.007322402214845225
156723,0.07291704061386158
156728,0.11997875435208874
156731,0.07954679478157171
156732,0.052091426822839425
156733,0.05144855948935702
156768,0.10352886075679997
156773,0.11211261085907882
156782,0.1328100164240078
156815,0.10345194756541201
156837,0.02161232261308286
156854,0.08106167100826721
156861,0.1395032778423122
156862,0.019462078193776877
156878,0.3048344849277623
156903,0.09958955683177441
156910,0.03783469228107226
156925,0.07906044199354134
156933,0.04946200596154189
156952,0.08846292237446822
156953,0.06694165611804799
156963,0.39802971245570806
156965,0.16996863528134132
156989,0.03985625701848132
156994,0.02876528847598947
156996,0.04008180778495504
157005,0.036935839485635974
157011,0.014166071690749515
157046,0.07682076787891003
157058,0.056008378150724555
157061,0.10466633173717803
157065,0.04471604177772432
157066,0.05864892704003698
157067,0.11354290843137374
157090,0.0791602917401762
157091,0.06665475780240812
157096,0.015174655232389074
157101,0.3203178578477323
157104,0.029048169781112274
157109,0.03038648392816832
157116,0.04622173234637087
157120,0.3286108271866355
157121,0.044048805992998485
157124,0.1456056006982734
157125,0.0322564471446858
157132,0.11739739086530591
157153,0.09845015201814822
157157,0.2282759222934229
157159,0.1262828661257468
157168,0.04914034331888323
157189,0.054295845493281314
157195,0.050048673881955066
157203,0.028144891927391363
157210,0.11440768402348053
157212,0.027181037303023053
157220,0.03302695501194377
157239,0.05945492487563639
157241,0.031897053589054626
157246,0.02551595179479999
157247,0.1120066366493101
157252,0.01752002324902581
157253,0.48753146478432274
157265,0.022849732041819365
157291,0.08028444920218575
157292,0.043259399261865845
157301,0.06458418568231278
157306,0.14141726290320533
157312,0.398707762592005
157314,0.08406450586174216
157332,0.025974122053509234
157333,0.04459696950710863
157337,0.12219820806851575
157345,0.07517017534966643
157347,0.07246775196529376
157363,0.1654366293190135
157376,0.03545575735694141
157382,0.05233068301611857
157397,0.01677203645498828
157409,0.018208488281205925
157411,0.0218502566521212
157422,0.03861901113571102
157428,0.040403905351371276
157434,0.16037938921015335
157442,0.06362205444328824
157446,0.018043691107327293
157456,0.027189766983790803
157465,0.03482416844906668
157469,0.018226425408888722
157482,0.03397779206967183
157497,0.022810490893176796
157507,0.017127909238418792
157510,0.05962291515817375
157515,0.007667325476554465
157529,0.05708094914369387
157530,0.13840538867881583
157541,0.17188981808277481
157546,0.18277647101113648
157553,0.031586392719068115
157554,0.03814393946158374
157562,0.14666760016795585
157565,0.09088179135957894
157566,0.06252245563439976
157571,0.016712331291262393
157572,0.022328228644052126
157574,0.024503749766119142
157575,0.03634337516804718
157581,0.28144600594607394
157590,0.29571438212795387
157604,0.016804438230790423
157611,0.07736768797525233
157617,0.1251163658374558
157620,0.05903746270403548
157623,0.10150288834388133
157651,0.08840593051510462
157653,0.024295021726277278
157664,0.10378181633086325
157690,0.0541450103845061
157704,0.09251818582244076
157712,0.12887116820642935
157722,0.2818215252293696
157727,0.04242374185936679
157764,0.028598736361437387
157765,0.17510092875026667
157775,0.027231672447341954
157777,0.07299823737893954
157789,0.07621841740894542
157802,0.2327797323964744
157803,0.02595090165926097
157804,0.031128737032527262
157805,0.08354231694586334
157822,0.06735819593865304
157823,0.02345505856992701
157827,0.05850601949986295
157836,0.06540835008290717
157839,0.039321187792911924
157847,0.07497810897416744
157859,0.03962182150840307
157864,0.01709558312448225
157866,0.20128563535090843
157877,0.3004980727013066
157886,0.056460870196319735
157892,0.11912457458773337
157903,0.03762506640408692
157913,0.1384454646518702
157919,0.027329668376662845
157920,0.11391883006716276
157923,0.026924667598585757
157926,0.0435402700729135
157927,0.09294683499107263
157948,0.02579445389294117
157949,0.032915731261779574
157952,0.03754593280319253
157955,0.39091068782235605
157958,0.11297083132257384
157960,0.06462357750763752
157966,0.039017816263499004
157970,0.02520267881225479
157979,0.03374471546059975
157980,0.11431520024511094
157985,0.011065514153141526
157997,0.12155815905857878
157998,0.08060663959688531
158002,0.08186623839701437
158004,0.03952247572456865
158005,0.0930023238621801
158007,0.02320662492984855
158008,0.0195305830840603
158015,0.03816564574926255
158033,0.07592930795532055
158036,0.02860558270050219
158041,0.07258080305591365
158044,0.019613390478039495
158049,0.18197607539712968
158061,0.0283791456602035
158078,0.02160339938131642
158099,0.0092145908629673
158100,0.045158154189690755
158102,0.12304375339084916
158107,0.05798736343189159
158114,0.039292277039499696
158127,0.2541848180400952
158128,0.0989409558804351
158142,0.05474393236776229
158145,0.16531661720905394
158146,0.0850439942795783
158167,0.014466168986475625
158176,0.047095068931879994
158184,0.012210602851570813
158197,0.02260281403625497
158201,0.05360582575508725
158202,0.10571982190774866
158205,0.03741352831056026
158208,0.2883602987499271
158211,0.06930949047013076
158215,0.06139050734469497
158218,0.08357079186706243
158221,0.39372608426182965
158223,0.0812424597411831
158230,0.00907184143566342
158234,0.026247535206317233
158235,0.044360386107295924
158245,0.13178325063089877
158254,0.10429518982502825
158267,0.08256855278866582
158277,0.013942298582633739
158283,0.03965747704105942
158289,0.22183818043440967
158290,0.04672074258298607
158298,0.03293003959193624
158307,0.012254402924159326
158332,0.05602124943896224
158336,0.011487061154441685
158342,0.03140058557652189
158344,0.039623076073611076
158347,0.15571448152263156
158352,0.013728621495017277
158354,0.140729888670311
158355,0.044629770298854544
158357,0.03142126638851376
158365,0.016334107911940628
158366,0.008743932737608828
158367,0.0364422466775202
158368,0.34486898728277904
158384,0.10370500141622213
158388,0.01700705856135122
158395,0.10972227233220569
158413,0.083508259072501
158425,0.062278731191369924
158426,0.06292670173054836
158432,0.013571360622165074
158444,0.08196519033777694
158453,0.022446348938591675
158454,0.10342965517600104
158459,0.01746822264852622
158462,0.0321334550253111
158468,0.06413954291923803
158469,0.03972341343048841
158470,0.030429832232952012
158483,0.05772305294020264
158485,0.026403256664404268
158490,0.13698863443282153
158494,0.03227182888333378
158500,0.052464194872381166
158503,0.03151958884718285
158504,0.010633229252094622
158519,0.09344485010584228
158523,0.042566454040261506
158527,0.029986882413656248
158533,0.021147020675808204
158535,0.01600114171250652
158539,0.09686918973808606
158544,0.11991047471142101
158547,0.02064620349883351
158551,0.12034149239450352
158552,0.008721954843991455
158560,0.023805767534896303
158616,0.27178812383438716
158638,0.03756238561111508
158642,0.017088717748087276
158651,0.014714486755341745
158653,0.026890428815577266
158677,0.01871789355863594
158683,0.04679679056704223
158687,0.05336035851191164
158693,0.03622096089433648
158700,0.05523112874371288
158703,0.03175529340978955
158705,0.2711164846898322
158706,0.029863960067338473
158708,0.016911886285221178
158712,0.04726437183138661
158714,0.11570247520996803
158715,0.06902458073190264
158752,0.03443632303648097
158753,0.032010902423608247
158763,0.02912521453398774
158764,0.04290273207799558
158767,0.15622955517779732
158770,0.01266718497887187
158781,0.019716732737323037
158789,0.08182109347195132
158790,0.015417043665733363
158791,0.4182789602354823
158795,0.19208522734904854
158796,0.03595702953200419
158800,0.026374302100963837
158806,0.026711342614798274
158807,0.2471918480892385
158815,0.25552672836551843
158824,0.04640364968532629
158828,0.13792024963710284
158831,0.21203162468582526
158840,0.047895861727485
158841,0.03543724058460579
158847,0.06645793805496733
158856,0.04041264441894321
158858,0.09671925024554354
158884,0.11493443214890753
158885,0.039711780937242924
158891,0.07898543815253024
158898,0.03576621296580946
158911,0.03952692921896693
158913,0.009180044145781116
158918,0.053035083302129964
158926,0.0361623555276233
158929,0.11668230165275931
158939,0.09798206212658658
158940,0.09614125475082612
158952,0.059181673384766625
158963,0.019392884867919645
158973,0.019919956455819048
158977,0.14206313956987657
158988,0.09082091466094859
159013,0.24652885803498337
159016,0.07283154117893507
159018,0.019905234231002305
159024,0.3499574633019954
159034,0.060921942992628264
159035,0.11239689969685493
159039,0.11096184468046405
159049,0.09738288329760582
159056,0.08176586878238354
159068,0.05705145230913306
159078,0.13288709894670253
159099,0.0302779482260718
159103,0.10608294915901553
159106,0.23377935962882435
159113,0.025035394319751995
159117,0.05549958354841977
159124,0.3697639185901657
159132,0.06858376763231015
159139,0.040938461932166374
159142,0.05507494537256166
159145,0.07398820661514162
159147,0.04290611385885723
159174,0.024509810476534222
159201,0.09816734232192201
159203,0.029671391898636598
159212,0.21265023047140968
159214,0.11728094135806755
159221,0.08754396172052388
159240,0.0508717083470773
159241,0.03952721990562182
159242,0.05227550118142294
159244,0.07795297553508362
159250,0.06692471178943743
159275,0.03895263927578467
159284,0.09399640774095791
159293,0.03051320910368679
159295,0.017264248170471508
159301,0.016661548074981783
159310,0.07759265929926004
159314,0.05663107049851426
159318,0.01752550258373066
159333,0.031639036058463424
159334,0.0486482600055551
159335,0.06618611728983274
159337,0.2431540248493493
159338,0.06817028678133855
159340,0.22683137583731716
159361,0.02896816576747332
159384,0.13544873319939083
159402,0.05235591316879647
159421,0.02270999294364684
159424,0.11344474623048001
159425,0.007896877752274958
159426,0.06569457108795067
159439,0.14629228342541906
159445,0.024061160353590856
159449,0.019070056027371617
159460,0.5137592409930127
159475,0.05435932919086189
159481,0.064399306236286
159483,0.09340485696655437
159494,0.03279284620866524
159504,0.02101103478762727
159512,0.1115225956961297
159522,0.17050876855931962
159524,0.06711339707344005
159526,0.022086586592648907
159528,0.04272520272624902
159547,0.27957815333412656
159555,0.020554898265499645
159562,0.07876911146823705
159563,0.014440116807515693
159565,0.16913576198421126
159569,0.08291407628116845
159578,0.02191796433847507
159579,0.1163189319172033
159581,0.019619406576444818
159594,0.04151779875482682
159598,0.02063280593292984
159604,0.03126462151282626
159605,0.042264581712359806
159620,0.10053823420439592
159631,0.06450847233717107
159633,0.025056745686821022
159659,0.09542999685475836
159661,0.1453679997611105
159667,0.027556755262986163
159669,0.030229164333762517
159682,0.06239326623105939
159683,0.03925959416557507
159693,0.037951693293702904
159698,0.026193354686248546
159702,0.15539432889971697
159703,0.032476700725154246
159707,0.01688286625391148
159716,0.0366157676783599
159732,0.04521931675679927
159734,0.04535363554185276
159740,0.04839663918064246
159748,0.0585055375221097
159751,0.0692982433911438
159756,0.07783380395449542
159758,0.3300840240020247
159767,0.05674640110291651
159769,0.33948669382090296
159775,0.0792639107581359
159802,0.03089175341499021
159804,0.07558108554210133
159817,0.0683318730684352
159818,0.005122329929160778
159824,0.02373223221788713
159837,0.01089204593096675
159840,0.03525171335543241
159842,0.21361319446394528
159851,0.013584229044924505
159865,0.2714830210898565
159866,0.07063762286965417
159872,0.04698603288534445
159874,0.02434539857985563
159879,0.02802915073462757
159883,0.04026069017084614
159884,0.0381972347321136
159898,0.3574013337516007
159903,0.0550811556992014
159906,0.08221925707267495
159914,0.12336774308621029
159915,0.14442707730188323
159917,0.01792286666297092
159929,0.040507076674086415
159949,0.18292875317950386
159951,0.04818803649570634
159953,0.04677353023782563
159957,0.09228139218598078
159968,0.07857808397467045
159972,0.046363604650022115
159973,0.06358712911331986
159993,0.054998038931572034
160008,0.2875677669582212
160011,0.040177183794277496
160013,0.05359681441701541
160015,0.04533569131569448
160017,0.013081534285893166
160023,0.0637502686728875
160028,0.12466705146397505
160035,0.13618695152281945
160074,0.10980898527217939
160076,0.07358478551650023
160077,0.07243429875386811
160080,0.042869754193665524
160084,0.10709176163808652
160089,0.5483549028782606
160094,0.00952739302305447
160101,0.03973627152022074
160103,0.03753831048461493
160111,0.059959078918657954
160114,0.04407218525640732
160116,0.023480224032609572
160119,0.11289662312984768
160123,0.02969499692232221
160141,0.034458755433961985
160147,0.029085729622300497
160151,0.02660448641908536
160172,0.307110685570424
160173,0.009986772899559595
160177,0.1357903306762743
160178,0.04043872295856246
160180,0.03682674819953608
160181,0.03579676176346129
160188,0.039094484529007066
160189,0.009017527449716912
160193,0.03735023638656682
160205,0.02443700803179525
160214,0.09999427091359142
160215,0.0759413706018934
160217,0.02204723127841642
160262,0.04440916055831812
160263,0.03863080607166257
160273,0.04525466021408737
160282,0.21049149211523818
160295,0.3074631937134638
160297,0.059659379144762305
160303,0.016425634840204033
160305,0.03949037433952973
160309,0.02412472043318382
160324,0.03462374934649798
160338,0.19908352182323621
160366,0.09024725378451623
160375,0.02369517066354491
160381,0.01399103617975356
160398,0.0405063770525831
160400,0.04468572377659529
160406,0.06454630695704655
160410,0.028385415584183754
160411,0.008587185000597727
160418,0.04732597687389278
160440,0.012667614612189841
160441,0.057838618840817216
160450,0.3692072265321775
160465,0.024432184867194517
160470,0.06037123418592274
160471,0.09283082346236336
160472,0.42117362290463334
160479,0.10496169485907715
160490,0.033874618513189604
160500,0.2177858192449798
160503,0.024621165481370853
160504,0.06435212289037648
160515,0.04102298993834559
160541,0.13647573161286006
160545,0.056467732592219856
160562,0.048796169290910685
160589,0.04503284793810189
160594,0.02277898883734363
160595,0.027169515239953923
160598,0.07653979900580024
160601,0.01815770116917818
160605,0.13457665582859618
160606,0.015626883702751133
160607,0.028786363520074125
160608,0.2502089481490107
160610,0.07119306454150921
160614,0.09396151138756785
160615,0.020150479469654346
160626,0.01982866703564566
160634,0.012466646628359376
160656,0.02182211174363229
160660,0.034045513998528176
160666,0.08970216003651091
160672,0.04643510397052632
160673,0.028257510944971545
160674,0.037330050344721505
160681,0.036829021643645446
160683,0.10014743699661727
160694,0.02041674234894697
160710,0.07203497067213609
160715,0.09217828123061969
160719,0.09968154575709173
160732,0.046180775593796915
160734,0.008941636497129018
160737,0.17679636566928475
160742,0.042153728716362165
160747,0.015404045804427818
160749,0.09885380543957606
160753,0.06366883466094402
160756,0.07791892133697481
160757,0.10897101797091363
160763,0.009136783397154152
160782,0.026042734056029103
160789,0.03783839647639219
160804,0.047947254201475095
160805,0.08293150293140905
160813,0.03092579381131617
160815,0.007665412521403183
160819,0.021985018894827818
160820,0.1312896870107223
160822,0.027989687481491346
160823,0.0790497734916251
160837,0.06703607457256905
160841,0.03338049432595255
160847,0.08827532209560145
160861,0.04405401881602344
160886,0.03012712766041309
160891,0.04274412982709615
160897,0.02806929419906586
160914,0.13390185399944798
160915,0.16411958278053979
160929,0.16331857757980695
160930,0.006174297448568101
160931,0.017503558362061588
160935,0.11508415904948723
160939,0.046851878957247135
160953,0.027430520915644525
160954,0.046147180713904966
160962,0.05149599475109327
160966,0.012825319847207813
160982,0.04927591339918598
160983,0.03225014014148586
160991,0.020899613117803438
160998,0.050881958951510195
161009,0.058985244710369346
161014,0.044144169638582045
161017,0.08711687841785609
161021,0.04605524842173763
161023,0.028528551267660185
161027,0.02783041012515047
161028,0.10369353803420564
161030,0.32056920560426955
161031,0.015887226581149362
161033,0.04194408519526496
161050,0.050947981853154474
161053,0.050321578277986126
161054,0.09057235814828725
161055,0.01799932572257724
161059,0.04054764618085677
161061,0.0600373423197767
161065,0.12310984631528014
161069,0.03823526239427669
161072,0.030875295549736052
161073,0.029694289579145612
161080,0.08123212412959044
161083,0.04301548998746854
161104,0.05355553364334678
161111,0.17249915493809587
161139,0.14738300210501376
161149,0.02284007417347319
161158,0.15553627139629156
161171,0.056487926536171296
161175,0.050087270258800734
161201,0.0705212845356386
161202,0.13481743455713086
161205,0.05046095774805633
161228,0.04382207980453466
161233,0.02730143972140016
161234,0.06193445113181527
161237,0.032328038157314345
161238,0.06728263824778145
161250,0.19594819409018505
161251,0.04660154607647121
161253,0.017655604405968972
161254,0.02324774764309058
161283,0.03714190636328659
161291,0.07938929566150715
161297,0.0509503200654651
161300,0.059711364606454265
161314,0.10892780539744396
161315,0.03397785527473091
161336,0.03301402561805818
161341,0.15832675005996705
161343,0.08328497927082598
161351,0.20174877879708308
161352,0.07335239538191
161353,0.06866573501247167
161361,0.09503357865182846
161366,0.051659857261229854
161368,0.2573097095628919
161378,0.04810730302531316
161379,0.12776878885010018
161380,0.019315368605106447
161398,0.13501224908724507
161408,0.01373950309992456
161432,0.019959346456559855
161439,0.13196298913127036
161461,0.048236115613445624
161467,0.13216492514935912
161468,0.07482022901230892
161471,0.03906542682271009
161477,0.134365035740259
161503,0.035249824180864586
161514,0.009020883615599568
161524,0.3057950035744158
161527,0.027505956276538922
161528,0.018986426047398034
161531,0.23605121118810585
161536,0.03254057328534028
161537,0.04922208976990394
161548,0.02594418644225211
161558,0.0230200041252962
161572,0.014990350121595213
161586,0.01953026288635658
161605,0.11171618804783852
161606,0.045046079645046866
161607,0.08378570716690754
161618,0.0645168252513966
161640,0.05796239902006643
161658,0.03563015626145608
161660,0.02977324451631074
161661,0.08734075861973946
161662,0.1936038790716389
161677,0.10556863711219322
161681,0.054993298198833376
161682,0.01706372612492437
161683,0.055254062235192025
161685,0.013897036757970828
161686,0.024977179675099815
161687,0.04653268372644239
161691,0.0202222007596999
161701,0.08121666495049944
161707,0.04769304639473139
161709,0.012167640018960663
161710,0.02821007951546487
161711,0.0427812011551787
161714,0.1073288116567126
161742,0.03891165990480656
161751,0.017317125669665177
161764,0.056389277424646625
161771,0.1368967865779284
161781,0.05690388936909257
161782,0.04835007789757783
161800,0.016662922504904084
161810,0.07022213870990089
161812,0.13938573459703046
161813,0.012353868454457295
161816,0.009517697064294497
161838,0.12553740514525105
161841,0.053805993454312515
161845,0.03643558861812124
161871,0.10412746180808177
161877,0.167052218117529
161882,0.05714463229668508
161885,0.07339723338472942
161886,0.027401435656028553
161895,0.031688135384342196
161897,0.1924578143696137
161914,0.06864320947660281
161921,0.08721862236509356
161922,0.06207373015248519
161927,0.2561218046256867
161946,0.00898489169600144
161952,0.019490977663364467
161954,0.11115382030998676
161955,0.049400954068420544
161961,0.11334535482954386
161977,0.17892390082968262
161980,0.07425460195183207
161989,0.10877031581131145
161993,0.13981941848147406
162002,0.035169527813998576
162011,0.03712956241072373
162012,0.01083305373992743
162015,0.024926808694433304
162016,0.03655190444271846
162019,0.021913646098650846
162021,0.07343202294457006
162022,0.10524695779163208
162023,0.055785966666761125
162025,0.0316877299458934
162028,0.010857077705347714
162029,0.018578764267543627
162030,0.015105866631459214
162031,0.40945730354748544
162033,0.09092149578202711
162037,0.012799930228687481
162044,0.07708802067747332
162071,0.09170942916549944
162093,0.05456744643989155
162094,0.03886935036758892
162100,0.013925831488790867
162102,0.09886577911283677
162105,0.030359891797368282
162109,0.07742702293525147
162116,0.05368727863780363
162117,0.016119840640104147
162118,0.18718540087386648
162120,0.08690459519561179
162125,0.05038408735872717
162128,0.24449716662543725
162131,0.15989290018235164
162133,0.07963098975037712
162135,0.06731819966851764
162156,0.016257095155665358
162157,0.03676867781302274
162165,0.0989110600881771
162166,0.019576055683808314
162170,0.07535228990011837
162201,0.029998373256912472
162202,0.05177265209766849
162206,0.006063569840779921
162211,0.058569182866570535
162227,0.026131384226854668
162232,0.02703271953362588
162235,0.0575639910433646
162237,0.2670438345134309
162248,0.06355505452888995
162261,0.0944562923582066
162262,0.029603052932039246
162280,0.031121632716125093
162282,0.021914369280970816
162284,0.04816861240251396
162287,0.1406225981137748
162305,0.04486607654041455
162308,0.04292159158815037
162309,0.03728033458576356
162312,0.03294229491215181
162313,0.012073534596104506
162316,0.02796907513990052
162324,0.0655064902536756
162325,0.05612223260375663
162333,0.016736094444551267
162334,0.048914629760685634
162337,0.03030962659903754
162340,0.055824476741613255
162344,0.1385422750825175
162347,0.05373066452706264
162350,0.04062470322455898
162351,0.10083738391987838
162365,0.06272295592892892
162368,0.027292314586639287
162379,0.09464422288574953
162383,0.04562352420805137
162392,0.05067337774584754
162393,0.04583556069152269
162397,0.06630097160474326
162398,0.1308416261741713
162406,0.07289375817101537
162410,0.08282231622987368
162418,0.01712561536401808
162420,0.07265311040539595
162424,0.12407598998736896
162425,0.02749587424103092
162438,0.03892321795071464
162442,0.010730512829926543
162462,0.030011732471306035
162476,0.0175149981143868
162477,0.03629301375467091
162480,0.05338398280336217
162491,0.05688601737780475
162493,0.038303478808997524
162503,0.035365800892180735
162504,0.029019960404799344
162513,0.06300933585716106
162516,0.232466240122012
162517,0.02468529450160182
162522,0.05832314397131792
162523,0.08513551304199499
162542,0.07280344663756379
162584,0.20651712504858433
162586,0.048140597201705125
162589,0.07321010533577076
162594,0.05257024447884156
162616,0.022025075356441583
162630,0.06425652500066613
162637,0.051889001040927904
162652,0.025921173560487336
162659,0.24247174544670597
162668,0.017230300196916293
162674,0.03071345577813997
162680,0.05331790864641159
162685,0.2758566604869647
162689,0.18259651336949587
162711,0.060353654824663
162714,0.01941858348474353
162732,0.028191434120187937
162741,0.02386630763704088
162758,0.09510377914782644
162759,0.03392536163139274
162775,0.1225978569052874
162776,0.06490884197696305
162777,0.02117109754418184
162782,0.03319674983722183
162786,0.017533924361543236
162794,0.059821199100639814
162799,0.01615359804432571
162801,0.1584642972649357
162802,0.09693349784723967
162807,0.03924169489095376
162820,0.043036790439496056
162827,0.016499306310208413
162833,0.035088279208568725
162837,0.025176773116035646
162844,0.036307422602070864
162860,0.024896002519449185
162862,0.02679988594519058
162864,0.09065616701328041
162868,0.06204351935557294
162880,0.029070868060219864
162895,0.2578818825031871
162898,0.12207115683219358
162918,0.11907130522951684
162924,0.10879119690975864
162931,0.07665161040541171
162936,0.10661177738145453
162978,0.07392347807124751
162979,0.016393334929595806
162988,0.04322975955844975
162989,0.0946067277480793
163013,0.10773699391938497
163014,0.0358412299615031
163021,0.05314220880934421
163024,0.016029244186428454
163027,0.011329027458025593
163030,0.021587562530035256
163031,0.022264116821920553
163032,0.027552842213318877
163039,0.06779870301358319
163042,0.023777757935956816
163048,0.04227073277470534
163049,0.018211318798003327
163068,0.05117646240208028
163071,0.031068543224656634
163074,0.07514560472593196
163079,0.05764751074245192
163080,0.012959719064469561
163085,0.03385679599112655
163093,0.042514222330853974
163094,0.2198599711724415
163109,0.0515428511730362
163116,0.029287813392969767
163117,0.048234930807669905
163118,0.06500904760321045
163119,0.3790246499061628
163121,0.018005763619535747
163131,0.039774255311566864
163132,0.03950972903373669
163133,0.12411816743431626
163182,0.07625846733399996
163187,0.06839223667268025
163188,0.265623238368418
163195,0.023261035416322164
163197,0.03435748760509918
163200,0.007493813736076207
163206,0.2778277526182131
163207,0.03781902884824517
163214,0.19610532815158868
163222,0.016927150651003038
163224,0.056698241403292375
163226,0.20504447601089215
163235,0.09007540836415949
163240,0.06540356195004714
163258,0.10545176714376983
163263,0.0277928160710989
163264,0.15135209254780255
163265,0.06518965750755439
163266,0.09817251358063557
163268,0.1134573336330793
163272,0.030653687849482088
163273,0.3299057529111565
163278,0.0991886145173931
163288,0.007006343299896038
163299,0.11887951277397948
163302,0.08099749849908514
163307,0.036966778956346535
163321,0.08747709522486331
163349,0.052727178040011966
163352,0.18900225122033237
163353,0.09365058948642173
163357,0.2429160124340085
163362,0.023887374350115294
163375,0.024487936851865344
163385,0.022488251780043073
163386,0.12525637082558463
163390,0.06908953832412978
163408,0.2277716991312505
163423,0.03730666076319467
163426,0.30535321727945725
163437,0.19938846823315076
163452,0.05224174162657194
163472,0.11743430036406328
163473,0.029853819753322547
163479,0.027411331159661066
163480,0.031020274067416937
163487,0.09394592622691392
163492,0.23444912102531512
163493,0.04786292057921358
163523,0.133908524507778
163524,0.06050987916707631
163527,0.06049031206838704
163528,0.11437921256307552
163531,0.01225319967541778
163538,0.06117127200407123
163556,0.020218141939662596
163563,0.30110619350834017
163566,0.0733011022336362
163570,0.02176321953381546
163571,0.031190140561309004
163574,0.027787023980128514
163578,0.03684739115494692
163580,0.08760689347146822
163597,0.09454971549508917
163601,0.0849374926708241
163604,0.1013441370638628
163609,0.026963790483986456
163618,0.06090408843333307
163634,0.2527692729788484
163647,0.09277287999109096
163660,0.2309817511567333
163661,0.02906287357550868
163666,0.02948208670120861
163667,0.19935067130226872
163669,0.07903783571298033
163676,0.017883550981280683
163681,0.020400107619009903
163682,0.05010699295336105
163684,0.05606597330402934
163714,0.19654559163497987
163724,0.02661774976967527
163728,0.13216568336681314
163729,0.02254650481294722
163738,0.03671324955486831
163742,0.05989633902813481
163743,0.20840210038541052
163748,0.05970791977113678
163759,0.039713552864336164
163782,0.01737006830199703
163793,0.049890956480941134
163800,0.023642050096331434
163801,0.0857576464723704
163802,0.07049751220388911
163814,0.0766155137427691
163820,0.03078725686486346
163821,0.011434183631808679
163848,0.02101323349691587
163852,0.13004841447689858
163854,0.030502683093523934
163855,0.2975332963854237
163882,0.023590060526941143
163895,0.04388787270367074
163900,0.17939853484823176
163907,0.11049528644986853
163915,0.023350648190642392
163926,0.0753591619943921
163929,0.031106469240566797
163934,0.13330371038236277
163940,0.06727566486871932
163943,0.0715979176073553
163944,0.024851798408231207
163949,0.019910350713315844
163951,0.016741624872534628
163952,0.07649126269076593
163965,0.15913149289157857
163970,0.024897028990070017
163980,0.03319806607317685
163981,0.034806402493182925
163988,0.14057962423003995
163989,0.06761637031347517
163991,0.03822505367745335
164015,0.03594333392048195
164028,0.05257106787786101
164030,0.0888132180121518
164031,0.06297942696775544
164037,0.01598288521914279
164049,0.057258768001260854
164052,0.04627547698258071
164059,0.02189121129049795
164083,0.13122472080195627
164095,0.04509389593011795
164106,0.42777782747827897
164116,0.022596658533131232
164117,0.2684146425680577
164119,0.018598521962484363
164133,0.13707616291079291
164134,0.053654441223719734
164142,0.025410834522091447
164143,0.01731262833243078
164147,0.040264790005527754
164148,0.09453061604621517
164150,0.23988409819307666
164152,0.04625904278641553
164156,0.14955237523006218
164157,0.06032213173195375
164158,0.025761039954213256
164166,0.14289563760961257
164191,0.015765192081630193
164194,0.0768772571957652
164198,0.021204597187956205
164201,0.017801808481900418
164202,0.05449026364477329
164207,0.4679396098364528
164228,0.02852777694521429
164240,0.07434173123433167
164241,0.06405369932248987
164244,0.018869263660018454
164256,0.0871360155234969
164262,0.04899356129733026
164269,0.012790747265203422
164276,0.016420530219057112
164281,0.16351974682034165
164290,0.03516465150023665
164300,0.2191271255618229
164305,0.1385214906087231
164307,0.03717471264660507
164308,0.01584273246380038
164309,0.009549309849324662
164314,0.08244590284006272
164319,0.050608793293844795
164331,0.034595737381007755
164332,0.016872813191073283
164343,0.07449491034177408
164349,0.08430813002975215
164363,0.0457824499894598
164373,0.06462597737626022
164410,0.1824939908089123
164417,0.06152512789715686
164436,0.026719458351338904
164438,0.022830399801911982
164441,0.05283416564032762
164445,0.027107455862484524
164451,0.04198734514195431
164452,0.014280351759169061
164502,0.1246190473226878
164513,0.11181513176151989
164526,0.27135145104492997
164527,0.027863818270448776
164528,0.10034736623103202
164530,0.023271290294320263
164537,0.08183572510878438
164542,0.0805204534582818
164546,0.04243230349588846
164555,0.2654164512019759
164556,0.008117222844973772
164568,0.12671415103151376
164571,0.17070234265730808
164572,0.25047977250164594
164574,0.042276042121455255
164580,0.05913854263700524
164597,0.020437269212190277
164601,0.007645435052125908
164619,0.07047530026747442
164633,0.03311739180718472
164642,0.029778792165755137
164652,0.12174358712371428
164676,0.03706920376521753
164682,0.03369124945038275
164685,0.08583255699922963
164691,0.12881389977631932
164696,0.020263797230883465
164708,0.07384499830581534
164711,0.06859546128069556
164712,0.11933483218410967
164717,0.05728307671739599
164721,0.03906102257543624
164740,0.012085909102743098
164746,0.014996428508132136
164755,0.07761755365359442
164761,0.05239191258572043
164764,0.042363426154402674
164766,0.5487274433507153
164776,0.3264958762485839
164777,0.025042695843292044
164783,0.03431580793726096
164786,0.014855637791737947
164799,0.0925667001572157
164808,0.09437777417426363
164812,0.07130176284730987
164815,0.09782942171984364
164816,0.01552508048302146
164817,0.0874247102352477
164818,0.07950377959303502
164819,0.2870195923435087
164821,0.07902973428527788
164822,0.03187287734693136
164825,0.01934172907633911
164834,0.05374543884518013
164841,0.017734310522423538
164842,0.10605470888340349
164853,0.03634394999647777
164855,0.12039322246707546
164856,0.01940874785150092
164878,0.028313780187099385
164883,0.02645938289683413
164887,0.031464695493645195
164888,0.041697816253457705
164889,0.07660583817566713
164891,0.40370785089637146
164892,0.01160931438687728
164922,0.031101978334904988
164924,0.094073132193674
164933,0.15710336241766146
164938,0.024241894498126932
164939,0.21344854245631667
164949,0.028517799285575154
164950,0.03699836878242646
164957,0.19263871115566467
164961,0.07735919357438148
164963,0.029403913394806046
164972,0.024405128978904737
164980,0.016176404355890493
164981,0.04380125249183586
165020,0.07908436447766246
165027,0.03815886494007811
165046,0.05996557054043901
165048,0.10191984708866156
165049,0.06186335330682561
165058,0.030490725804453823
165065,0.030120406480868653
165081,0.053836285364913285
165082,0.08385305502547621
165090,0.04270523626122943
165107,0.025902355257266994
165131,0.0901944682110134
165133,0.1306913659781612
165137,0.02220819755098757
165140,0.1380276472451432
165142,0.04099159634305562
165143,0.09482296384393521
165152,0.1309635626084837
165154,0.04694126053504592
165158,0.07717676761734571
165166,0.020584278600798898
165168,0.05465012540474776
165171,0.01524543743180906
165175,0.0763584900046955
165182,0.03265889557812243
165188,0.17255171075324774
165190,0.019624808979581538
165199,0.021360593132138395
165202,0.11819679762434021
165203,0.1272800572359787
165204,0.10921673971700802
165208,0.024052745608419423
165221,0.09063638687774768
165243,0.011038538392622565
165283,0.0805852035176836
165300,0.03005832564585994
165302,0.10515526309082596
165304,0.0182340131884272
165313,0.05730130097577419
165336,0.14456606260703542
165339,0.14638030302478666
165363,0.25696002502087184
165376,0.134263444463591
165380,0.2267403634564678
165385,0.01987252595095993
165386,0.04216659197270325
165410,0.01402735563895052
165422,0.014804341740259122
165426,0.03059460619386465
165428,0.06915995055631577
165445,0.1030872081007021
165452,0.06244566250831032
165454,0.02131405696696185
165455,0.022759693312115616
165462,0.024689311258198683
165465,0.05101061672697449
165466,0.0672148593257106
165467,0.19848169461714948
165476,0.0342161526898942
165477,0.05335163513320395
165478,0.4275677267223608
165497,0.059981797574874436
165500,0.03217889987821024
165511,0.06117952061764691
165513,0.13430207835908817
165515,0.2268112650864737
165521,0.0221524974503741
165522,0.06401177176541954
165523,0.06149875556043018
165530,0.05660871891440532
165537,0.039975495742881464
165538,0.02031079966505366
165539,0.05467667767074584
165545,0.018521181818692
165550,0.03971398849885341
165551,0.05052043268343852
165552,0.05403846466142799
165557,0.02945553376247055
165558,0.05049216103659459
165560,0.03181495690947133
165574,0.16595514089935434
165576,0.30388900598257057
165587,0.04152218455086863
165601,0.008558425790674007
165605,0.01233312205427508
165606,0.012542624284172642
165607,0.02131009804349132
165624,0.1898211180370094
165632,0.04078477782965279
165633,0.10688229588403575
165634,0.11119047637976577
165646,0.03460818398591064
165649,0.02104170814806731
165651,0.11055571518244761
165661,0.04568531316718632
165666,0.04349483107270655
165669,0.04957471830072856
165674,0.023725030949289027
165685,0.27144063312477873
165687,0.08725267868404615
165692,0.06800848695703271
165721,0.18680077621873717
165726,0.14053355359059527
165748,0.03201270486767708
165749,0.062442142011561785
165752,0.03594025820511509
165755,0.04074020131071927
165758,0.03725052771128684
165761,0.02020223801951857
165762,0.04607713520132476
165780,0.05610231699703786
165781,0.03690364541095012
165789,0.12828584633565063
165802,0.009738223649723285
165806,0.039903359673916255
165817,0.06930949153662938
165822,0.36568848479199745
165837,0.01937496883806042
165840,0.20730055125735464
165846,0.021219417108592754
165853,0.01682680611973347
165864,0.19247250488764056
165865,0.0330019613219356
165868,0.08739470641828849
165869,0.05289642298016016
165871,0.03716689362626842
165880,0.08939013015369893
165887,0.07166870794442128
165904,0.09748520800949603
165907,0.030014059689104297
165910,0.08835206632802771
165915,0.10814639685646313
165917,0.041336191735711264
165918,0.4464339584581857
165919,0.05608295632808294
165923,0.08455030662719987
165931,0.012875510569658155
165932,0.03429584555523567
165934,0.5079438169380269
165939,0.1079794951378576
165944,0.08626623330375505
165951,0.30880119010200563
165955,0.013933431750488782
165959,0.15890076752762863
165966,0.1009313271874904
165970,0.04295906958239758
165975,0.019269871757934685
165977,0.01663126086394353
165990,0.349344350248174
165997,0.03384331446421032
166003,0.07803343237523347
166008,0.028744386221792463
166020,0.07220462531363173
166025,0.025657948588879466
166033,0.03210182717638323
166038,0.035339762324435184
166042,0.02728013767639645
166049,0.014735766517622116
166071,0.007708169271919805
166091,0.1496019428423282
166093,0.2491247792892312
166095,0.022576872688448733
166104,0.018944851098335946
166107,0.0425509232667594
166108,0.01851546283315121
166110,0.02068310258924816
166112,0.10047223750098407
166135,0.06962319952799124
166136,0.027618136073862556
166138,0.1687487291332814
166153,0.24229011553311336
166155,0.10204176030145853
166158,0.07143811396851484
166164,0.11903462835576593
166186,0.09229810536427072
166191,0.07920232030517334
166196,0.015395810157529746
166197,0.19013893901856932
166202,0.04007246311851111
166215,0.024355977954089777
166230,0.03324137327552013
166243,0.2594085422066251
166244,0.05970852804735366
166255,0.016834021543040194
166258,0.09436085005036712
166263,0.12467403834116211
166271,0.0550560046700461
166283,0.047943011815315476
166286,0.03427719712768477
166291,0.04258579419966669
166294,0.07110296580584605
166303,0.1346443573966828
166306,0.11677522269444834
166309,0.024750857794543717
166316,0.0750095360812626
166317,0.03760565275736224
166321,0.12644017750382425
166331,0.04992385701193599
166349,0.0388813390486818
166374,0.010004691179111052
166387,0.014775666839282268
166393,0.031964242459536156
166400,0.027401755416113654
166420,0.0049199004471157095
166446,0.021708596157734017
166449,0.06319377315045585
166452,0.027452544814371375
166495,0.02201293192917505
166501,0.025842370899645917
166514,0.11937747946759178
166515,0.05528629398911182
166521,0.04932851400801179
166525,0.033594350667836406
166529,0.03159797463994763
166536,0.10466788970446184
166542,0.022781091986714023
166543,0.0927961506064055
166545,0.012076710928166685
166550,0.049408128379122576
166560,0.018571916603361844
166567,0.034096435606042926
166570,0.01729567935808433
166573,0.03342151792458591
166582,0.25783038212710646
166583,0.2156503579090382
166590,0.017529933682899047
166594,0.10906315617984659
166618,0.46225698911275204
166623,0.12274030109733461
166626,0.08416373829054291
166641,0.07779503603175483
166654,0.01621131981831246
166682,0.10200061387729181
166685,0.12142936731214804
166688,0.035843102786551354
166692,0.07105745493931646
166701,0.027919291711034487
166702,0.11429888658677123
166705,0.027978210094691328
166713,0.0467860278983565
166733,0.017579483574244135
166734,0.034880699017736626
166738,0.050335454733302754
166739,0.013155880575325967
166740,0.04109526546607531
166755,0.06450492567239162
166761,0.18941973041117532
166764,0.03368769375415613
166773,0.02627973179673155
166774,0.0870928380508226
166814,0.034994868828748346
166819,0.19659424461023817
166834,0.11232768758089975
166841,0.16601834904242885
166848,0.23801821184305644
166857,0.13402981282141374
166858,0.015537595345915152
166873,0.021192443928273515
166889,0.01699652405338172
166890,0.012896058456368084
166891,0.06436881095096547
166902,0.10553020752735877
166908,0.04664481737891844
166916,0.06510961974544704
166920,0.04545571466821989
166922,0.059415177656546664
166926,0.03962018131532905
166928,0.06294674106123939
166930,0.13412295566090723
166931,0.016817659817381078
166932,0.025736659325071555
166937,0.011834059037076974
166941,0.020465787401824614
166944,0.02177413342362445
166960,0.07235077822632707
166972,0.027181826496979804
166973,0.09468906422301165
166978,0.02821401206217068
166984,0.08027090201964682
166994,0.06049823541207991
166995,0.06931537535693522
166996,0.010992010742136137
167001,0.03633113542537104
167006,0.058957697451874944
167007,0.040709779944490876
167037,0.22552338997726024
167041,0.03535451481769263
167051,0.22046651856017635
167052,0.07702168587387881
167054,0.024387137858656524
167057,0.04996834764797626
167058,0.09610518441460042
167059,0.020221600481570418
167060,0.04211574030834436
167066,0.009818077322104168
167077,0.045033103387395704
167078,0.03664381422870418
167080,0.05960478291644785
167089,0.10066257731159817
167090,0.0589676311598328
167091,0.06221143747393758
167096,0.03310110608466217
167105,0.10454260990267655
167121,0.028357645500866207
167128,0.04997932725722655
167131,0.3397254110496206
167139,0.09589199397924311
167140,0.22030378762197056
167149,0.08152066317347673
167152,0.4494590180884789
167153,0.17882198390401766
167163,0.1528511828306945
167167,0.1670171496533977
167171,0.034209023411170346
167178,0.050106555618492525
167179,0.04112199170938978
167182,0.027261076034904005
167187,0.018770298095158608
167192,0.10850298266417857
167208,0.03189477472263319
167212,0.13171898066522925
167217,0.05846877385716316
167230,0.09462940422724736
167236,0.006952882236019404
167238,0.10737385547617723
167239,0.03487986231318653
167257,0.13850510205470837
167260,0.11633193163767463
167264,0.04719836139133311
167271,0.03433949393442843
167273,0.10961135813411811
167276,0.11742818322199164
167283,0.11244295444409826
167295,0.024162672474523715
167296,0.22740478101850092
167299,0.16726507882899944
167310,0.008061808813440126
167313,0.10708798259707467
167323,0.037869800865709576
167328,0.0887409887107346
167329,0.0795075831669638
167333,0.03872325441077803
167349,0.04892224175171479
167351,0.030235125526804456
167359,0.03936930122075425
167363,0.03834938151747998
167371,0.012495204636831158
167384,0.07453125959568148
167387,0.07167495279364822
167389,0.024278990577681903
167393,0.019775350150871555
167401,0.047338771493162006
167427,0.032245403607232104
167428,0.022344141712612467
167433,0.07269362783746607
167434,0.02236047507161918
167437,0.07943169286108125
167438,0.027415713160926516
167454,0.068927980042131
167475,0.017615038010234896
167480,0.0545879418247501
167491,0.033644486380490196
167494,0.07534706790494208
167495,0.05105271840339305
167503,0.036790152862557365
167521,0.06554422963035195
167529,0.04748365351830271
167530,0.02452509370943233
167550,0.06407361233086718
167554,0.0883239714904235
167557,0.11425448570348924
167562,0.03404171411315088
167566,0.0631529002543958
167572,0.4226140434354969
167573,0.17044834883907997
167578,0.05131527100828295
167592,0.13532602946737746
167597,0.04233351460632817
167621,0.06406668888676001
167622,0.02117005324328547
167631,0.3357051205416146
167637,0.31384632827928644
167638,0.03827181352652191
167645,0.043355886632822624
167648,0.1868785032635592
167697,0.1593061415412951
167698,0.019032624184555362
167701,0.07242910621545826
167708,0.010717592033272794
167714,0.016970472681156645
167717,0.31167890139056403
167727,0.023233954562328723
167737,0.025965827774484473
167746,0.15406098193517231
167751,0.1018106555513694
167753,0.09046349857572647
167755,0.03400332015151175
167771,0.05145100003708729
167805,0.09344619512782543
167811,0.041578183772581837
167815,0.03788842286137428
167829,0.0402267054722813
167830,0.05307430998518785
167834,0.06181459256207925
167841,0.10744880451574243
167846,0.031309193891282464
167851,0.5738576439127061
167871,0.01168289901580568
167890,0.057513476746514774
167898,0.008188942109014094
167901,0.004618353327369886
167902,0.021966735218176634
167907,0.19227827110036178
167911,0.027319938298719572
167912,0.025183017762552783
167916,0.12988849479930778
167917,0.02113593470886966
167928,0.06443258472312544
167940,0.062076778674413004
167947,0.06811158325987482
167948,0.062068507749374696
167953,0.010501407817421884
167957,0.08547115457276269
167958,0.01874029790175666
167968,0.011914611473752978
167970,0.05233642862154185
167977,0.027197329515143788
167980,0.04012936986376167
167993,0.11799431705621855
167994,0.1316046633677057
167998,0.02637544337128242
168000,0.13209540416816776
168006,0.08768515966100063
168011,0.08139469071795699
168012,0.02702750833630431
168013,0.029980625545675727
168022,0.010020829786189405
168026,0.10699349357927052
168032,0.005723426706358876
168046,0.09560451349132182
168054,0.058103366981463234
168071,0.07573696600397939
168078,0.14746167778576086
168092,0.06565926800004587
168093,0.12275801526149938
168097,0.03380142298973283
168105,0.16520440034421016
168107,0.11015900231648634
168108,0.10450323543758072
168115,0.20208098613679537
168127,0.05832941344005372
168133,0.2408776320944958
168135,0.04200243110099425
168162,0.034373259768789466
168163,0.027216115595549994
168165,0.24693231999158793
168169,0.0388482472221585
168171,0.13792742388331003
168174,0.027002897671944803
168175,0.3131759345027853
168186,0.03574227224954753
168202,0.05057930283993216
168204,0.015063796840301305
168208,0.06871303128143598
168229,0.06591009829117461
168239,0.031555687283133425
168245,0.04889394045157215
168276,0.012526780641991395
168309,0.11930467312025422
168313,0.1464426753528334
168322,0.017281714662460645
168323,0.004601384718251266
168326,0.1338742247986976
168331,0.08024449051178165
168349,0.07899832541820598
168384,0.02681621043610899
168398,0.013958389669762126
168403,0.01933890118501585
168405,0.08751272189921588
168416,0.018884626647060712
168418,0.07808814179873151
168420,0.04689944987957645
168422,0.021218427809598542
168436,0.19288926151015812
168438,0.023275526670305326
168443,0.02468039528186518
168444,0.023981778642142664
168446,0.016038538386850466
168454,0.071572064854275
168459,0.07297972163263135
168462,0.06726117482804456
168472,0.04587527090061043
168485,0.01069466759711873
168496,0.14550483074210038
168503,0.02681919970877733
168515,0.02136504956623336
168516,0.04276363508606053
168520,0.24205914575042092
168521,0.038445732908639896
168531,0.008650017247490153
168542,0.09241943387249585
168548,0.04154674654290023
168551,0.01581701188460553
168575,0.013309196057086997
168580,0.026275702940703177
168588,0.17326175800423582
168593,0.020520667723220646
168614,0.03539185763173749
168615,0.019323495568492496
168622,0.018383888310333923
168623,0.04391341856765201
168634,0.017798545151468368
168645,0.1861358873501662
168651,0.1312896580102537
168683,0.040785452066494865
168691,0.17740851463894575
168708,0.0590211736193242
168716,0.09096343416311603
168718,0.02817202605015567
168720,0.10179730725000621
168722,0.24958946727214765
168731,0.12226314804237104
168736,0.10848622773930275
168738,0.06469913349614173
168747,0.03457208851932022
168751,0.13428583126923632
168752,0.09506467153682746
168753,0.02392724730532486
168774,0.19971377686282166
168782,0.031142897919519696
168788,0.010890565791830755
168790,0.04778420763292608
168791,0.12865775163708743
168793,0.08123049095431126
168796,0.08104747649672595
168802,0.06932204930265312
168803,0.0360283666444413
168810,0.2558345156462861
168817,0.020750334799486556
168820,0.19097298761223688
168823,0.043455825170831935
168827,0.07609439608270087
168828,0.1066797159794459
168831,0.03204438970052534
168842,0.10724918063823383
168845,0.025346874624099718
168855,0.08718755659913924
168856,0.08952641367810768
168861,0.06318028691081111
168876,0.016082733208315332
168897,0.0655669876874787
168899,0.015521794426927752
168913,0.13211335548388095
168915,0.021499496538100613
168916,0.04560187058812058
168929,0.15873459310772364
168930,0.016657103113546266
168933,0.20219664364629703
168954,0.056571584457434924
168957,0.12880382535526344
168959,0.016162113814843795
168960,0.07883123511340809
168961,0.09668871053140071
168968,0.09605907468058394
168969,0.08106495858753555
168994,0.046530232996372836
168995,0.08591493255479454
169003,0.024330053843502147
169004,0.23375183534249472
169008,0.05222548403534199
169009,0.049456195677256024
169014,0.0892633334972392
169030,0.01766034954040923
169048,0.04712926669088794
169061,0.15335916633184477
169070,0.14041676906312467
169092,0.014477094011583286
169117,0.17056406787442774
169118,0.33231230731636646
169121,0.055445642569597706
169123,0.05320994492163227
169124,0.3787422902865058
169137,0.0803885313970881
169138,0.01089332288479899
169143,0.006499891386421175
169165,0.06904627102823287
169166,0.08759064249881203
169167,0.13513592391464338
169168,0.06970548335712029
169175,0.006598000973933461
169184,0.06689364282364794
169195,0.028519678296339307
169196,0.008925738170233804
169197,0.1334442230101715
169202,0.29134509201090963
169204,0.08743957676453937
169212,0.038386761502116236
169214,0.15545480693029845
169218,0.3305156150565691
169239,0.019689674652937972
169248,0.01591078028862449
169252,0.04318313987976334
169254,0.1928151025388097
169257,0.08172985510297134
169264,0.17995492449398254
169267,0.03777129269202788
169269,0.2357442562897346
169278,0.036470812533538566
169297,0.04163302441531325
169299,0.12898846542363365
169301,0.15271205211317448
169306,0.01588416200932432
169323,0.12072686890361077
169328,0.10016932841057727
169330,0.05817142782648985
169331,0.020048172403971092
169346,0.05280134863116112
169348,0.08517891726054122
169350,0.0989831218154533
169353,0.0111744419304289
169355,0.11584062498337935
169364,0.30582267857071765
169365,0.029919692379810094
169367,0.01305881888408859
169370,0.023102818586169728
169378,0.11184495060656674
169385,0.0042356551421630535
169387,0.09590047465477994
169389,0.03323188452983617
169395,0.16797600570094362
169412,0.036342815766884015
169426,0.24318054790567328
169427,0.08891911623753425
169432,0.05575950373728329
169436,0.1846053515850485
169453,0.040982413270809634
169455,0.21822162904092296
169457,0.07066446992575103
169458,0.013732719547384704
169461,0.060791922233852574
169467,0.02589711670356165
169470,0.03294769386416245
169477,0.04324150857594127
169481,0.03738207677751375
169483,0.13986100133401047
169490,0.1957466446513887
169491,0.016654107015232483
169495,0.029917184371000688
169504,0.118328789755212
169514,0.04986034199249209
169517,0.09430739903118496
169523,0.025679516568064588
169528,0.2076882613107678
169534,0.06998521985783707
169535,0.0349848028799221
169537,0.03973496030353657
169541,0.16683535573389008
169546,0.017378509022705987
169549,0.007371531556288119
169554,0.2091472445353657
169561,0.016921308658445888
169571,0.013075052442967411
169580,0.19279345235946738
169597,0.02171406955505478
169598,0.03033280166341349
169625,0.1330986893902252
169626,0.12353788657017838
169627,0.08391082602105411
169628,0.04232303253210276
169629,0.07132479251085015
169658,0.05883032315604535
169659,0.028806753124665664
169668,0.023122065695028428
169669,0.11095135541842828
169673,0.018305326546253588
169674,0.029781722581648563
169676,0.1500750718885162
169677,0.11044978203538766
169678,0.08582364207281426
169680,0.02997100760947933
169695,0.12601335972573116
169698,0.15016685753198228
169710,0.2083076819183975
169719,0.02040749880415125
169720,0.10574046905588869
169722,0.03404266489739613
169735,0.07062920104732631
169745,0.03245543636923646
169749,0.07313379268588657
169754,0.017689711008144163
169760,0.07099080966684708
169772,0.02359584570862293
169773,0.019082857561804584
169780,0.029712836303548526
169788,0.009939430731810615
169793,0.06023486080920418
169809,0.11150141867992179
169810,0.038781290739957716
169824,0.010897963725547813
169831,0.09223589156104434
169833,0.11142499157926883
169836,0.010114619586689874
169859,0.03996407796397363
169864,0.707193926284738
169872,0.019315181035458158
169895,0.17572871671695028
169911,0.01227317555505087
169914,0.047492669982723446
169960,0.10266322965523117
169961,0.19330676234347832
169964,0.030862139509733457
169974,0.020035179920319952
169988,0.018725966430217265
169989,0.01377437054158289
169995,0.026365811618048244
170007,0.027992137555215825
170026,0.04930092790788754
170030,0.39545890537269013
170033,0.16476506123308307
170041,0.10836939368822633
170043,0.011732155524175596
170048,0.023431651675569518
170050,0.03647073464512721
170051,0.03433767340260359
170056,0.08002935187435814
170072,0.3460481012029102
170076,0.02702133395736779
170080,0.15856089599229242
170101,0.030486300980778494
170102,0.04647115067115737
170107,0.16273876603490509
170115,0.052373636880228246
170119,0.025641458611086507
170128,0.08439056294134321
170129,0.01044629160076773
170134,0.21243344666699643
170136,0.1003271243156344
170139,0.03962551332731742
170140,0.06244424012649233
170143,0.2649380314548978
170148,0.4173549940492831
170159,0.05852196714475187
170163,0.17155693077397982
170164,0.2339071113772724
170173,0.023859859990690107
170178,0.09430868172965623
170179,0.028759965933285773
170199,0.13566637866355988
170203,0.01781842414180435
170207,0.1580955438660162
170211,0.05554337250583256
170217,0.011474889253645409
170224,0.02364946846099506
170225,0.06221275611453639
170255,0.1375663609369016
170258,0.025551196147969517
170259,0.02510017597209103
170262,0.03390895940524516
170278,0.11042863377273454
170284,0.07976908517548163
170285,0.1454196469978724
170292,0.015799115597633223
170293,0.07192078818697767
170301,0.071868568608709
170302,0.24061714266114687
170305,0.14186037925935463
170309,0.09146819051977106
170310,0.04325236682667717
170326,0.055109601836975414
170327,0.017522223911867488
170328,0.06035692424910956
170329,0.052246530775146585
170330,0.0471648435017139
170331,0.028202063660797194
170337,0.032152433332578965
170340,0.1148453796533154
170341,0.027726240105839232
170343,0.10056547246561945
170361,0.1432475257169995
170366,0.04010102030211072
170376,0.07300087691479987
170382,0.2415046389894671
170396,0.020027469048945777
170400,0.13799828457341817
170403,0.06975210776795765
170409,0.19422103953040165
170410,0.012648851552828943
170421,0.08073288480192972
170425,0.03209054389610312
170427,0.016454061856930956
170428,0.05737530075973372
170435,0.01953364117816092
170438,0.016652223998700633
170442,0.0912804920526774
170446,0.2130759464823949
170461,0.010391477636108159
170473,0.1981035184331255
170477,0.05634860129279447
170516,0.02028310173554279
170517,0.019520595218888756
170522,0.0685316302357479
170523,0.03450066640376061
170534,0.040732135871175586
170535,0.0730444652858848
170538,0.05194204813441318
170549,0.07460737174351073
170556,0.04139508047696267
170563,0.0333343791882547
170570,0.10814134797382571
170580,0.057501189945361283
170582,0.012536103515113368
170584,0.11352804548073511
170585,0.016324387441054113
170587,0.0764332700887197
170590,0.07333335161761201
170598,0.050797902409050785
170599,0.05229190172902423
170601,0.03628695985446568
170612,0.2504748214888548
170617,0.03367845736600573
170620,0.15996451785029833
170629,0.019311033281087294
170647,0.11689558357861216
170651,0.02828464089142574
170654,0.04107559990592288
170657,0.16967603123688352
170662,0.02903573073755527
170707,0.04195013043342431
170719,0.1291158585690614
170722,0.03642691448343407
170723,0.09640031433602439
170731,0.20578620623071225
170735,0.04429169241661085
170750,0.05553615178269079
170769,0.04519196510448546
170770,0.05688956965987685
170776,0.17429263317758387
170783,0.025466435773495374
170789,0.1684887972067266
170800,0.09234145234963517
170809,0.10889404258433241
170810,0.039810191403630624
170811,0.03515219845559398
170827,0.008988050356380851
170842,0.03774116074956456
170854,0.031436378662962706
170857,0.15029820956257367
170865,0.08347341343990261
170867,0.01108982296106233
170869,0.06498232447987093
170870,0.05302951821737399
170878,0.050240147274664415
170881,0.10542474337713947
170910,0.1027478244986956
170913,0.17468477719147915
170919,0.06971439080442468
170932,0.051313773122958845
170939,0.18528929504233885
170947,0.06527014727185856
170950,0.11919723484965047
170953,0.09516162511427591
170954,0.03885924881103637
170970,0.08231220064611744
170972,0.025353926433280362
170973,0.15046073499810939
170980,0.033303182161141504
170981,0.06724905415160239
170983,0.11016839123039665
170998,0.11161555988316435
171001,0.08279822891484209
171004,0.03931931925805435
171020,0.021458332539394578
171023,0.029870409753675938
171026,0.0941452404009433
171060,0.14928136145567553
171061,0.0754498125449398
171065,0.037351475560337834
171077,0.0694627141937463
171081,0.017251252127763746
171103,0.24548375799077438
171110,0.0733165213310305
171114,0.03650893017152966
171118,0.018497620923578744
171119,0.07298016923051172
171120,0.15864418347389908
171137,0.14321145646389494
171147,0.01909980432618219
171153,0.18385978129190894
171156,0.3494682365312017
171158,0.07148479544217529
171163,0.09767960676260579
171169,0.023645584581965508
171170,0.05754104258733393
171172,0.033835645475282145
171173,0.0376160179846755
171176,0.04004741910938352
171181,0.07029668854161375
171182,0.1379391434316536
171191,0.03116435244461452
171193,0.10481770108669194
171195,0.17841172160335755
171198,0.021951825340850887
171205,0.035059156256130646
171212,0.25760522956962817
171237,0.07004399006391099
171241,0.01940228198274334
171262,0.046294543495717946
171263,0.03144063590024842
171266,0.04206341187226684
171274,0.04618330464092689
171290,0.0459952744083047
171291,0.24104370830450983
171297,0.015194599467755787
171307,0.025894049866848526
171311,0.3239090745892875
171320,0.06104536797547628
171322,0.010772831969538228
171328,0.02991158667619679
171337,0.019276912069918474
171346,0.017365078489098268
171348,0.0949856284613966
171354,0.06299744757382902
171358,0.03895955412706034
171359,0.01501095223815779
171360,0.12384548613458088
171369,0.0654136343314175
171379,0.06531479976506185
171384,0.04210259640740076
171388,0.07405437877142465
171390,0.03625090270094554
171394,0.012019571701399492
171395,0.06523824405861507
171399,0.248628334482549
171403,0.02590158381390268
171422,0.014623348372841682
171423,0.018344683693986126
171469,0.05895110098705424
171480,0.06916390455000264
171487,0.01842322409004104
171497,0.08253123745800844
171502,0.14181190946185493
171503,0.014616380245374016
171506,0.07958733590143627
171521,0.0173525692116681
171530,0.039582976514839885
171540,0.065617157129243
171541,0.120221040785246
171544,0.059395587149790235
171551,0.11674439018697731
171582,0.15965173872379138
171587,0.031528850776525834
171597,0.1638966075635796
171603,0.09714683761434433
171610,0.040632620876946024
171614,0.014407098849892238
171619,0.026153122496730956
171621,0.03087722400446624
171625,0.031971669170187
171626,0.036257032541241296
171638,0.01769261467302691
171642,0.045892393204193
171658,0.04832979195207705
171674,0.09261104772128717
171677,0.08656748594713187
171684,0.039552187823720185
171685,0.23484024532093364
171686,0.03992998031209952
171695,0.010787404888424805
171702,0.01880381006704887
171703,0.014275287779947368
171704,0.050400167939815145
171705,0.020236934919072237
171706,0.03540124921803695
171709,0.010251030495061524
171712,0.05591394374719443
171716,0.022452898042399732
171730,0.0633431188771001
171748,0.011966349220549162
171757,0.07270263385658055
171767,0.016139887686548213
171768,0.31465585687606745
171771,0.09241450514508104
171775,0.02282502122758137
171778,0.25555885674867684
171780,0.2435826904818139
171781,0.037988742178345095
171785,0.016601309488715937
171786,0.1959025345231597
171789,0.03811959473022958
171802,0.007904702149080583
171803,0.036225094319686145
171812,0.1091707166633658
171862,0.0296142750491094
171864,0.11369428159937689
171891,0.27091300135113083
171892,0.06884407637799389
171913,0.032777540762296296
171914,0.24569113479529847
171922,0.08748812764439211
171927,0.06339646471243499
171933,0.05722819785722028
171934,0.014311766056394495
171943,0.07772469230634901
171945,0.11628078382947565
171960,0.044772680462198594
171964,0.0276864413673496
171975,0.07885743687304667
171994,0.11760308786305862
171996,0.15289489462422262
171997,0.008602359345528198
172000,0.02978387944103466
172029,0.020489438386917583
172038,0.04266848821085768
172039,0.05486771816132006
172043,0.049100357833051916
172046,0.02564916538295592
172048,0.049698242013026195
172049,0.03842308237717873
172053,0.09339253824843032
172054,0.21256937250244623
172058,0.05074927398052973
172060,0.01586701987383041
172061,0.0077411150903724585
172067,0.06655703033385157
172072,0.03866607638748101
172073,0.07475958389723483
172098,0.021909570114806876
172100,0.06878232256381896
172101,0.08015538216534793
172113,0.3316824197361706
172144,0.04175400409874501
172147,0.024816715403176242
172149,0.05060569988697221
172168,0.038770910677403084
172169,0.03849717877653122
172175,0.027216093882979513
172197,0.038676629438045
172200,0.16618427194044208
172205,0.14338395906469675
172207,0.041113120084573546
172210,0.03869021485589631
172261,0.06988091293699634
172279,0.05238720946476743
172294,0.027644262971052193
172300,0.008428263937313218
172301,0.07103552164620706
172310,0.035537765577847456
172351,0.015719604824021148
172353,0.020809295824509712
172358,0.006701268411354462
172374,0.07876777262881085
172380,0.09853267920559734
172384,0.021329848128284236
172400,0.04450489324913119
172403,0.07294784676147267
172408,0.09669814081500036
172411,0.013149604777691063
172420,0.01583577612402157
172426,0.3914870580927712
172433,0.029173454743013794
172434,0.09217501399925698
172442,0.0487550524924251
172443,0.1945997732059478
172452,0.0729677235417593
172454,0.12326968111141172
172456,0.19844765401016148
172460,0.05722543980089806
172470,0.02328612634362352
172479,0.16159666185819388
172481,0.040513941654128
172483,0.014149010758418928
172484,0.25262069192724945
172485,0.04461577490782854
172486,0.03818313761327845
172493,0.0413034360036031
172494,0.07501320088941692
172497,0.18366259965530746
172504,0.04157394124267043
172518,0.14385654136572495
172523,0.10255947938753414
172527,0.04063731556346059
172533,0.047420071854597366
172536,0.025087178768279338
172540,0.0508046316903602
172541,0.07236791836454398
172543,0.024424916739430043
172545,0.16294708659168608
172547,0.03648472939454434
172551,0.04454815136729874
172556,0.07558135943519279
172562,0.03887412958788131
172570,0.061489510901025904
172574,0.035003161763214954
172575,0.06513277344812568
172599,0.0037668924552847908
172611,0.0896532294737858
172612,0.017672544439838712
172616,0.01997024540058137
172623,0.07718823066529445
172627,0.030181084124629137
172635,0.24587841138122202
172643,0.0402580004426848
172644,0.012228531429044046
172652,0.07406685715617087
172656,0.02579732713589227
172661,0.0318607526795339
172664,0.03902349717844474
172672,0.040243630752207035
172678,0.046314043550823795
172680,0.028660369737671106
172683,0.02867951334889677
172684,0.09896345700882463
172690,0.020055953883690407
172695,0.02855836307483651
172696,0.015986421565897538
172701,0.021651701742379795
172713,0.07891904910367781
172714,0.02029070982042106
172731,0.05080187344331936
172738,0.01731025872330672
172761,0.020659378347275024
172767,0.09778973373443203
172770,0.26861601900156096
172771,0.02579143606956602
172799,0.015085651913196569
172800,0.0510837377982416
172804,0.20527408489107798
172805,0.018919580000435695
172820,0.06953824969167147
172829,0.21100395582397102
172831,0.06994657557117565
172833,0.04624651524017051
172843,0.02598038368232499
172853,0.0386467520920824
172855,0.025343781207444162
172856,0.11444666375624904
172857,0.011876060033345587
172863,0.014297059206461253
172877,0.05536954769573575
172881,0.04704156422999718
172895,0.06733719672866231
172896,0.02273470398566635
172910,0.022234647709388156
172922,0.018936226437444956
172939,0.07740074300370033
172942,0.1634342577536495
172945,0.0680400181180213
172948,0.025585357938703077
172949,0.1702403702592807
172953,0.0103870146711387
172967,0.1950602566854221
172993,0.03200341649588627
172995,0.061508939577898755
172996,0.29327125363452106
172997,0.035532966146347725
172998,0.12486101466684826
172999,0.093127269705962
173004,0.034566862790794524
173006,0.3513716835133242
173007,0.08785408427923164
173013,0.06592460345334061
173016,0.05443436485674422
173020,0.20050445429904123
173030,0.07782185847719729
173048,0.038869330951471624
173056,0.017993885792845405
173066,0.02979470602518148
173079,0.06423607776444519
173107,0.09654646082920497
173109,0.006777313320481366
173127,0.024234147330256
173128,0.05694336633898673
173130,0.06060632043151772
173137,0.0503926449619162
173157,0.028367373364438973
173160,0.03958811434832467
173168,0.028759187282429686
173193,0.012185860043203267
173197,0.21094134374535906
173215,0.008655178679076718
173216,0.1103530828606743
173227,0.02080737536926102
173236,0.1353533897796498
173237,0.07091164857302666
173247,0.06665079188994312
173250,0.338164880166473
173259,0.10305156468063101
173277,0.1909307630245849
173285,0.05692977549337827
173286,0.024252761698639526
173299,0.05900652468942242
173310,0.2624178145758397
173312,0.05913554837025911
173313,0.03583945205723946
173320,0.07999174346703324
173330,0.11601936940635635
173333,0.042416061724445245
173351,0.030986583292739803
173370,0.2281270077612968
173372,0.0230875765773658
173381,0.2418614026406678
173386,0.009201112129183318
173387,0.12307239761085619
173388,0.09889318512286857
173393,0.013459161705357731
173394,0.14137376243952054
173403,0.01830941658876215
173467,0.03814707164952604
173469,0.1722894664729024
173475,0.051789816119984566
173476,0.03156180752678177
173477,0.006255822477021938
173484,0.09633068237791297
173485,0.09844711353635305
173488,0.13440640689815878
173491,0.029035953220018916
173520,0.015901163201937508
173522,0.49917468081049166
173535,0.04113655896709288
173539,0.130047527409701
173549,0.01324875312849302
173552,0.02107466770709384
173565,0.09100236919144464
173586,0.028249541001667135
173587,0.034685563807840804
173588,0.026865341339570806
173595,0.058000410052346074
173606,0.19204168778476738
173620,0.1221138500737555
173623,0.050376048085902396
173629,0.01958607386922053
173647,0.02216295462765395
173649,0.03206044230004228
173650,0.02860251018004161
173652,0.020036761001636358
173654,0.17785669899203282
173665,0.05006443288408754
173667,0.26648826841314405
173685,0.0679896228411852
173710,0.18286110992360377
173711,0.09730745854519854
173713,0.08840060375133876
173718,0.08252915561739715
173743,0.02014649638304789
173744,0.19097439848769576
173762,0.0911400893405314
173768,0.08269464454199524
173769,0.2991738550932186
173770,0.04708421209070168
173773,0.2092745542514054
173779,0.037818388738838686
173780,0.01730664847220803
173781,0.15879921963636012
173783,0.07330951015354453
173795,0.046191331014231805
173800,0.30249601391863734
173812,0.007378105735972882
173823,0.024357697618844255
173834,0.1827355634637225
173874,0.028853146847223177
173891,0.08179192697525195
173904,0.1803805955038024
173909,0.017973971902164515
173925,0.011892738884288228
173941,0.05950797139157185
173942,0.017199150398752704
173944,0.05410982455616979
173955,0.02622360424741076
173959,0.05022090793206018
174000,0.047613539117694156
174004,0.032867065147484074
174006,0.02169511367978717
174008,0.10187727433910279
174012,0.03318489572986592
174017,0.0398033878007628
174020,0.034393023760135366
174044,0.02187053337220616
174051,0.021034880199489576
174052,0.03775648029330147
174059,0.06917961379089135
174060,0.030597713611906982
174061,0.0487878867591191
174063,0.0779382417150025
174068,0.05065837822681543
174069,0.06424531810906177
174072,0.08629672959933757
174074,0.037239193925572706
174091,0.029429944801408973
174092,0.07382063636739922
174098,0.34115357326105666
174105,0.14614156889947677
174107,0.024497760947236654
174110,0.01514671399826351
174121,0.016628225571490643
174126,0.04702635669411801
174153,0.01721295756682749
174156,0.03333180956620871
174160,0.0287047723976593
174173,0.016303355628547678
174183,0.010409225268050465
174185,0.014675151473518095
174188,0.2034997688242139
174198,0.017539148505281116
174206,0.01745647219657937
174207,0.019079468401142073
174211,0.07485088563905727
174239,0.0578222577593719
174260,0.23919727866173723
174261,0.03756839011490299
174262,0.2604475011393375
174264,0.03745002668624957
174271,0.1986869878233164
174275,0.2576509563583077
174277,0.06686165003459534
174286,0.01242190270157683
174301,0.018561995379339356
174312,0.1379695720841673
174314,0.032642858106459456
174322,0.10320073000784427
174323,0.08113188517290768
174325,0.09791294036156296
174326,0.10377343793395792
174327,0.03355710629075232
174334,0.245890291831868
174360,0.0176484185475131
174362,0.13670204018299342
174367,0.03358525798921598
174371,0.027813619817626253
174372,0.050881690562327594
174384,0.01654314520146784
174390,0.07018552764633483
174391,0.02653180384814567
174396,0.01457255769699576
174412,0.08827155619518573
174423,0.18301724873966232
174428,0.057183065040482636
174429,0.3961823594283167
174438,0.023648634544133178
174481,0.03331270439883436
174483,0.0901680197286368
174484,0.007842293510251197
174485,0.2947423730946202
174488,0.05591884248373617
174497,0.019613363436885002
174509,0.1754777175822848
174513,0.05771138157324326
174514,0.1587410371879011
174520,0.042136132652843196
174526,0.08107300093455151
174532,0.015280080668481846
174536,0.06907971935264536
174537,0.024096419161281756
174538,0.24011952410904808
174539,0.16979838799669733
174540,0.016571375311653692
174549,0.018016164112236933
174551,0.033921117582726666
174563,0.20004621903336284
174574,0.12084979328276069
174575,0.3254014715523199
174586,0.006361682639636162
174590,0.07278852032644291
174606,0.047011288869974556
174607,0.09505048750490108
174609,0.03516477994165494
174610,0.10552136222151853
174630,0.06783584228729972
174631,0.01588412240157988
174661,0.05350440539772702
174665,0.026783562758915632
174666,0.028134721268628895
174677,0.022169055963474116
174690,0.03140376130890926
174700,0.01704568899570837
174702,0.039749255097624045
174703,0.020596445729406117
174713,0.01886625233746949
174721,0.09915739468967269
174726,0.05608665275737232
174729,0.09695492926938507
174741,0.021357494730908005
174742,0.16068236274998676
174754,0.028990856461208598
174757,0.024209519437653444
174782,0.5793853826160988
174795,0.07743342831029604
174805,0.03874243192941282
174806,0.03680214160427434
174809,0.06134783370613946
174810,0.03346120355557045
174829,0.009392274152537879
174830,0.20116711274921872
174832,0.04230895207595586
174836,0.13824814474757355
174839,0.017378825288142385
174843,0.030972773167862774
174854,0.043305116846140274
174861,0.07970594932627455
174863,0.04784501342711251
174867,0.0647856574326185
174871,0.05219951730634158
174887,0.04632030935604915
174890,0.10912702627411902
174897,0.01812627539273157
174901,0.17352698472605688
174903,0.01969292994941202
174912,0.0174440762431966
174913,0.0466017707558842
174920,0.2150155170676487
174922,0.3238349479663159
174924,0.0782831764281815
174925,0.03251196464552236
174928,0.05825816801448219
174938,0.08718984125912647
174939,0.015042921766797576
174943,0.03311635258650995
174950,0.09922294538264308
174954,0.0526542863833966
174955,0.017309390170576946
174957,0.07511922520881431
174965,0.10464263683316985
174966,0.04702445207196823
174967,0.08419795984653472
174977,0.16794743979564963
174983,0.035298743242215595
174986,0.10497125172128216
174987,0.034677539030892345
175012,0.1614169552461694
175015,0.06236966539415944
175025,0.06542344623523927
175027,0.22680715684498554
175029,0.016146324069054852
175056,0.2431670231807746
175075,0.04915553452618972
175081,0.07861164552012492
175097,0.15829577711426007
175128,0.0510299924866584
175129,0.023112524518338066
175138,0.06171728213506724
175169,0.0969597929295098
175183,0.12538542271303085
175211,0.028611224880759015
175212,0.06640733057553254
175215,0.024095172780487725
175223,0.046882455580923424
175225,0.013584742024047327
175233,0.04936983684658129
175250,0.0190730236176212
175253,0.019912355345643954
175257,0.014071245806806531
175260,0.01951145702052237
175261,0.01804903699873256
175264,0.021184245784706103
175284,0.23146603128135412
175288,0.016905954859161448
175295,0.04017914396749191
175309,0.03374219017279799
175310,0.09275181411002299
175313,0.09345898333093802
175334,0.018075529826766207
175337,0.02152680772770556
175346,0.018362906144131164
175347,0.06458235458925099
175349,0.04163701446549537
175350,0.08085090408953834
175351,0.05087684787369413
175367,0.19934834902029216
175369,0.060568394555688174
175371,0.14536824994246553
175372,0.012437133981912152
175392,0.28742242053361505
175400,0.019269173471640425
175402,0.03813760302754949
175403,0.1665069839688499
175407,0.08950229745811382
175408,0.018936334560118027
175414,0.09865799546280798
175431,0.022264564079736655
175435,0.056625357452935954
175442,0.018552500072056353
175454,0.02322444420565531
175456,0.03153408799760412
175457,0.05140806541550501
175464,0.045521511896983224
175465,0.048539584248052076
175477,0.060770734851965685
175488,0.04994326172735604
175495,0.07420070314018624
175499,0.08587804354884268
175500,0.035957214953462505
175515,0.07477917217404875
175519,0.0455291287608785
175520,0.051794262548652416
175531,0.01732594465730134
175534,0.025037875172730602
175543,0.19343497883889194
175566,0.015408976501121937
175568,0.021610917072575085
175573,0.051196944090159915
175574,0.060113144634130235
175576,0.05740751378101462
175591,0.057159249673791435
175593,0.02985666928369809
175605,0.23550610892058965
175609,0.08926108712149941
175617,0.020347699955271983
175624,0.2625952354319442
175629,0.028134007826890132
175633,0.012361124494884156
175645,0.1344394237855253
175649,0.008609997026371413
175650,0.02952812779291224
175653,0.05485727514175843
175659,0.011117384463243379
175660,0.007181358127993986
175661,0.04348160517609036
175664,0.021993564833533853
175665,0.018999894824016386
175677,0.034727466536265926
175682,0.18961534542123037
175684,0.13888710636896842
175687,0.045950204128958984
175690,0.1094363045508733
175706,0.023805726914401207
175722,0.07331070896327371
175724,0.049298487423659804
175730,0.15748280287694766
175731,0.007927938896758252
175737,0.025708412968669176
175743,0.08011083841440585
175745,0.08295885736502408
175758,0.06650584922467287
175768,0.04186526341929121
175769,0.05486931247801345
175773,0.016913717138195904
175775,0.05356915583193271
175794,0.020869872304035187
175798,0.1269283206538705
175809,0.15538826268363545
175818,0.043153747485200594
175830,0.007332111899268986
175835,0.044071379283383304
175840,0.22040536608209094
175864,0.03520290034894662
175875,0.05207137458218682
175890,0.017135203878513038
175892,0.027764641308992796
175914,0.047978499647513315
175930,0.29077326281961174
175935,0.03447817863191308
175955,0.011864849238175575
175958,0.12329856469914013
175959,0.026297439862038193
175960,0.11791535918753232
175964,0.012992091588714151
175968,0.010150370176046974
175986,0.08959444450446184
175987,0.10700558719302887
175997,0.02239698082756064
175998,0.09945982290372452
176003,0.04505149674780584
176004,0.09018278778845401
176021,0.05441413981268954
176034,0.08641677106127016
176035,0.0802248598602498
176043,0.24986862713267166
176045,0.0358964640534255
176051,0.04837990031351774
176052,0.02746167564741247
176059,0.011551911222424965
176067,0.07305100415359816
176073,0.1736320402024799
176076,0.015798656526555505
176077,0.010355160832626425
176085,0.011156000613307569
176088,0.07772703544219314
176095,0.04904530091211137
176118,0.106756642943657
176129,0.07374122451240189
176177,0.043940371087416684
176183,0.05072648061482046
176206,0.08782325929150478
176218,0.038487543682728054
176240,0.04913389188729238
176253,0.012011437608972083
176260,0.24563331105696673
176275,0.07353243880747398
176285,0.04628781318281007
176288,0.05722726814608998
176289,0.08724450454948175
176290,0.08743592366937612
176297,0.033172244805249766
176300,0.1929193957695437
176301,0.09041672662153186
176319,0.03405726972995115
176322,0.060375869512738704
176337,0.014952400370632984
176346,0.09771621192537638
176347,0.12828117110703768
176352,0.08473329508475222
176358,0.0166311327512226
176359,0.11856581054072715
176365,0.08598947329666257
176371,0.04562546650636694
176403,0.053195714162256935
176419,0.032838554112403585
176428,0.017853381401158316
176429,0.20719521951018144
176430,0.06042380945213084
176432,0.03813904668437006
176437,0.08934321722857011
176440,0.022293430593252735
176441,0.1346103277711832
176450,0.030729149331924416
176454,0.04809044782789934
176459,0.04337243951333163
176460,0.07601628595508758
176467,0.10998267194433493
176472,0.2624495850419415
176482,0.09269205188254788
176483,0.5773201680249748
176486,0.047619811666780115
176487,0.03069748169831584
176494,0.02788866171108871
176497,0.03726545199839837
176500,0.09754482094734426
176509,0.12290791027716733
176511,0.08643176628245454
176512,0.022742297628142276
176522,0.03142322566903951
176525,0.04888950829554068
176526,0.12350311747987563
176537,0.041044095498056
176538,0.10060953421637209
176572,0.04098283264278613
176573,0.063573947932266
176574,0.11725888785338144
176579,0.055939535250030745
176580,0.05185718375971825
176592,0.3088740465142732
176601,0.02123843324541359
176603,0.08203606878228535
176605,0.10738441033507129
176606,0.04486695982940766
176615,0.04588830309748679
176620,0.16728186467218933
176634,0.06313381402411997
176635,0.030321152017497733
176638,0.018279094628842127
176639,0.0399590086864942
176641,0.0899980267137377
176661,0.04050857751820101
176668,0.13790856626590184
176669,0.08113771364062489
176683,0.10783059683581167
176688,0.019002550403314115
176700,0.08678983832571809
176702,0.020591480934601843
176705,0.04683301479852088
176709,0.020365279110378026
176710,0.25259186207143375
176720,0.087426136420904
176726,0.01064076125715559
176731,0.06733380054194736
176732,0.09549239570232092
176733,0.0313250423655742
176734,0.0250546671094632
176736,0.07875503585481099
176741,0.018577208158616212
176756,0.01706087360285248
176785,0.012428264445172754
176790,0.01573647241413289
176793,0.049925223005743743
176820,0.1540416893348823
176827,0.04664111280714502
176828,0.01827983864659029
176839,0.11164441141913214
176848,0.014300174611010094
176850,0.0424090818221191
176853,0.01344511256881242
176866,0.008148612062195297
176867,0.06797728277678555
176875,0.04814657772252268
176883,0.300567324705897
176888,0.0906310287082592
176890,0.16818854327934324
176898,0.18561503223691647
176917,0.04917068652212532
176925,0.08439909058508377
176929,0.047759730901176155
176934,0.09049911976137279
176938,0.13720501291049236
176953,0.05322778771269111
176957,0.1628548622755668
176970,0.02706607373095874
176997,0.030982352418345294
177029,0.09880412667296516
177030,0.024600742646481044
177031,0.06375721318684936
177032,0.07028995796448924
177047,0.041368643336356384
177048,0.013041925050433589
177051,0.06806833163182847
177055,0.01651153288187967
177060,0.04905482742147456
177064,0.19515421817864814
177065,0.008586125928696165
177069,0.1342709970727421
177076,0.10608980851466382
177085,0.05242696100846604
177087,0.06885206642944557
177105,0.09826968764839597
177126,0.041202424360620674
177133,0.04930251779809033
177141,0.02319703415973906
177146,0.05219377897801612
177156,0.12903291808949052
177179,0.02713769575774633
177187,0.3519790559243644
177192,0.23489595837470834
177203,0.06391841920264103
177228,0.14704395402541556
177229,0.04855581665728799
177249,0.04121140695355889
177250,0.15045176546064687
177253,0.05760547526749522
177260,0.05082915506226378
177262,0.08901671139557747
177270,0.04526975188192515
177275,0.0676990494997312
177284,0.08629041789677669
177285,0.15175069356953688
177314,0.11886608154644526
177319,0.13477035281590424
177325,0.019662745563611365
177327,0.0809722805495805
177339,0.0641326468041969
177344,0.09107482100100417
177378,0.06948170223369103
177384,0.048921123725083324
177385,0.018365694320678007
177386,0.023689495699776728
177387,0.030922612879463282
177405,0.056738682268871854
177423,0.06112482238129183
177424,0.006970530242362564
177425,0.02924647449340871
177430,0.12085502561547545
177435,0.04845893890744518
177447,0.03719043301501953
177448,0.047411532283302346
177449,0.026854503327478317
177451,0.08268597297122293
177460,0.2537951355851566
177479,0.024878474447581983
177489,0.031122249699157684
177504,0.014761926808320341
177505,0.11149589679963778
177511,0.1191993135185609
177524,0.036863985979040025
177526,0.012625400876348815
177535,0.02770192462381532
177558,0.0262951542209768
177562,0.18334512721191823
177569,0.03061091095203946
177579,0.020231375894147214
177580,0.05963973326336068
177583,0.010681048962177777
177584,0.10948817584249525
177585,0.09799853139037654
177605,0.1678188965923212
177606,0.027137972336478758
177618,0.05891933793825316
177639,0.38360346273945684
177649,0.009397467638589134
177656,0.02345553355790203
177657,0.02783628502344017
177661,0.11898159731781421
177665,0.040556095689339225
177669,0.03299658046579775
177680,0.22669480756167476
177688,0.346041175594637
177689,0.040191920290114265
177694,0.020303324021831756
177696,0.0913404744408777
177700,0.048392094783301226
177705,0.046583759347903916
177710,0.06967791994952977
177720,0.01873589541228654
177728,0.04376450022090768
177729,0.07236178963304668
177731,0.03645944278502487
177733,0.09743995713555546
177749,0.05447676939287177
177751,0.08156827660601709
177767,0.1045842465400239
177776,0.03963019733757555
177780,0.21921674052022677
177783,0.028993960205079505
177785,0.12014582557327472
177791,0.05603580491971899
177797,0.03407584645965721
177798,0.06297802652455914
177799,0.012074640964698777
177802,0.0337616212481615
177803,0.04570274184058723
177805,0.028792627089024324
177820,0.015033645815896408
177824,0.04441437711623471
177825,0.04947419987434495
177829,0.019276902212009922
177839,0.0983289415898371
177861,0.022225260140008266
177865,0.06644856315053793
177867,0.018928105961618424
177875,0.1085852787037698
177876,0.33464081749247254
177878,0.06353190860657221
177883,0.023968618942271966
177886,0.024883010866826483
177891,0.10739326983181376
177892,0.07822953403447473
177902,0.02984469909702602
177904,0.08199573902836806
177931,0.051945604744544696
177939,0.026307699803565822
177944,0.0807982170966708
177946,0.031907420643861165
177959,0.1546450460125244
177977,0.048939012093469805
177992,0.11821657298562852
177993,0.12463729307388266
178005,0.175551929429899
178008,0.03458656657116953
178009,0.0509813740974468
178012,0.1585115638957161
178015,0.010682881959798692
178018,0.029923775377893053
178037,0.1377431292036499
178050,0.009901135538777382
178058,0.09788129545330987
178060,0.028219214680626464
178064,0.34271750480582486
178074,0.06407601436899486
178077,0.08380250792627586
178094,0.03121734410895431
178095,0.08396808555585006
178096,0.0677067547796745
178107,0.05887585328262063
178117,0.022824615604506996
178146,0.023243620698169577
178154,0.057815894025222934
178160,0.03395639621790372
178164,0.03264713120120133
178172,0.01242354084286736
178174,0.17846326804555304
178182,0.33685806783575883
178184,0.0986653820304002
178196,0.06616556158858927
178223,0.14081396285121173
178225,0.08447578482778821
178226,0.059361087568683656
178240,0.20424455775434808
178242,0.041525229778147314
178250,0.12142020861370156
178268,0.05787476930753193
178282,0.04589375195594843
178285,0.15532654088336198
178288,0.05216057551236085
178290,0.0044296296112333496
178295,0.020047998042797284
178312,0.02053491016667188
178317,0.011811007398928028
178342,0.20229770322830026
178343,0.03288705223848547
178344,0.05590446176875716
178346,0.03262599476464089
178353,0.1586406475297254
178356,0.2908437263992267
178358,0.02375054651611186
178359,0.06624403111296996
178362,0.24940777787891988
178380,0.022995053643312224
178387,0.0281052394057821
178391,0.32344771113033893
178395,0.1214729346964227
178408,0.11335014521729263
178415,0.011220858946117847
178421,0.015380907314081262
178424,0.18333571593836687
178428,0.05609064011624168
178432,0.027842743631311978
178433,0.0692072903230165
178436,0.04692849803819675
178442,0.02923244702178067
178453,0.04027026775787784
178459,0.05030715014931851
178467,0.07706326769413051
178472,0.12253483455831132
178491,0.011318389394762936
178499,0.035852777768759767
178504,0.08969530300507932
178506,0.1096382969215395
178509,0.04155142850547793
178517,0.028845888174970042
178525,0.052190735175911204
178530,0.07392209184092567
178531,0.16162263678209854
178537,0.035840383402640195
178553,0.0838077266154098
178557,0.04030317879526549
178565,0.0439163464642727
178566,0.08245205755379537
178579,0.033619407724982654
178586,0.08413998940053011
178589,0.07362686805027005
178592,0.050395077242379085
178610,0.012147391389825252
178620,0.09160879792978063
178621,0.015184525359474064
178622,0.12830957107308028
178643,0.026258071582394966
178665,0.03913794216754189
178671,0.021240362305867455
178675,0.01850329143309057
178692,0.044391130768489453
178722,0.04246551844557599
178723,0.03807273283925794
178726,0.06338689027735737
178731,0.19177790509982018
178737,0.052610920952509466
178739,0.05919490770961057
178745,0.01082107583620917
178766,0.045232625293181415
178771,0.05236526086225315
178775,0.029783994871081812
178785,0.033418369710540824
178789,0.07510018917869105
178790,0.037573732798435594
178792,0.08190372524306495
178804,0.019222032603991662
178817,0.060848987048893716
178821,0.0469487536538971
178825,0.06095343398111697
178830,0.04366353019949333
178831,0.19311343425056304
178832,0.1583538983206036
178847,0.04871084317074388
178853,0.035935348998905964
178856,0.09618513791657121
178867,0.028233727216269724
178868,0.024919302468663383
178881,0.026337907515658947
178887,0.026396040835957674
178888,0.1032688670238733
178908,0.032736945717372
178909,0.07463450197871475
178942,0.05201072098858715
178943,0.2918346480019476
178946,0.021810117346145304
178947,0.17972042709007646
178950,0.1237251632376487
178958,0.09952990833758277
178976,0.021254493335035436
178986,0.014749645249774929
178989,0.011342552556674365
178995,0.11921022718799694
178996,0.08275655913670699
179006,0.048351628394956804
179025,0.036615130740708435
179034,0.05742361584221808
179038,0.3125287383001751
179043,0.023756180798747892
179050,0.024958046696505188
179051,0.13238212079027786
179076,0.19646323371083207
179077,0.07089234514895307
179091,0.05901024757071975
179092,0.07357599390964273
179111,0.04621608030744358
179128,0.06140046727389527
179132,0.11099874458138455
179137,0.06490565333414043
179138,0.08410390887974403
179146,0.07957983183693784
179148,0.08918994670253999
179149,0.02757685648742737
179150,0.036227670892792774
179155,0.02031211161624661
179164,0.04055837110745344
179177,0.007433658555003117
179178,0.04875385756906941
179182,0.1102264601466772
179184,0.011552456383497268
179186,0.2342582551427842
179191,0.26268021498037897
179194,0.05309405487027652
179201,0.05796384458672596
179210,0.0089332826492418
179211,0.030752762275202787
179212,0.09724580586794904
179216,0.1670409206492475
179229,0.017067299326848515
179235,0.03206315174613255
179236,0.07046717719279551
179241,0.03135640262039529
179244,0.0424710110846685
179249,0.07158619054826248
179256,0.27725973666044745
179260,0.10220547016992819
179262,0.18761765310922673
179264,0.09644866951995346
179268,0.0574298814540261
179272,0.032300862992468246
179280,0.06643731108664483
179287,0.019848989346179197
179288,0.04031515844827809
179290,0.012406041343449244
179295,0.027253905865303678
179298,0.08137594652825303
179306,0.03174346483745609
179307,0.024347439618402696
179310,0.44242971316310986
179314,0.015929793648231952
179317,0.0838711077263872
179319,0.1272028595195106
179327,0.016643264273883306
179336,0.048595184767300584
179342,0.018130805306315462
179344,0.3411882255770913
179347,0.022650411167059133
179357,0.07083228328173029
179368,0.19906692354710243
179413,0.03304818949649573
179425,0.03831395081965617
179435,0.10487126856175517
179447,0.01904415760857885
179449,0.015130681171763902
179458,0.02243484544917084
179460,0.02469973830233746
179475,0.1730683624872777
179486,0.1352185315875051
179493,0.015012116732574958
179499,0.04929775991660748
179501,0.032023733706441564
179508,0.04842038345158106
179511,0.016234363027261382
179513,0.04598059513285695
179519,0.084980616756626
179537,0.060782289699251424
179550,0.018635078923571195
179559,0.040584232190389036
179560,0.05528647141642244
179578,0.06358404016063715
179583,0.027045512100138693
179590,0.029109724321642043
179597,0.009363721170540533
179599,0.01747148155406465
179602,0.1835106231566828
179609,0.009092873892522422
179621,0.1107572128069135
179624,0.12545680867950468
179625,0.02212864360439391
179630,0.022602100190097715
179640,0.04289589060116998
179641,0.026030847075915714
179644,0.016041687629843742
179649,0.028351039650010526
179650,0.15496034664494093
179652,0.042699509977977085
179653,0.10285490783883185
179660,0.0898885745444794
179662,0.04623019227279134
179673,0.15891984570778445
179678,0.04056471302084383
179679,0.046873492970359504
179686,0.009194202693577768
179721,0.03399058117936116
179733,0.12621032482638228
179736,0.12840727013333486
179737,0.04997897826978663
179748,0.08806114016134922
179750,0.2823233760556541
179751,0.03396617325606851
179752,0.19038293743490126
179753,0.05413129961225656
179765,0.04923770756285134
179768,0.059515178240730084
179798,0.0217551130636999
179827,0.02538922375834396
179837,0.014196765241897433
179838,0.05853312098906857
179851,0.0885916856997849
179868,0.2959968932700473
179875,0.058635930477658554
179876,0.014418289491671954
179882,0.09091954530643244
179883,0.029675918269434158
179894,0.013555367332996192
179905,0.0822966090254753
179907,0.09953116971564974
179919,0.023187712310148233
179926,0.06784310452546863
179936,0.041222327474751165
179941,0.07729089151972053
179945,0.061363088299508484
179951,0.13415467360284788
179960,0.03031517732525153
179967,0.022000656994018156
179980,0.1906870062121707
179985,0.24831832272448898
179997,0.041313846603866056
180001,0.07561258926492663
180007,0.023516704251261615
180011,0.17331791593428186
180017,0.042164526878827116
180027,0.042316490654744326
180033,0.06977404690369207
180036,0.4883600160180457
180037,0.05046527651023809
180041,0.1831918210445108
180042,0.3809290800952878
180050,0.30115586513423975
180059,0.014214002324484342
180066,0.05353597001542615
180067,0.057958399692122055
180085,0.050785315570284206
180092,0.02106509776884522
180099,0.03771204787712053
180101,0.23853278957939406
180115,0.07137899203026456
180122,0.07257662410829788
180126,0.037654789792721195
180127,0.03035939252403725
180140,0.06465613447632357
180141,0.01391360004320118
180158,0.05173469314517075
180163,0.15227302421318334
180178,0.01549235274288373
180189,0.028138495932612716
180198,0.049613931032279096
180201,0.1486871344387019
180202,0.10208858902880792
180209,0.11374078119064181
180239,0.09524312250692632
180244,0.05503587463422128
180270,0.011195397078631798
180271,0.03244996040931494
180286,0.04148319587008459
180287,0.036526400343819626
180291,0.034447467816650236
180293,0.03700703114546917
180296,0.06118993699970458
180297,0.05024307428980185
180305,0.033136961015467294
180318,0.05935196111768154
180319,0.06461813777579244
180322,0.013741157993934697
180323,0.036375177882892275
180331,0.04081320864572208
180365,0.017349183226483565
180368,0.09175647970146603
180369,0.05381233985180921
180382,0.05975448513490603
180387,0.018363491386824877
180388,0.4434459456705855
180389,0.06833076454364963
180398,0.020826332598609838
180399,0.01647777356679878
180402,0.08636083403260533
180406,0.056043353236854034
180407,0.017531140007292067
180408,0.1174700877811091
180413,0.0625218658546404
180416,0.03666366374013594
180420,0.027464119907948087
180429,0.26998674771386544
180430,0.3374680939611109
180431,0.02940272290617267
180438,0.019571096218058782
180441,0.02220848901748637
180448,0.0911998478329164
180453,0.013695161271352247
180478,0.25006162246596114
180480,0.0710858137549008
180510,0.030479493671644552
180524,0.06206272434449821
180534,0.010903891130597965
180537,0.4880150807738414
180545,0.02881315460351213
180550,0.06434091066502678
180559,0.009698958263541613
180583,0.03430206268598104
180587,0.013405494962103704
180594,0.05295460838182934
180597,0.12386611058382381
180598,0.11416586470832207
180599,0.08511421430372212
180601,0.1558956632559966
180624,0.12272488193274599
180625,0.35963169844091636
180634,0.04594665780001143
180647,0.014049623966971504
180652,0.04844124859053616
180656,0.20149877256599863
180664,0.07418863782730463
180666,0.11005917869458115
180674,0.041167022132885735
180679,0.04657810248985117
180685,0.09386634856693651
180692,0.11093123934136459
180698,0.037080364414415284
180699,0.019590171573568793
180700,0.023112414692994
180702,0.03053498342266711
180710,0.0354965846250158
180736,0.01827913540314249
180739,0.08092982942497755
180741,0.04739667997020662
180743,0.23458447867343005
180747,0.01140100113609124
180754,0.09001174260339885
180755,0.022290440287462524
180756,0.013858867230143061
180768,0.029591666009443567
180773,0.035481592341161695
180775,0.06436062262436448
180784,0.09513766441443557
180787,0.03713134858238424
180795,0.05473652339139462
180796,0.059972813724037684
180799,0.01260582301025516
180811,0.08849460622966542
180813,0.06658030428488922
180827,0.05580717666310805
180828,0.02532741361689711
180833,0.21968909959348545
180834,0.10079403810420282
180847,0.03319104233307389
180852,0.12206197360778734
180853,0.05288307591366151
180854,0.01794069867717127
180855,0.14838092203106398
180856,0.05570210798368873
180858,0.02225828511320385
180859,0.3273025703767919
180867,0.04833133983902385
180868,0.049951721872906744
180872,0.09570867382756876
180873,0.06412321388985773
180874,0.24158329438752835
180875,0.05511776068897176
180878,0.044207736878269316
180888,0.04354177576865338
180889,0.021377096172983976
180891,0.01949807958378008
180902,0.037489074720292795
180907,0.1595153167430308
180913,0.0310156690526057
180916,0.028118067286085745
180954,0.026165379903491486
180962,0.04202126869180213
180963,0.016130621579913292
180967,0.14830598703511394
180971,0.20555644721366065
180975,0.043110607688911014
180985,0.06599915305936847
180991,0.02770506679353262
181009,0.03605116929107138
181012,0.01780093312917929
181015,0.06448770366049637
181034,0.10130017959167206
181064,0.11891284849600656
181071,0.1043356137998452
181083,0.07273002547438867
181084,0.011673052545137208
181085,0.023349760445408527
181088,0.0485055748159297
181098,0.1451949022869336
181110,0.16001688532205993
181111,0.07363461008395783
181112,0.012240156614856565
181114,0.1915879979324602
181117,0.19336569400787446
181157,0.01783544191048266
181160,0.08207675641047917
181161,0.0558035637094855
181165,0.1005587823348301
181179,0.2478509472380884
181186,0.08545325729060131
181196,0.062433096595931714
181197,0.30830735726633735
181204,0.05349664122900326
181213,0.052652614109540724
181214,0.4475756164599272
181221,0.09708886810537207
181224,0.03731381826473373
181226,0.03603905716801796
181236,0.1150952103780672
181256,0.2761581528310213
181257,0.033976582596638306
181279,0.06346653257512809
181282,0.04270014174782244
181285,0.10029868773811278
181288,0.026401735942260633
181289,0.12777623248067202
181290,0.01419850461308694
181298,0.014423544767569935
181299,0.060144627441794385
181307,0.028552993610808736
181312,0.16523756840695789
181318,0.052938216021048305
181322,0.04867546144418794
181338,0.10714160458864902
181340,0.026865101813385688
181342,0.012233125671048041
181344,0.06598788464236383
181350,0.06505044164166188
181373,0.07806637780114677
181374,0.09772701862591462
181375,0.019226512294492647
181379,0.05526699119686643
181381,0.020342150766542978
181385,0.0720314169931941
181388,0.022237080271933062
181392,0.05383861800921994
181393,0.09543332910238211
181425,0.008855163583657354
181465,0.02679049415320583
181481,0.06471542365397445
181484,0.038865470702776794
181494,0.027628446394304916
181501,0.02324986708548964
181507,0.07004417766767662
181521,0.06448241210662521
181524,0.015385815706872051
181538,0.2884097786745026
181540,0.03067142498008143
181547,0.1556479339742477
181551,0.045641226945793055
181555,0.06965463722823419
181561,0.05716954229045734
181564,0.036829023203477175
181567,0.10869536193500827
181599,0.04883642281729711
181602,0.15941265042494374
181612,0.06841675242376391
181613,0.03891684251992354
181615,0.050373509330580366
181621,0.024735162317076793
181622,0.044533952643457414
181629,0.08620587920495353
181630,0.025249015171044338
181633,0.05581960693859386
181635,0.12519965567093402
181641,0.04195736329784164
181643,0.28146217058994755
181644,0.124338202135202
181649,0.0325880033198752
181659,0.01868982010100486
181660,0.011039907125801994
181665,0.1259307425910935
181666,0.0711001814347048
181672,0.035023574224817784
181682,0.11665532749213223
181693,0.09906446511841605
181697,0.05460610528346185
181703,0.029082535951132932
181704,0.052590155074660486
181720,0.059641653206901346
181722,0.09744121010360166
181732,0.089969117705131
181733,0.05104449077830646
181736,0.030753640549542507
181737,0.03356956622250883
181747,0.02607168881000315
181758,0.251961080358023
181764,0.027399838697690786
181770,0.07735545046034355
181774,0.15690447056813106
181783,0.13929733027258423
181788,0.02820411054450383
181789,0.06609294071332045
181804,0.054011829106406506
181809,0.02953024484477164
181821,0.17154173074071843
181836,0.02188546840139788
181863,0.05757588418526412
181867,0.0325689266639715
181868,0.17255708857298707
181871,0.05039003089980519
181904,0.2972654666839766
181931,0.02491808920382039
181932,0.02892561899735282
181941,0.06948209739769952
181944,0.13516272072077293
181958,0.10144965213812099
181971,0.02512870074313809
181986,0.035008557935999496
182002,0.026110071299817742
182007,0.02914032579953791
182012,0.04480452852485459
182022,0.024932169367240412
182031,0.10039375906527098
182050,0.07325587474880735
182053,0.05246217826142048
182071,0.07589130567851253
182072,0.09813814920017774
182073,0.04251052904380044
182102,0.044265443747647265
182106,0.056304730582405496
182116,0.015569786569248357
182117,0.07391792641928319
182118,0.01315109954655675
182124,0.06201710447560741
182125,0.12297724439862506
182145,0.036716577112515726
182150,0.1014301440772651
182154,0.021387749473959543
182167,0.03145391690804114
182179,0.14811936758897082
182181,0.023060428613361494
182183,0.01955707444144409
182218,0.03421926213878717
182225,0.013437765507949808
182226,0.23486411690714087
182266,0.16830264412867293
182272,0.06530516024125843
182275,0.11396492485059251
182295,0.1390835276675582
182305,0.0102069513282879
182312,0.06004302066169512
182313,0.03802760902424296
182327,0.012338397637355574
182337,0.04263514127999071
182340,0.009910280918077236
182341,0.06920514044873656
182342,0.021774481132600616
182345,0.0502181303979162
182353,0.016291480230764144
182355,0.014859485764828251
182371,0.017258564587601093
182376,0.016782460518470693
182381,0.035965712731674246
182382,0.016229525147853786
182384,0.04604644036346692
182387,0.09493537406717023
182412,0.02335807447571156
182419,0.08856384035429461
182432,0.10815626235387431
182438,0.0445984852541351
182448,0.27742348071166
182450,0.09599037362689923
182465,0.01471128141785
182468,0.01344977055133689
182474,0.04474006580444992
182483,0.04012538828161815
182484,0.10855508578073161
182485,0.029575270824195452
182486,0.02403697085557885
182489,0.245706245102231
182500,0.04376683645336664
182501,0.042349784488218606
182504,0.20845680332950633
182514,0.025585703660208618
182524,0.03067002108713849
182525,0.056644638266794625
182533,0.02291216303132794
182536,0.1563027334982382
182539,0.07098434523369919
182550,0.05705291767277096
182553,0.04319917633568636
182568,0.025445611828414188
182571,0.02201995953591615
182573,0.039195106355210854
182580,0.0367379748809859
182615,0.047162181562156597
182618,0.03673664673402437
182624,0.027595337512294538
182644,0.043661632621455254
182686,0.2656972569210337
182687,0.10530881877277536
182695,0.2934519426878983
182718,0.09013556538959461
182726,0.07538106153172419
182735,0.037008507034199445
182742,0.04547319795636043
182747,0.04215058770569423
182748,0.0325718501580206
182752,0.03894170050887663
182761,0.12160523228485862
182800,0.022550728818589605
182802,0.08449162907648264
182807,0.06966523377438787
182816,0.10863158941674772
182818,0.04284908018381634
182826,0.07502841825634933
182836,0.011956298500613072
182840,0.2354424420656905
182841,0.1832724423931696
182846,0.05446726993422403
182862,0.07170966619863234
182864,0.06606398220049443
182871,0.13362050899093778
182878,0.07664704454310686
182880,0.10144282875516109
182885,0.015651087045529973
182893,0.018302432603519103
182894,0.13838793302322686
182895,0.05392154066852925
182901,0.14208016262653372
182907,0.15356067779623328
182921,0.1167108753257396
182952,0.018928366791321226
182964,0.16947918483808766
182966,0.21688898395835338
182980,0.020438862123830046
182985,0.313823207231229
182989,0.10334469194396509
182994,0.04333707954057746
183035,0.2772936636349729
183037,0.15033960359054716
183042,0.029276215068279123
183049,0.056064436021358424
183050,0.01402616631299021
183051,0.02416642331890169
183062,0.011793070784478478
183063,0.021797614109583786
183064,0.023298960512629176
183076,0.03517856260727816
183078,0.11261280691532707
183086,0.03446058505051119
183089,0.07581647752579121
183091,0.06359463249291003
183097,0.06371387715563231
183104,0.01605041736680083
183118,0.2242068820143363
183119,0.08033450993267051
183134,0.08525985884400433
183142,0.10622782742537064
183157,0.02205862129423689
183162,0.02394119394756227
183180,0.03581949786007776
183193,0.11588026592668846
183213,0.03410338847262272
183216,0.23761894823524693
183223,0.0377943440784138
183226,0.054445054373962666
183264,0.02453046420656999
183273,0.09826835918113228
183278,0.01833066426426602
183282,0.047866410951382846
183283,0.0844434609601124
183286,0.0407808925768834
183288,0.04228229019278841
183299,0.07012469766936007
183310,0.012205189451619483
183315,0.07076229802317485
183332,0.019618339195732498
183336,0.03658683013739687
183341,0.023053757228058684
183342,0.04231279444117459
183345,0.011313159180916346
183347,0.04496004129413195
183360,0.03497838449298803
183362,0.017684747476861083
183370,0.0457938075803586
183379,0.009116401768837004
183386,0.09086726760445733
183410,0.11097523913260351
183417,0.03690146494307911
183419,0.033753093983752
183421,0.07263211739461514
183425,0.22592704783588813
183427,0.07440597277297376
183433,0.10118938997933186
183434,0.08952120998090767
183438,0.023802265296539976
183439,0.032521850697697426
183440,0.16384134071317125
183450,0.07424722119144336
183451,0.14767979511089752
183453,0.008444159381205407
183454,0.02814919864237693
183455,0.16565501447413722
183457,0.015735881587927405
183463,0.2653881668772028
183475,0.01838144358767972
183478,0.23413753221389183
183480,0.12961515105262736
183490,0.01677786051194761
183494,0.1033209238312487
183503,0.04501112682698693
183512,0.17313926449762634
183517,0.08300858901080084
183530,0.1088768006328862
183532,0.012480522400626668
183533,0.01299382941389853
183536,0.00886113843039592
183545,0.03818907459898857
183549,0.044771791376558276
183550,0.04338469290047467
183551,0.24177360659708094
183555,0.04937268919766877
183560,0.07629293086271045
183585,0.02668197293009018
183591,0.02755271227155348
183592,0.013370620444124803
183603,0.23027390418820348
183610,0.04239996873910161
183628,0.21129048402147566
183644,0.04729376519635953
183646,0.2212415690016227
183649,0.02109860433091188
183656,0.08349554035370488
183658,0.3574291651166901
183688,0.018736855487834818
183690,0.027426103527678113
183691,0.12861725664557297
183697,0.16479935075886404
183709,0.11851314293848435
183711,0.06874635597680193
183714,0.14315152154055055
183725,0.03424203156361844
183736,0.05668443029308042
183742,0.011120126732386507
183772,0.04782730563565418
183776,0.09118453189008201
183787,0.050526371108579285
183792,0.2821065607608427
183793,0.0956514237334735
183799,0.18344407222091577
183816,0.04786727782675393
183818,0.13522856949644838
183832,0.014354708922875737
183836,0.0262275249785315
183839,0.028408275236890226
183840,0.03499750691662632
183855,0.010594979408081543
183857,0.04845093587003851
183863,0.05883854542421479
183866,0.04934257370193902
183876,0.06612605610194731
183878,0.14276413071560912
183897,0.011733972477702527
183902,0.06991630564666644
183915,0.020755968007731662
183925,0.24435813720802535
183936,0.027647477290771938
183939,0.05425771511739749
183951,0.022093006086111866
183956,0.05337339254410656
183957,0.023968595976572533
183974,0.02407014260725611
183982,0.05009796201402334
183994,0.018761773938402282
184008,0.051357476811978886
184013,0.18320617589659552
184016,0.025852016290176364
184019,0.022052826616979555
184024,0.057367560834199555
184025,0.1031140908202766
184038,0.0074111373552946756
184045,0.034350316470370186
184056,0.028897487840260354
184060,0.07875008234009882
184071,0.03557430296969836
184073,0.06621257352647057
184074,0.03061347379207859
184077,0.029442353956403086
184105,0.08853716162272376
184106,0.08780953822301371
184133,0.06878777090153129
184154,0.419866271719733
184163,0.025546530156305453
184165,0.17829452551667663
184193,0.1498162085485774
184194,0.047624895873995945
184195,0.010154567666366025
184202,0.1310996455504018
184226,0.36968946824656546
184230,0.03424876040855698
184231,0.13800860437936874
184234,0.06820164822821512
184238,0.006788030238878563
184248,0.0277235288481235
184257,0.015744310786255298
184268,0.025215263944302603
184282,0.020988533737161016
184291,0.04084306783766181
184294,0.028665549225672084
184295,0.4124103278026299
184304,0.04269728458292653
184309,0.02259369587753444
184318,0.04672477291465703
184325,0.04053585101177276
184329,0.014134560449060262
184330,0.011416025204414832
184333,0.14263829679129977
184337,0.008619661739835048
184338,0.06191149518504628
184340,0.013657229613683845
184341,0.04822724292846074
184347,0.07331532845021106
184354,0.03181968404849182
184355,0.03546509280471745
184372,0.02931619197340038
184384,0.06455800437837929
184385,0.028707283474321596
184386,0.0231251456345177
184389,0.09357404473972282
184401,0.01829956917678342
184405,0.06707546060206424
184431,0.17019032873548953
184450,0.026005883108113175
184453,0.45730236360998566
184470,0.05516874283614608
184471,0.030115399074514326
184486,0.1003479807904653
184488,0.018603322771181013
184489,0.04383218782667095
184497,0.05052721803825201
184508,0.03049920613640934
184509,0.042252741598381514
184516,0.05125131433129873
184525,0.10805127516236654
184526,0.03347135293675047
184531,0.04721619397134634
184557,0.03913598059993412
184576,0.014233042003688297
184589,0.015095972022704346
184605,0.018093456189689452
184613,0.10711765707403231
184630,0.031333710117879617
184635,0.050538486906743924
184636,0.010280202461383166
184643,0.019769135462401756
184645,0.06599192405060404
184653,0.049136606353334125
184655,0.06382147807766915
184656,0.053434873207230116
184660,0.05012989224388571
184716,0.052743822999448735
184736,0.024548845029998597
184758,0.07032596901959064
184767,0.12316272142039983
184770,0.0915728106043906
184773,0.021051885724000054
184776,0.07796064505947906
184792,0.04374268311223252
184812,0.0797306009891576
184820,0.045064099698863026
184829,0.023574846618197365
184831,0.08056097664078873
184832,0.04937719068250846
184834,0.024735518967636847
184847,0.08676377107067626
184848,0.03234558604408286
184858,0.018518808192093842
184866,0.03198970762616097
184869,0.0694691123837376
184870,0.05302744314115483
184873,0.014514590529653306
184874,0.02381587398054016
184876,0.06135799284091452
184879,0.20697663660813617
184880,0.01598270012412328
184885,0.027744634406720314
184896,0.02153120165629033
184916,0.206342810594497
184918,0.03018822180732275
184919,0.06000690180109831
184921,0.13537311378599212
184936,0.04139779394139666
184944,0.174646326745986
184956,0.12854247874600633
184963,0.06412705871631663
184964,0.012192535451303912
184965,0.10983347870592508
184972,0.07170060099119333
184977,0.08352773374150747
184982,0.03793487979772545
184988,0.2464972624085737
184992,0.11462983613290856
184994,0.02033190369045454
184998,0.1743407974057029
185017,0.0162600884553321
185024,0.03299349687622464
185032,0.10029929684554574
185037,0.04944987127962476
185040,0.010470898488877502
185043,0.06604700165665972
185048,0.01630515719928726
185059,0.07653674482464902
185076,0.14678175486459297
185083,0.025177898908246423
185090,0.12081580953688484
185099,0.04645480196390601
185101,0.01853368254664312
185106,0.05625412410287428
185121,0.15812856896981808
185125,0.1333259115991826
185126,0.1899212918785838
185127,0.10667771765180062
185153,0.07318542608344114
185167,0.1393646014363046
185171,0.10397337771035411
185178,0.07145523877984902
185180,0.04351685881281299
185181,0.014516792608946895
185183,0.07840032059734973
185186,0.08005995552780543
185187,0.07046569735795112
185188,0.019694532381571272
185189,0.025617343522001068
185194,0.18483625198009748
185207,0.05029290933735435
185209,0.03292139504847726
185210,0.1798249620555742
185212,0.018282791770438296
185220,0.07813167834974424
185221,0.06199265239841742
185230,0.057758957714488926
185231,0.05493782846795
185245,0.01822096951398194
185249,0.09630664095650884
185262,0.019983764768386387
185285,0.15651735396497152
185286,0.0816570635697623
185288,0.022585054221376254
185296,0.023406073131270702
185298,0.23668456652061162
185299,0.013805525567857795
185308,0.03051027900104608
185311,0.0346229760492204
185313,0.04126925115991595
185314,0.06483255404339204
185332,0.1218507501786415
185337,0.033378137842378246
185338,0.019942821410327632
185339,0.08744406488260496
185341,0.04930136735286954
185342,0.0324364527156295
185344,0.04978557903981895
185349,0.13980093529518503
185362,0.038495920746747084
185363,0.1116859624232143
185394,0.013795811117659117
185410,0.07683361052551792
185418,0.020891292488040038
185423,0.08984135401453802
185428,0.049033647132794754
185442,0.13740582037491755
185447,0.11709129126990458
185450,0.029240016372731593
185454,0.01459507297769332
185475,0.1791889436207615
185481,0.07851346141620372
185483,0.021175653081059162
185485,0.08550910659857233
185496,0.02270625739768526
185504,0.016778695440853142
185505,0.012467193279421992
185512,0.05785106441110346
185515,0.010048768904203134
185534,0.029826374216855932
185536,0.019777047870304043
185538,0.04785984714616232
185552,0.014020018629945983
185569,0.043049307745715006
185576,0.03151876515069035
185578,0.060851780473322944
185581,0.1050351610280121
185584,0.02927103834926387
185585,0.037767572753876426
185586,0.1343408113964943
185592,0.03610469442395696
185604,0.014913974869813936
185606,0.01613287356287892
185607,0.0768183356863308
185618,0.09830973108673446
185622,0.037707737557207036
185628,0.11835845770127365
185629,0.019429757077870743
185634,0.035036884383428474
185637,0.09686074617045665
185638,0.011945150777483367
185640,0.15910380155619847
185641,0.011977529614595774
185645,0.03449094254165692
185646,0.09864055245510113
185647,0.02594764690693857
185662,0.040356194719632726
185669,0.09116047493242249
185675,0.007708229468808386
185687,0.0419668827864904
185688,0.08909903385816927
185689,0.051495272778823195
185690,0.03577863171138219
185697,0.03876932085849838
185710,0.13132289233006697
185733,0.026269852499977875
185740,0.06528226925211804
185806,0.05296267349661159
185812,0.18664308977131228
185824,0.03490744738961368
185825,0.024074407249117163
185826,0.17204489744841117
185827,0.22449551982997978
185828,0.012928075494701218
185837,0.039782494467722786
185859,0.05473476164759023
185861,0.01674466487252872
185872,0.023824839648427326
185874,0.05995984017975026
185891,0.06913548351225698
185893,0.03776204284895747
185897,0.056804721540617636
185900,0.038338760762134154
185910,0.057255920353891016
185919,0.01479156862724242
185932,0.04207073291404859
185937,0.06963905370320056
185939,0.0315302664975166
185965,0.025399050148389415
185968,0.08885925443692419
185971,0.036425146507885545
185978,0.13473932766032665
185980,0.02758073295071816
185981,0.03214914027988227
185982,0.050316086111242796
185991,0.03065317143092768
185997,0.02596457347197951
185998,0.037063672099494516
186014,0.023247889506320507
186021,0.02378461171391929
186025,0.09620244799905486
186034,0.041595296180196084
186054,0.06316000463522457
186061,0.07452474107698275
186065,0.06340325170406111
186066,0.06215201156090837
186070,0.13306640450843157
186080,0.03423742960463867
186085,0.038041117210081056
186094,0.18692711275669524
186110,0.09497488307311375
186113,0.017917447976787314
186116,0.039742711147218654
186127,0.01251001929503575
186129,0.042366145959026706
186135,0.0518741731773876
186139,0.2854539471920563
186151,0.029176528571456112
186153,0.05039797581401417
186156,0.009235036167144219
186158,0.03379041228173774
186159,0.015555733307836953
186166,0.07973668118637657
186168,0.03837127526801116
186169,0.03334973173467665
186170,0.013164486389824846
186179,0.01072884405016526
186188,0.01915089920713795
186210,0.008960790896613063
186227,0.017880909147883192
186229,0.05462467383751543
186230,0.07624761185175545
186249,0.038089973190776824
186254,0.026893322209173925
186264,0.012139298763586975
186265,0.08717015219535701
186273,0.0192082914758399
186276,0.02469838797602951
186289,0.04157310673237498
186296,0.17139991764322085
186308,0.01460485187190728
186309,0.026715502364279105
186310,0.03106701826596629
186316,0.03700484529510383
186321,0.028554890256880554
186333,0.05743390776122304
186346,0.06474271018753178
186391,0.054905315046969494
186398,0.10504704146494062
186407,0.024355020732568747
186411,0.03535980380878762
186415,0.04615601282573571
186426,0.1820881443201049
186444,0.017124673667930267
186448,0.1861974774387471
186453,0.20985868447415487
186456,0.010648597592850383
186460,0.01895564041200132
186461,0.05180157916803582
186473,0.04225162042951872
186489,0.18682480324137882
186490,0.17607119169191268
186491,0.056894079777047885
186492,0.020125986249009725
186493,0.08294034255004565
186503,0.06679887459006524
186505,0.13552276929426374
186506,0.018555534801191303
186508,0.017171048430774265
186524,0.10902667655870789
186526,0.04594302839907288
186536,0.02263194219623311
186539,0.058918911315732535
186543,0.040044623002515836
186558,0.11091184439722424
186568,0.16221147200284247
186573,0.10190857719176062
186587,0.07466533381181405
186599,0.02883811568586981
186609,0.329400559522275
186610,0.019679136903993477
186612,0.06260490257559882
186632,0.1209159827840615
186634,0.04028253655281447
186649,0.04718628964973054
186652,0.1232646796484723
186660,0.08827682549130861
186668,0.15806898835873204
186674,0.11042224755393866
186675,0.051566595929639414
186679,0.06041023228631271
186682,0.03051286528301532
186683,0.025095881186643108
186695,0.3524119352236922
186696,0.02754402874912003
186704,0.14263197298234273
186709,0.269740633868799
186714,0.08266656034045902
186723,0.01216647643135935
186726,0.4417818298735023
186728,0.12033832191063965
186729,0.022830573000088353
186731,0.1230591581798408
186737,0.06153616398409801
186742,0.023080429508785937
186743,0.009754712018544118
186745,0.15794957832442913
186747,0.021596519030018916
186750,0.05560906916444798
186769,0.03941006809482261
186771,0.1890895524999981
186787,0.051562442661663085
186796,0.12523469378369936
186802,0.23563612010466903
186811,0.028092085585345754
186812,0.048822176350154886
186815,0.04117090352149056
186840,0.04365064956435859
186842,0.22542851852485862
186853,0.24458209095242076
186859,0.057458520144483424
186878,0.030136577183566715
186885,0.04235304082966862
186890,0.024631204831632402
186906,0.25559959326475856
186916,0.02928296991821449
186927,0.02970123571554912
186928,0.036090105858567825
186931,0.09666985764463973
186934,0.045939624503912195
186938,0.13973026488542764
186943,0.13562106080158873
186944,0.05419704538988948
186945,0.154751739811286
186947,0.0797996664040656
186952,0.05096099148041251
186953,0.012895584486716898
186960,0.136902391497162
186962,0.028071519331926215
186991,0.04138274247692346
187001,0.2744037625997785
187017,0.02344212099932902
187019,0.07296318367309486
187024,0.023063866458044913
187035,0.00822018560146629
187037,0.07924566476879
187056,0.019775894783360788
187057,0.01595388574557353
187058,0.2162754659069286
187065,0.07932708073970245
187066,0.12496526501940396
187069,0.024966592051980513
187070,0.049608131632885126
187074,0.04431472895422589
187085,0.027207310713446863
187087,0.06043458275681121
187100,0.04770289043563511
187117,0.11049114163100618
187158,0.13752856114772094
187159,0.0290373903032627
187162,0.059415925696467906
187164,0.04077744965734783
187167,0.0743538487460165
187168,0.059081995604862395
187171,0.035132146165956536
187184,0.10177417112819609
187194,0.08545421198583043
187208,0.07352399685261544
187211,0.14537485719267987
187220,0.036838724182774264
187224,0.06527540066922281
187242,0.05525431804080286
187259,0.01758428513856501
187260,0.045098559444004135
187267,0.16828665115753974
187280,0.34985380828489465
187287,0.01598499098817373
187291,0.05718841945787466
187296,0.017911975466321256
187301,0.07184934077901692
187315,0.2268776682104561
187319,0.026239807053764476
187326,0.16189189276776833
187328,0.07715165152717829
187329,0.0454384740340362
187330,0.04508332124445326
187335,0.03610620535203244
187339,0.016955364402681167
187340,0.08333218421874455
187353,0.07095778323434684
187356,0.03272411985652918
187367,0.14041298416340578
187383,0.046531268328113995
187388,0.05494559598450782
187401,0.046982236053446556
187415,0.09518126836002493
187422,0.0206782234284899
187439,0.1994248177529629
187440,0.07143767416485206
187442,0.3191545103221162
187447,0.05963813594440802
187448,0.03990561138088174
187451,0.1096947915622599
187468,0.013033867134391152
187475,0.07128598424281095
187477,0.1167589926808193
187480,0.043202148476927396
187498,0.07920385122866869
187499,0.052509928599295125
187516,0.004818170243780076
187524,0.015263222312177999
187534,0.02647669167382144
187552,0.030725257088468086
187577,0.05620172711842924
187584,0.020972576901408684
187585,0.030106220628370782
187603,0.027863530141751438
187608,0.029991895286478113
187625,0.01606949631151224
187637,0.03907428699617618
187639,0.12800459236710066
187641,0.019735428835190798
187652,0.03958287158685428
187684,0.05466524775498136
187689,0.0371019289435544
187698,0.06052395788394296
187708,0.02419148527375445
187716,0.03497126965024567
187717,0.04249378075452678
187719,0.03277529149394117
187720,0.17449560795098573
187743,0.11025507595845586
187749,0.11252852331411378
187762,0.09214750637117183
187763,0.06931866560743097
187772,0.10886887544925097
187786,0.023828212110653366
187787,0.041146803544865204
187809,0.07835890955228451
187826,0.17185272472294405
187828,0.011028968128759621
187829,0.02926168297546607
187833,0.01644999914521517
187847,0.05545543844109527
187852,0.048984303513393654
187862,0.08188941692001611
187867,0.05824010009466152
187868,0.13404473524825766
187870,0.0992038316558717
187871,0.04847081130003866
187879,0.1807064383782739
187894,0.05962903927891741
187895,0.03283358506687113
187899,0.020113683860435147
187903,0.20318963231130263
187915,0.02189389996358549
187919,0.08539831269522735
187941,0.03233727138180807
187942,0.07347298496692208
187944,0.02629450543493942
187947,0.09398457997736985
187949,0.2825856856950787
187950,0.03596150244042279
187952,0.08744400341796554
187964,0.2486028194315802
187967,0.06326487574663918
187977,0.030877008793088544
187983,0.049881797095273614
187987,0.04684321386102945
187988,0.07305979733245357
187990,0.0458168984005997
187991,0.2559281827127977
187998,0.10231634508648431
188014,0.07757990938948076
188017,0.030449091759448703
188021,0.10232154832942342
188032,0.021598656057808006
188039,0.04514133552895272
188040,0.025810278459998136
188044,0.04818264290597981
188045,0.024679511177228643
188054,0.051931044221315045
188069,0.01595846555999926
188070,0.11141200301513757
188081,0.056186568610554335
188092,0.21214249558293177
188106,0.052961001273811224
188108,0.04022411690753584
188117,0.018575756929952784
188120,0.025215681655239634
188130,0.06392989337276751
188133,0.0680734505259463
188136,0.05031441239580598
188151,0.00943008318999784
188153,0.05515832509800896
188158,0.008426681369867755
188171,0.026292291635497816
188175,0.04901258867294049
188192,0.08052382297610992
188194,0.06814060761629943
188198,0.15484638716562596
188199,0.07409253837011635
188228,0.09231918875353243
188232,0.04469238469130468
188233,0.04254299039931367
188234,0.011387375015526058
188245,0.019769840888228602
188248,0.056120326196999096
188254,0.05070478130937112
188261,0.057303900778104135
188262,0.08562549583710052
188267,0.02204004428974999
188276,0.032060845976225806
188281,0.4206880980382147
188282,0.08183468167945385
188295,0.020590984626209834
188309,0.019897786884059562
188313,0.15092859812642695
188324,0.04431824096311333
188327,0.05022218575719846
188328,0.05480792265457035
188329,0.14052189186715794
188336,0.05493958387168154
188337,0.08402067361908769
188350,0.03171266741353695
188389,0.11901855590718438
188399,0.0047680313449855235
188413,0.0316685715298439
188415,0.05527507802981239
188421,0.008194018397731323
188438,0.03956411049150534
188449,0.36086935470471143
188466,0.052552366965289365
188470,0.008821360716639434
188486,0.05566297093521194
188492,0.03495377708496437
188507,0.03327086706909587
188511,0.020730039132372223
188521,0.08420289023505367
188540,0.21502077701458655
188542,0.06885397453228774
188551,0.3513888706713837
188557,0.02446556343883946
188558,0.023368276432865022
188561,0.1382816767432423
188563,0.15520864547667945
188565,0.030176875356461883
188577,0.08290716695955566
188586,0.09475165174774734
188591,0.025761730394955315
188594,0.034048790051288316
188614,0.09932029320296418
188622,0.02544376733451641
188626,0.042349048111871894
188632,0.11466334506077211
188635,0.11891674479257938
188639,0.05405183507096806
188645,0.07080690458379844
188646,0.24606750499633434
188647,0.06309599104145173
188653,0.038368744381474154
188659,0.07248796315760828
188677,0.1282445507776383
188694,0.06607918921714653
188695,0.008081964450465252
188696,0.008481189681730474
188707,0.01603951867012214
188714,0.03316012774145643
188715,0.10536580534145358
188722,0.1309500818780789
188724,0.033184621742364584
188729,0.052792879476370125
188734,0.025427922509658665
188739,0.5456684905138832
188746,0.027205172487641906
188747,0.03389337477376322
188768,0.023133223983636052
188770,0.09768452991914335
188772,0.07050581959610652
188787,0.04904020929782249
188792,0.044321208748983806
188793,0.015048532005463732
188808,0.028870523781630103
188828,0.11632218855703977
188848,0.03341896310899921
188851,0.07437034021446925
188856,0.050481177699008464
188862,0.11048459018273041
188875,0.27212787995602855
188876,0.3127097287572791
188878,0.05507144121012758
188880,0.02463536814467275
188890,0.07646882053110797
188900,0.04387396106445389
188914,0.05989706324685107
188928,0.11095424687524567
188936,0.011982678196576434
188946,0.012310561835441053
188947,0.013523747278224326
188948,0.032658863883322765
188949,0.007137005811158979
188950,0.028602688132974098
188980,0.021371430275212388
188982,0.12545996442154428
188988,0.3631775979553935
188990,0.04723431997813424
188992,0.037050711304905934
188993,0.025754471461154234
188994,0.07257010898706866
188997,0.032604838835297155
188998,0.17295350247429883
189009,0.050648104608224734
189018,0.02573213639263143
189022,0.032136016928658015
189034,0.023246657456949177
189045,0.010721211354437741
189059,0.11645808149115176
189062,0.025368775616583718
189075,0.2674441694329866
189086,0.03180264770077953
189087,0.062334798090376176
189107,0.05366895824721035
189113,0.035659882627747
189144,0.06212951209319528
189148,0.020281026508453377
189199,0.061775862532307844
189201,0.05656334249733126
189202,0.015470524741241616
189207,0.28003439367949207
189213,0.05721870943137641
189214,0.10400712115910885
189224,0.03123085356347278
189230,0.055863273804568396
189251,0.026384602493169606
189252,0.044199518542368615
189255,0.024134753327679573
189256,0.058168015822811725
189257,0.0361838629368529
189260,0.008366182202743606
189261,0.11801462497216307
189262,0.028294063143222907
189263,0.026175372088358483
189272,0.02958375739984897
189282,0.010345189592572489
189284,0.15422052846037826
189294,0.02982595983657744
189304,0.09582329545400373
189314,0.09880111616482612
189317,0.17781634388876258
189333,0.019130341455048668
189337,0.07950167839595779
189347,0.012005364261284492
189355,0.016870265216105663
189357,0.06043528795989408
189366,0.08510310697307957
189374,0.13521113271828203
189379,0.04609484760502698
189388,0.11517723377010164
189397,0.02550224297151396
189418,0.05997784086438826
189453,0.034733140855948544
189458,0.03412800674588771
189460,0.11442918264068012
189481,0.023302810335130236
189482,0.12931794376746386
189483,0.1264850105084449
189490,0.07359926661035777
189491,0.015496709168687221
189492,0.05045676199384207
189511,0.043997673095201126
189512,0.03324251366757376
189518,0.050253603814588536
189519,0.11180015469707724
189531,0.0637001668101227
189541,0.31502397344747096
189550,0.056861111152565216
189551,0.09560398179165541
189559,0.13563979302551618
189564,0.013552365800260261
189573,0.06182150460235772
189585,0.04033329743525824
189587,0.1151520666810148
189605,0.02538280695162897
189612,0.011907449173152219
189633,0.02543344723156999
189640,0.017169581596867437
189641,0.18776835683244356
189643,0.031287889598313925
189650,0.13685272818685554
189652,0.05114885198057099
189656,0.08732175711949614
189661,0.1301823724485157
189663,0.10179740477818434
189684,0.03783529270567555
189688,0.022610010594504307
189711,0.1394536174799607
189729,0.15406601980238127
189747,0.09141606289355647
189761,0.10149258357750268
189773,0.02504037496852834
189774,0.018486792009750726
189779,0.09125397013737988
189780,0.032284195975999075
189796,0.01164549032899856
189799,0.10181967156371675
189800,0.03729033856890967
189807,0.05554148855728534
189808,0.025553442907980433
189826,0.07529552974294706
189836,0.02765621154219958
189843,0.04716854089303115
189845,0.056734962865444896
189852,0.168346225233146
189853,0.078591368465069
189855,0.01681640936415014
189866,0.026550375297339376
189886,0.07327516567197086
189888,0.02940722805807449
189902,0.1386038808477452
189907,0.18708584879027457
189910,0.03241962253281272
189922,0.011823130609677494
189924,0.04540338146216548
189933,0.028198816717486336
189935,0.04014005741748444
189939,0.028090749845525054
189951,0.4041663058027917
189965,0.04797350302564325
189966,0.08282747678543739
189977,0.04760357321265393
189989,0.0500370355907943
189990,0.09315668707745269
190002,0.03894332275536699
190006,0.36063346283785663
190008,0.028171840905438623
190009,0.09678601946493838
190021,0.023569118356061056
190058,0.08227065904583253
190061,0.038827864718204506
190069,0.05633404871864696
190072,0.07738622962154464
190078,0.05399705189987365
190109,0.11101350696592274
190112,0.3101296472833518
190117,0.09540585912500554
190132,0.010134308375730644
190133,0.11908832686202324
190153,0.08531911335644607
190164,0.014607965867846778
190167,0.00617467764879457
190169,0.20015322114660167
190179,0.2102121262759781
190184,0.04929468823405152
190188,0.018089659494382695
190199,0.02073723018236449
190200,0.33418012687774
190201,0.040434094441760084
190227,0.0909941951599753
190229,0.026780820999186356
190245,0.020282407349513833
190272,0.053690563319739086
190274,0.03658729964117103
190281,0.06400101546473513
190282,0.11850475239647341
190290,0.16200780665400571
190299,0.18516549483177064
190301,0.07997785209989929
190304,0.08184698357605469
190306,0.027688500075681525
190311,0.09741533499181873
190341,0.04851505659319441
190354,0.03376547079441024
190364,0.01775022442679225
190368,0.09749673109001472
190375,0.11327401189175244
190383,0.06611300431501471
190384,0.04463319040631542
190387,0.03455814295770872
190388,0.13542217527655845
190392,0.1690434998798411
190394,0.3642403491594923
190405,0.13140162472476022
190406,0.09065379880547389
190412,0.03143342029002021
190413,0.2519309481233999
190431,0.08635915249913824
190452,0.015239285394690083
190454,0.041825136346554076
190461,0.07435332082558815
190475,0.030121406515459855
190489,0.13816710837272483
190507,0.05117751207025219
190513,0.01761007411929115
190515,0.21216132160276285
190516,0.016566561860737468
190522,0.05076351942041343
190523,0.1400520534311537
190526,0.08237321658256311
190533,0.008719929396267293
190537,0.08868614908759712
190542,0.023653810190598618
190545,0.08325691466095184
190548,0.019887498490643474
190555,0.13982210282588262
190561,0.04267750006408305
190562,0.027834902497449125
190566,0.007694258324726748
190581,0.04746729146277483
190590,0.024424406321225656
190591,0.2020852127436097
190593,0.021882271600645556
190612,0.04982380865229276
190617,0.03961937987216862
190618,0.05073224293273831
190619,0.098916248198987
190643,0.11207786368532031
190647,0.0653952772126248
190663,0.03104966753103853
190664,0.015446603169373421
190678,0.030508988758069774
190691,0.011762948626097993
190697,0.02768812059878755
190698,0.026823109285943437
190701,0.15063149001348636
190702,0.16455902067679154
190713,0.029606327650394386
190739,0.029793710127133693
190744,0.13190658494823568
190756,0.03765077532774812
190767,0.20295492556785255
190777,0.059641606892206156
190808,0.034797303321391596
190825,0.04632555873569327
190830,0.07403417281821997
190844,0.312975188184721
190855,0.07673794597085752
190860,0.09890615498780045
190861,0.02965642792074627
190865,0.0204972314388587
190884,0.08832169456984587
190886,0.0651098646264249
190887,0.07713180809190394
190893,0.17053229773100353
190899,0.06757651421137424
190900,0.03334265606672965
190901,0.036387231649849354
190903,0.022556697561831512
190909,0.06776848482746682
190911,0.2715991924171725
190916,0.036772332547249466
190922,0.05460933033928499
190926,0.0072046831053364496
190927,0.04497368101199853
190929,0.054545501995690075
190931,0.13411551327384882
190948,0.02888963952000596
190954,0.004282667121623523
190957,0.011000061609943834
190965,0.013237752408118059
190978,0.1441159011826941
190986,0.05713441392987189
190990,0.03596821304611711
190993,0.09535101240226519
190998,0.05927660592393883
190999,0.01292125277482469
191028,0.04676678561688206
191033,0.020035000087354937
191042,0.16341744876288555
191076,0.005081407767199077
191114,0.09984356276605116
191137,0.2517492108562044
191138,0.060617721719302894
191140,0.038096904569798105
191141,0.01932705971733544
191143,0.0645063474998116
191145,0.15781192914057962
191161,0.14538196601536635
191167,0.08142518709487592
191192,0.04612303378869126
191199,0.08543880889715658
191200,0.020744981958539147
191205,0.02041170439501296
191206,0.01881981764604642
191214,0.02100959838250656
191217,0.015255569009856997
191222,0.028511630392971287
191224,0.02010817353706236
191232,0.25431565791869365
191238,0.09160581889738377
191243,0.041671991507460884
191247,0.04928119983505505
191250,0.021793171594111146
191266,0.04998742344741337
191278,0.023720557084978826
191279,0.04002774413285953
191282,0.1882240339311217
191287,0.0719005742107238
191290,0.05314696940768712
191291,0.09806213407879569
191296,0.18317074459949895
191301,0.07770615534793855
191304,0.03262460851750198
191305,0.031693029315243024
191306,0.14357365821425044
191324,0.1521913503556827
191359,0.03555992583367675
191360,0.054618356102081926
191362,0.019265698387584608
191371,0.13221217742378683
191379,0.19287110472115365
191394,0.03996039947820165
191413,0.17615372722905423
191430,0.010804251051104663
191435,0.041787889720955096
191449,0.044615282370310226
191452,0.017752262063590454
191464,0.11646182495699231
191465,0.014510855001283157
191466,0.049515005609665375
191469,0.14010358113566815
191490,0.2212652263739509
191494,0.13829345799187326
191498,0.1733820278618631
191506,0.10712208911366164
191508,0.024739264266407598
191509,0.016703973051308902
191515,0.22710162281307933
191524,0.025682425359929498
191548,0.06152014983423739
191562,0.01774083838054929
191568,0.12911183463271853
191596,0.10619981195951125
191609,0.04518850059005519
191619,0.02854983462044419
191624,0.09216056076529708
191628,0.006912263652828302
191630,0.13030681250456627
191648,0.20927041993107287
191649,0.10106483668556235
191654,0.07006790508653472
191655,0.014655908021130839
191659,0.06117040543084723
191674,0.10332900577701318
191675,0.008750485674215859
191680,0.05382294319629055
191681,0.020826260505315122
191684,0.06166132699471318
191686,0.007075082791848162
191721,0.12851559635046023
191722,0.02456753089853188
191726,0.09197128501199957
191727,0.03739780438708308
191732,0.06010748178012047
191735,0.016898937705864498
191738,0.23244236322169343
191745,0.1615225206045786
191746,0.07853497638692118
191751,0.03417233129167013
191761,0.15848075911170217
191772,0.032902159809210775
191785,0.06096061225309422
191794,0.0194287961013448
191799,0.05401367554139328
191806,0.14473229894892956
191807,0.01679864615667042
191809,0.1817016067648074
191824,0.10929209729497359
191826,0.04930175447319886
191834,0.12186441291034446
191837,0.0357800505147931
191841,0.04919531073578329
191845,0.010907207714449224
191847,0.12957043286512065
191850,0.05751063160644748
191869,0.06290621008777994
191873,0.035009348810244784
191876,0.0235942413574731
191878,0.1558624665169911
191880,0.025586968547292133
191881,0.03461015555559924
191883,0.11140237291892219
191898,0.07176424859962965
191907,0.04940452800621418
191910,0.04713149816738786
191918,0.035516874885458224
191920,0.09376585766682795
191923,0.0656250381590646
191942,0.041353038958547444
191943,0.06678801111137024
191951,0.0935761001434185
191952,0.01978741660022651
191958,0.0494835540207471
191963,0.20096661274201016
191971,0.14837552092166284
191992,0.10631137101857194
192000,0.1628505024054665
192001,0.07222519786813204
192008,0.03371361951159833
192018,0.015079599859386976
192029,0.0188710064914885
192030,0.042023794296322234
192031,0.019497648268074808
192043,0.04810053955803899
192045,0.03227184762272582
192052,0.11724071262181951
192056,0.0123010475729659
192071,0.03388058480708085
192082,0.05678064361864181
192088,0.01836632502030025
192103,0.021802283512488994
192105,0.11702134435698155
192119,0.015548941948024352
192144,0.10235668766833961
192151,0.02520576548167049
192158,0.025423015164572654
192163,0.01831073274160991
192172,0.14084417493330287
192176,0.037369975687135217
192177,0.07132176717540188
192212,0.04549055280294946
192221,0.4315774567205543
192223,0.24788843677179298
192224,0.05578412424349271
192238,0.06812754662230491
192239,0.05925444500305902
192252,0.2827286240273197
192259,0.03410089326288497
192268,0.027528734394875975
192274,0.04269816568673977
192276,0.05121006854854635
192277,0.085231771099565
192289,0.015256334488608133
192296,0.08421099351479666
192308,0.11388323258709707
192309,0.009004575539850962
192315,0.029330862138718772
192322,0.10973236287861493
192324,0.03802741495320372
192343,0.14801579795736766
192345,0.014550349936600593
192367,0.08238023190183597
192375,0.023912196582902195
192382,0.1159350915360084
192389,0.029694633096559876
192390,0.11253211285955511
192391,0.13010383875341774
192423,0.017389286007561042
192427,0.03562860761712205
192431,0.07879915827631684
192433,0.010146611779617738
192451,0.04970317853853759
192453,0.08353351126357726
192455,0.026923984038073633
192468,0.02968419507571028
192469,0.026334958987090477
192474,0.012334376279134512
192481,0.05740695236701992
192482,0.02692411983876017
192483,0.016040197426632836
192486,0.12235679662087166
192490,0.13118399513347734
192491,0.17515300850673932
192494,0.06709005272966652
192507,0.015599868451565937
192508,0.01812885971424302
192509,0.16454294594093816
192525,0.12082145445403306
192526,0.05543925192788919
192528,0.024580601316791073
192535,0.0286606422431323
192545,0.2664007285841972
192548,0.1170761145532532
192572,0.3675397097904245
192594,0.09692380467689712
192607,0.020733155043548196
192625,0.062074235080132704
192626,0.03666809237519126
192631,0.03805306054517775
192632,0.0814257127423717
192636,0.03512177904762356
192637,0.03942523190718493
192655,0.021885628443895383
192657,0.009590218371711383
192674,0.11107429270392832
192675,0.0213719290807103
192680,0.11738067644049542
192682,0.11785911467475517
192686,0.06768314746844721
192698,0.12389411526170338
192703,0.017824270436160236
192705,0.01588099146922016
192717,0.04348312893861448
192720,0.027786934182220377
192721,0.09940749061123327
192722,0.04325949564612519
192728,0.00820737597276842
192734,0.016642024880053948
192739,0.03904816326217537
192740,0.07492555638454264
192752,0.019844043374688803
192761,0.015169157932718846
192770,0.030074242419054455
192780,0.03632362049057719
192782,0.04105076499734238
192783,0.19791809842043503
192789,0.07544103667688658
192796,0.014502234062601465
192800,0.03437425792794252
192802,0.05872148734064345
192811,0.07371312628856498
192812,0.055274235215763
192815,0.017865745933880055
192838,0.16257684148894966
192861,0.04793388632984675
192868,0.06938396843744801
192872,0.051634383113255716
192876,0.06338140621943363
192877,0.03992919342327965
192897,0.10288811661085588
192898,0.017438323395116417
192903,0.05586519896175558
192904,0.07798864849414097
192905,0.01884485651036108
192911,0.40120772757719436
192920,0.07117890282198726
192921,0.035801955470048885
192922,0.13342485317790148
192942,0.05626392862371251
192946,0.08280545131903314
192963,0.03659056426306494
192978,0.05795021092077919
192979,0.19593235462050718
192981,0.14097097683228485
192991,0.06492219760022033
192995,0.05106118411422407
192998,0.14628788925487562
193019,0.030192179060273404
193027,0.026419771337756984
193028,0.016405003321131158
193032,0.018240519059159493
193036,0.07269272225367099
193044,0.016953121777514964
193046,0.02240500730184009
193049,0.022106794779573433
193050,0.03625800136708319
193054,0.04489047991085124
193057,0.026160518439013104
193060,0.23664644490334114
193075,0.018015203864824508
193088,0.009172371724531614
193091,0.03638656138790281
193112,0.04439871995870967
193122,0.024949514146158244
193123,0.15239985530292316
193128,0.0720837167438561
193133,0.025559329692486407
193143,0.05928666347410207
193150,0.14648202384991954
193151,0.027347375806655735
193160,0.3137052084521258
193180,0.2398319462944831
193198,0.04951967986079721
193204,0.19438241014033414
193207,0.028544408647962993
193210,0.24279832057084808
193225,0.04009584356048333
193232,0.10097269936939517
193248,0.06488827010335013
193249,0.2810974513565827
193262,0.0371558604292485
193270,0.09167091624386348
193273,0.05372928119531119
193275,0.02064195225190426
193286,0.02070814191949784
193289,0.4039572871477698
193290,0.025901257611014108
193311,0.3647737517885945
193321,0.047710568561338255
193322,0.038207928006317685
193340,0.06522931216969727
193349,0.02742758196640571
193368,0.0918742816392995
193369,0.03403653842314458
193375,0.011251938281762323
193385,0.16398963578061426
193389,0.013404415764624323
193394,0.036566975297595235
193396,0.034793669545299936
193398,0.022057365122265242
193402,0.06996962186386854
193409,0.013210178542229766
193421,0.049768311774160676
193426,0.014344999014841079
193430,0.04211892820412552
193436,0.18735129952384266
193437,0.02277591702070191
193440,0.022541522475192942
193441,0.1367983604352714
193449,0.09607173804323405
193462,0.012563070297603713
193464,0.02874042348422723
193468,0.025012415430104826
193474,0.011837115865011884
193475,0.029996865344444748
193479,0.15244735242302274
193484,0.11288432813805813
193488,0.06902823477100571
193496,0.01030621327451356
193507,0.05124669882820746
193510,0.06520663861778458
193512,0.016004933077533486
193514,0.03112982472720714
193515,0.09108378724266333
193516,0.08568919559989793
193520,0.014925241862982414
193522,0.09602177996307232
193541,0.021977615505747363
193545,0.01736237289622544
193549,0.07151627334873768
193554,0.08629457209576402
193558,0.17308731667383215
193568,0.01428226904743195
193569,0.20324710066833823
193579,0.02773505779235034
193587,0.026776438609780625
193589,0.025364670893023616
193613,0.05251510797631738
193642,0.11707312544403775
193643,0.034170391656218976
193647,0.027429031791785605
193648,0.02510510856926361
193663,0.04848674132481333
193664,0.15900174025367367
193665,0.0396552544665862
193672,0.023714919545706613
193675,0.16445308576597895
193686,0.1543048834283141
193692,0.04958624779517424
193706,0.030262194848277545
193725,0.023178757590100997
193726,0.07289849131870013
193727,0.03602075808938956
193733,0.044719942504357554
193738,0.15723827557245879
193739,0.014205618378750437
193745,0.1399184536228083
193759,0.010175680618924971
193767,0.03896633712423931
193774,0.1489487326732524
193776,0.011532940439823223
193777,0.3264915914822307
193787,0.29296497498392804
193789,0.04266361427094884
193793,0.03655023988065111
193805,0.009049969319827317
193808,0.01166178420853058
193816,0.04093669707083634
193817,0.04566826895404738
193821,0.05992797824586058
193831,0.11406030753389301
193832,0.025979880680174643
193874,0.06701702382996923
193879,0.0338845431667913
193882,0.04664043608359681
193910,0.022929245233734727
193915,0.0702267192247696
193916,0.11250153630259957
193921,0.11163214041260158
193924,0.0934298241500179
193926,0.010189710993274263
193927,0.0924960535424138
193949,0.017489859938008917
193954,0.12128318688560516
193966,0.1291102169446492
193970,0.06150505683122258
193971,0.06522400404063868
193975,0.03607889976408419
193980,0.039935298687040106
193982,0.1906972595946313
193983,0.14628325124153374
193987,0.03882493471906049
193997,0.023468024707033158
194000,0.15323107154751095
194013,0.032647307305783274
194014,0.24556515804058665
194026,0.02207415971752366
194039,0.05040984785612411
194042,0.025135091344979953
194054,0.04794861856354108
194057,0.08982545966879371
194058,0.01190749990579389
194068,0.0306615062934766
194071,0.05791188993322931
194073,0.033834599443496614
194075,0.03442862108838846
194093,0.022001661916403136
194098,0.11510783041654563
194105,0.025640016352799416
194106,0.263353174439722
194110,0.031712863872398876
194128,0.04419236997032601
194137,0.02739728477108038
194149,0.03487757203549637
194150,0.035525422052339266
194155,0.09246964407882577
194157,0.06901736793534682
194158,0.05856322418293617
194164,0.01575014747898215
194165,0.06246286702242653
194166,0.024464869880185196
194170,0.03935457510941416
194171,0.03373914937705545
194177,0.048674367363924886
194187,0.050468060950523086
194188,0.012337142239163762
194213,0.07793983420448633
194229,0.21170734965180737
194230,0.0604561336314518
194241,0.005527202855924262
194243,0.051181474413932115
194244,0.05249908726707742
194276,0.009578485974319088
194279,0.016456585902665105
194280,0.04548601393038438
194281,0.07797207800169875
194291,0.023383735341939396
194293,0.1880662916643016
194306,0.013665953040521851
194307,0.07078813283309807
194308,0.02546715391526356
194310,0.13876454178202297
194314,0.0770019678339001
194326,0.22719551652140885
194330,0.12506786975821457
194338,0.02397860564744588
194366,0.07260559221450552
194370,0.0158849802727367
194371,0.018314873990642012
194379,0.018639547087425875
194382,0.040364939140752294
194383,0.11150226631510932
194395,0.3638750824186736
194402,0.03027499544628453
194406,0.02513088072699301
194408,0.33910479866439225
194413,0.044818915631025386
194414,0.031750018432184855
194419,0.06536510776720048
194423,0.13425499202421134
194424,0.06476116254556971
194429,0.046268232089393124
194436,0.04312094400890803
194468,0.07474030531839672
194469,0.025500108221139
194478,0.035729869560508755
194480,0.14271404202827923
194484,0.09529701394315668
194505,0.0904242368752326
194514,0.05442462471709149
194516,0.032393162191352395
194523,0.13539382113381546
194526,0.029812128899053447
194533,0.035134322877998655
194534,0.05606607794361494
194536,0.06655758463431008
194548,0.0615099023003101
194552,0.2298968624279256
194558,0.06897700820963755
194561,0.07408076373429928
194563,0.026718314294377956
194569,0.1278233004528883
194581,0.3545601446916405
194586,0.027561763922810255
194590,0.022513021691603574
194598,0.0495776150148273
194600,0.032229897289977896
194603,0.03968574358100937
194604,0.02262631438805436
194605,0.059779846326546274
194607,0.32148239025422776
194610,0.08352709999882726
194620,0.04229929198570166
194627,0.12429620081300552
194650,0.16084859679399932
194652,0.031159692366304288
194659,0.023202080203861275
194660,0.09092340716242847
194662,0.015504794116488136
194665,0.04384605748415639
194675,0.08224786060770661
194677,0.05637356032177508
194679,0.01393693962776876
194691,0.3185465785457156
194696,0.043788911745453685
194713,0.12454916315280595
194716,0.06753383338767635
194717,0.06207665448129813
194725,0.01716985064746103
194732,0.029991796182981926
194737,0.08403681565612256
194738,0.23999767084797197
194769,0.05287375752014148
194791,0.020842844338827573
194802,0.07060334643139311
194806,0.062159354189290625
194810,0.00794923819563542
194812,0.05228079181539934
194813,0.03096527291288008
194816,0.02102814974484355
194827,0.030961775076282838
194844,0.014351673585356755
194856,0.034241103139081755
194860,0.030652036237408684
194866,0.02686401578988245
194867,0.03492090451086726
194877,0.15340764790072078
194879,0.1656024094058144
194880,0.012832044370486082
194881,0.028255715772340175
194887,0.022149641896194817
194900,0.036948758324436184
194906,0.04507083085416576
194907,0.049399566186271976
194908,0.12599109854208423
194914,0.07938717935993261
194934,0.2568114388678418
194955,0.13497399680501995
194956,0.05374458224886727
194965,0.03025730110033363
194966,0.06618878627319492
194980,0.041692639572134
194985,0.05977383490389416
194986,0.07599430681313188
194995,0.043458160999869905
194999,0.02378188016194574
195000,0.061968927999833126
195010,0.05974276759810765
195013,0.15860376517735056
195044,0.043316382893772494
195048,0.04823878171979782
195050,0.6009300268889788
195051,0.08755422694558751
195055,0.13162808850161875
195070,0.02999422213282426
195074,0.2261368304821147
195075,0.08223847696462494
195077,0.11888440946937134
195081,0.027159985965458953
195088,0.05544769564738876
195089,0.016340205457498033
195091,0.01802166187679301
195096,0.34036320527772734
195100,0.07909877778039055
195103,0.08724422128485412
195116,0.018629710015518414
195117,0.06411691333787259
195129,0.12933521064088327
195151,0.008648227423002265
195158,0.103843326974354
195164,0.05254564970718185
195176,0.13150034295015062
195186,0.07486529352994757
195187,0.33538326638362137
195198,0.04259459304942076
195201,0.0397568190787899
195207,0.047021866128838144
195214,0.09274264637911028
195215,0.04359403013232961
195234,0.049168251825758624
195235,0.02340700080879052
195239,0.05289584555647051
195240,0.06232029045743242
195253,0.06847075030166311
195255,0.013395325833981044
195280,0.03706691848945405
195291,0.017332818527764565
195293,0.06639579519296403
195300,0.035876959744866294
195306,0.030553432441098573
195307,0.12580663548133866
195322,0.05621712158517383
195326,0.14723306864903432
195330,0.011410477788334178
195341,0.07446987862749735
195343,0.040072218464729525
195367,0.042942178513975714
195369,0.0423441796122933
195371,0.01797212848733195
195372,0.02377648085766377
195389,0.09685038288497211
195415,0.012514806934245074
195435,0.06405115642469739
195439,0.03606580760597307
195440,0.05956375114211677
195444,0.02160424235544586
195447,0.036427554134175165
195450,0.012756943065054023
195451,0.036352898123808194
195456,0.05576105068002894
195457,0.10760882363337443
195461,0.0896024884585517
195462,0.1083127526622458
195463,0.016378382749987402
195466,0.0691481046907959
195468,0.011643049426910895
195469,0.07398295303174486
195489,0.01771815913872171
195495,0.044040927213081754
195496,0.1422002799543689
195504,0.08216732224668198
195505,0.1600387273050738
195506,0.07483317344911102
195511,0.03891375608080795
195518,0.019387290910108948
195519,0.14236696582325659
195529,0.01436028941069466
195531,0.03679845463863799
195546,0.040746507299946624
195547,0.016667712980718025
195552,0.0650091837074354
195577,0.059061076784672976
195579,0.028047210538082845
195588,0.030953536925797016
195597,0.07149797594913375
195607,0.010367637875176347
195617,0.014858902762325262
195626,0.04944683602026524
195632,0.3041490581680426
195634,0.2882251277408693
195635,0.019095086678694192
195645,0.05272005273221359
195648,0.03179426719810939
195674,0.21330142561350157
195691,0.0211418203968521
195695,0.21083746946273846
195703,0.1278467096016717
195710,0.12208610044245391
195711,0.02790452049274424
195727,0.09045643720274782
195729,0.022444800503140568
195734,0.08324148899995731
195739,0.09457265845927887
195740,0.012059690327792954
195746,0.2542311822533722
195750,0.21247750224268133
195769,0.19731926261350435
195772,0.0984331462862816
195785,0.014978429833116145
195789,0.10452794551715466
195793,0.1112537296785931
195801,0.03796075350387118
195803,0.039727330797387356
195810,0.14441975627275655
195818,0.03061991942983093
195819,0.4245631107507547
195823,0.11183913547373117
195828,0.13075558980664054
195836,0.056901772861663244
195843,0.04938089495739288
195858,0.07591179681030333
195876,0.05248053471442008
195890,0.10072524950960127
195891,0.039636846026012286
195900,0.04301535544039532
195905,0.10047806903154768
195910,0.07993140868084378
195911,0.10766569409210502
195912,0.05959869636459846
195917,0.21537261259840723
195918,0.13236278659236267
195923,0.3820339094155619
195937,0.1557266409793709
195940,0.3227018286294533
195945,0.039018129706815625
195946,0.040474354427894134
195948,0.049209150311092784
195955,0.022673316408113164
195957,0.1939721381515907
195958,0.016542312495223067
195959,0.22700978206982006
195970,0.014982552137817757
195974,0.008600924060741389
195979,0.16014708483354945
195990,0.17526906426132985
196004,0.047867047066362634
196007,0.18905542345661586
196012,0.17852503944449644
196019,0.048253061248511905
196029,0.1598542489325842
196034,0.10093910683474033
196042,0.05609233423899823
196066,0.3171107779145617
196067,0.0761040276244563
196071,0.031111267885242166
196074,0.15485273215583517
196075,0.037551649368249326
196079,0.01800976182865354
196080,0.41143242295689636
196082,0.02121681314796728
196083,0.028636937456380577
196085,0.2779918888690634
196115,0.07520425379562946
196118,0.10445594659791752
196128,0.06174350324624203
196149,0.048413632184842494
196150,0.0335481535952346
196162,0.0997261487761283
196194,0.14688147359544246
196198,0.014354708969103153
196204,0.026627642453969355
196206,0.05674461316207198
196210,0.25599160515286734
196220,0.06943526315926325
196221,0.021321886349484783
196230,0.011594502081506256
196236,0.11684228823305615
196242,0.08579064085550694
196256,0.16241596344236836
196261,0.3016837954222048
196274,0.020156142636423503
196281,0.023954152914720715
196303,0.016165799209575872
196305,0.1422979258712208
196322,0.051840744206888584
196343,0.01391716828474212
196346,0.07422218685493824
196354,0.08757692464773856
196357,0.04091925999948315
196359,0.01138067748792146
196360,0.13789240541947673
196361,0.018611555619029385
196364,0.2802843384269662
196371,0.010299327661751938
196375,0.043170106652689125
196377,0.032995542751965694
196378,0.026263062697297876
196381,0.02112264094823487
196384,0.014662040266644553
196385,0.0941652984691813
196388,0.1428298140445795
196394,0.18421189570744526
196400,0.2318981352918671
196401,0.05526361965402182
196404,0.09634653256525624
196411,0.06426721136734609
196436,0.06792787317365724
196443,0.0777816164234551
196444,0.11231560621686809
196446,0.1517619797771061
196475,0.11833009730609384
196476,0.16203898272426598
196486,0.01705069440573847
196489,0.1831237702447784
196492,0.05556548811387013
196498,0.13716483482583228
196500,0.0108199579962238
196505,0.17053886011253508
196507,0.029209595351724203
196510,0.03545581204884339
196514,0.024291628655596427
196530,0.0452924902111255
196544,0.0059649553850671866
196551,0.03674827952092847
196578,0.01964849448627891
196585,0.180289182651325
196587,0.02484314202657936
196588,0.08819533746103153
196594,0.16785170631339064
196598,0.11503904897250274
196605,0.01740248746237994
196618,0.03955325738563058
196619,0.04987789086101032
196623,0.10572322966619808
196624,0.037166819141254456
196643,0.038093145060016896
196649,0.0401738013015478
196650,0.011644069673397895
196656,0.01591090802548987
196663,0.4119332094057794
196667,0.1798941177696715
196669,0.14155799726377594
196681,0.18420654259512936
196717,0.03661683287285516
196726,0.09260040299642139
196728,0.017369898588151047
196729,0.04959930162534988
196731,0.023482109504061918
196736,0.040130024737197845
196738,0.024919281165465094
196745,0.11059537165203372
196747,0.02758062344163774
196748,0.05406289204605866
196753,0.024076059937266324
196757,0.026724113671252284
196760,0.09341893733211895
196777,0.3975677733318056
196788,0.08016238274468843
196799,0.04481049493641269
196808,0.027062359501938617
196819,0.027230295853683743
196825,0.016268314513475258
196826,0.1283221837804705
196834,0.031329547061565245
196841,0.22495798411791276
196847,0.08499552657681068
196849,0.055576433417800664
196851,0.05638897787788989
196867,0.04913554415445865
196884,0.015218487605727075
196889,0.1326926651663561
196898,0.03453802698905712
196901,0.00829971077169503
196917,0.02888657482194442
196930,0.08419049682575844
196936,0.06631934165268065
196956,0.008474075310713822
196959,0.012236933517138417
196962,0.036636688239575846
196963,0.06591873485986459
196971,0.1231313186665688
196972,0.08562631295326695
196977,0.040581033589960167
196984,0.014871842706554058
196985,0.25073031535687235
197010,0.18666517738738625
197029,0.14042328933974454
197040,0.022033341251735013
197058,0.11529659880874626
197060,0.02128075290874055
197064,0.27413596451365196
197075,0.03747795834203065
197083,0.1567344940144027
197102,0.2055661509532523
197103,0.22207134590415323
197107,0.08835569894864216
197129,0.06614776683272472
197135,0.0473760251873176
197140,0.016329026581831455
197150,0.05057308513276347
197152,0.06729770386689343
197153,0.031037494946268417
197154,0.017125845858741755
197156,0.24258919038282858
197166,0.022525740661476987
197167,0.01700686456712413
197177,0.059527015662393115
197178,0.039221027150128325
197187,0.044230530793820756
197191,0.023360815982841465
197205,0.22390222564963388
197206,0.21099039692489363
197219,0.09998764867943713
197224,0.009319268107342779
197245,0.06329447277100902
197246,0.04284764523389539
197273,0.2164899083223438
197275,0.03745170441349573
197278,0.09323554375126622
197288,0.05614003483481639
197290,0.05931101271741219
197294,0.036410349087794974
197295,0.03910244636687332
197311,0.05631295710800829
197314,0.12478574263373086
197320,0.2159357086149735
197321,0.24092647482734478
197324,0.23367261742410292
197327,0.036321929539655906
197332,0.04824756800495199
197333,0.28820231548596287
197335,0.04489337684315123
197348,0.01540886538557638
197362,0.11723979963291536
197363,0.21688733369474616
197368,0.015131046377348639
197378,0.0829392748366191
197381,0.10207221728281853
197384,0.028815708183652824
197386,0.06492538313795751
197393,0.0765470616494918
197396,0.050983153636114366
197400,0.015130355223986782
197408,0.031880616164709795
197412,0.05149212597222741
197413,0.15258766366874826
197415,0.020577742917733746
197418,0.16157347796880017
197427,0.029009083068653005
197443,0.20633337509601635
197448,0.048708478454500305
197449,0.049092485530332006
197470,0.09919470756463017
197478,0.12936651844972866
197482,0.11193146750238928
197488,0.05504415819614833
197491,0.043405282824009704
197495,0.1105136984440562
197498,0.17653366065030696
197502,0.2431690124785384
197507,0.15587413722126187
197509,0.19540948837012148
197510,0.09780386550494456
197512,0.06824961940547225
197513,0.02745169820653757
197524,0.07013352846286351
197525,0.08738757177312469
197529,0.5204289828636243
197533,0.010089499668139133
197534,0.22430964190881839
197540,0.13689955411770374
197541,0.029382348028924782
197559,0.01544561907735461
197566,0.021829005676542817
197582,0.019766796855730035
197585,0.04340269745990605
197587,0.11037104563222128
197595,0.09883203549002774
197598,0.023679924047018634
197601,0.024723328920636882
197603,0.06345176470636656
197607,0.0713557859521532
197611,0.07907258738931262
197625,0.10084670525276376
197631,0.024477170828783847
197633,0.034616664622357254
197638,0.08870260182333048
197640,0.07374060502613218
197644,0.009547872240690466
197645,0.014598138191943449
197646,0.06016983083106528
197650,0.03177964069100772
197657,0.08638397733419899
197664,0.068776296714975
197668,0.04305569809428431
197681,0.03301152891047025
197682,0.05716258894785667
197693,0.041881146908243634
197695,0.0897271375874793
197699,0.08070113964241715
197709,0.024085452165875917
197711,0.1673841030764441
197715,0.014748028555736259
197716,0.15200219923150082
197722,0.18927612023887908
197728,0.08140532945434116
197729,0.07341106609672803
197730,0.12077309270565617
197744,0.0469443984069365
197768,0.0649035316605899
197770,0.03077426656014021
197775,0.29166264850599394
197788,0.020717564926980556
197795,0.03620658770984652
197806,0.16469503425772836
197808,0.11913478570457625
197812,0.08986712578486342
197813,0.025915814395635058
197822,0.02011092636639078
197827,0.03635419420418048
197828,0.030201960515839676
197836,0.06326746370027829
197857,0.02804117524364081
197862,0.18754364924108397
197872,0.03065290714625473
197892,0.02083589632897939
197903,0.03994180849565159
197907,0.062467086488355444
197908,0.04970156121682805
197916,0.038783250531437254
197921,0.03288598708497801
197924,0.04294600100738921
197930,0.05978228692670283
197934,0.22532994592965475
197942,0.041115392764186534
197945,0.18804847068302982
197958,0.021155368908010504
197959,0.01974923248809392
197967,0.08349255561652358
197969,0.274716480651024
197978,0.19895424863673647
197999,0.023741248755851017
198001,0.21529996979596358
198004,0.017866485892172095
198007,0.03012556443637524
198019,0.08106788477480942
198020,0.045787740446842556
198024,0.066989791778006
198026,0.11690330190242096
198038,0.05401344980992899
198044,0.017608814185081034
198050,0.19055175943042174
198054,0.1542708826555187
198055,0.06669397953901814
198082,0.041620482455197144
198094,0.03355290031122906
198095,0.023900125629806125
198099,0.09326716609162744
198101,0.07370688177248354
198102,0.02828867498907595
198114,0.09082700232266894
198125,0.05188341158668797
198127,0.022942546653759673
198128,0.035792248631073935
198137,0.023264754279496355
198141,0.01806647480084391
198142,0.08286292473299466
198155,0.059653594782897765
198179,0.08407942135582297
198181,0.2625625253702102
198184,0.03442460905296886
198185,0.030134025472544942
198186,0.05019603871050289
198187,0.07670819553942089
198193,0.025675788319154402
198197,0.035608598416645196
198209,0.017049280104966116
198221,0.07632043220374364
198225,0.04669482226760562
198229,0.13126588568500774
198237,0.10198975309735056
198239,0.4336929219419302
198247,0.0274860648537169
198253,0.07479402208820622
198272,0.014488565275350519
198279,0.01572130360703017
198282,0.024200663041160822
198284,0.018861052356165014
198285,0.02600792684171921
198287,0.07148474217002017
198294,0.08018596544739745
198309,0.026170438405387044
198312,0.1572671185019358
198315,0.08350466438749228
198323,0.052644578830075034
198331,0.036787879924859546
198333,0.23196951189513057
198359,0.042427456505038603
198370,0.10497157011877851
198378,0.04773049724466337
198379,0.12102452408057646
198381,0.029748634979721984
198383,0.030788048892928757
198384,0.13626259210918226
198385,0.049712118456481366
198420,0.0733678921767901
198421,0.1733323235338127
198425,0.07038245000744577
198427,0.12778898358078267
198429,0.0230307474418975
198437,0.02376317260622905
198445,0.01593217106252305
198452,0.03346340493562028
198454,0.02638697494505173
198487,0.02938380389255635
198523,0.17213978684570513
198528,0.08271536562855769
198530,0.1298695855762672
198539,0.012789039126491325
198540,0.03692257254354611
198547,0.03737717138938059
198566,0.046044023149645896
198568,0.028322540762061834
198569,0.046176871707899206
198595,0.013926156135274625
198600,0.03814555553397106
198614,0.035536705481760765
198617,0.02505144044246195
198619,0.49306301280472703
198627,0.053895881228494744
198640,0.023518404577391173
198655,0.12472828106020817
198664,0.07508869279799416
198665,0.011962745149173818
198666,0.19245315476124425
198670,0.039509120784246454
198673,0.3463474335078498
198680,0.05606961348669572
198689,0.04892078322946948
198690,0.09743973673136919
198702,0.0303143410662283
198703,0.014987541874136773
198704,0.21131557669052758
198714,0.22866996368311757
198715,0.20825789968712244
198717,0.011392516075304074
198718,0.03170297992226173
198720,0.26723149208289826
198721,0.01784761002477854
198730,0.03457513149106795
198739,0.05114360472803918
198754,0.029953761268621544
198761,0.03666692811041707
198772,0.02515611022288776
198774,0.025088522472198248
198775,0.12596298985027746
198779,0.045560935485259926
198783,0.014441000887664927
198790,0.07021703104946296
198794,0.0996195923136878
198798,0.1284707895514939
198799,0.04365876599632932
198802,0.1680120878026768
198806,0.041039527645565226
198847,0.02688510533595416
198854,0.15122279342782108
198858,0.04815573956632228
198859,0.12338344406853541
198865,0.05639129474432049
198872,0.04230728783126448
198874,0.0320183060171541
198878,0.042539014302500566
198883,0.05814884752879698
198884,0.037345139355552656
198891,0.07122509528176144
198899,0.1264667651016253
198907,0.05077161269586741
198916,0.09326429951750356
198917,0.49672151331346037
198934,0.02123079832875116
198937,0.02733799202052312
198938,0.016205318557866784
198941,0.0966568233089077
198957,0.03553912614321349
198966,0.05655847119589339
198984,0.022759343425999203
198997,0.00559805436148891
199001,0.17452227241574014
199003,0.09927774377906576
199009,0.04557030180465166
199011,0.013059465279916374
199013,0.0338216915363425
199015,0.00986622513531311
199024,0.04716449380439885
199026,0.05470973337922258
199027,0.3275122051631043
199029,0.051159595000481575
199030,0.04167534995399379
199041,0.022036093348008323
199048,0.1294497494365459
199057,0.04121790081433812
199058,0.015629395445479678
199062,0.026807846312758725
199067,0.010310556607771693
199070,0.05312669320813376
199075,0.014690835718437038
199076,0.008704123619588826
199092,0.06719680531903395
199096,0.016961317011581635
199104,0.1335356436248855
199114,0.04014975907386384
199115,0.012515335598154672
199117,0.05380101897555024
199126,0.11048850098054175
199131,0.04454302318280875
199141,0.018478877659575926
199145,0.054542790745685604
199150,0.1087630114645639
199151,0.017044237716973762
199153,0.009952491388659244
199166,0.01094495391455456
199167,0.06334951940053879
199177,0.15092077124949566
199182,0.033446226477381505
199183,0.18259903519417114
199185,0.0063524389994030995
199212,0.02090770447909103
199213,0.11011442480904106
199222,0.1778522502752739
199229,0.031589601799412115
199230,0.028865129016397404
199242,0.2238461303849753
199243,0.008572436294522721
199246,0.07068379299149244
199247,0.08572600354070124
199249,0.034738473583926226
199262,0.1349123744775938
199263,0.0476406553195897
199275,0.015945557119476712
199276,0.08548039533028527
199287,0.05471211316590638
199298,0.043356434480220356
199304,0.1377187654596553
199307,0.026358581288861503
199311,0.06345289458111536
199316,0.012694914498448805
199320,0.17236721848074923
199321,0.07174559356803195
199325,0.03362622627696173
199326,0.12486129244577408
199327,0.09724689154494189
199334,0.023274081707605455
199344,0.23290125222079122
199345,0.03151923258897512
199352,0.13625481164044265
199364,0.20727392885651633
199378,0.0442386252234766
199379,0.033110909120454356
199387,0.021421068470695505
199405,0.09430594682107485
199418,0.17384594779563423
199424,0.06756962452435329
199425,0.015333482329123469
199432,0.03474965856995751
199433,0.08717479495747918
199442,0.14294863138659217
199446,0.03157880820780688
199457,0.031207334605339507
199458,0.01742930217858992
199477,0.08568368435725546
199522,0.06895626966846934
199525,0.20633524397159292
199533,0.15646506920072725
199536,0.04441891181823963
199537,0.020908982246314996
199550,0.12049356158862116
199560,0.04552409763280159
199564,0.17955269087925974
199575,0.06406256862767162
199580,0.013082448393195051
199586,0.023773625993873677
199597,0.03457878651629206
199598,0.04878326110340425
199604,0.03293752217532407
199608,0.21345337770365044
199609,0.13808110291690967
199616,0.019270574113546206
199625,0.1038227145791322
199648,0.22598656093507963
199650,0.02798774836767613
199655,0.014253662280042285
199663,0.027630576095373328
199670,0.030709012600203554
199673,0.046433484780972034
199685,0.05856096787471863
199696,0.05868914990795915
199703,0.07282320377814491
199704,0.03443568972924506
199706,0.039139413852753685
199727,0.038247406357156385
199740,0.07954992520292702
199746,0.25679146981219597
199764,0.1197115768388379
199766,0.11549164058159961
199785,0.01702491931039147
199786,0.025760032242698495
199795,0.06807777514930119
199797,0.055302130744875604
199803,0.28938657181366095
199804,0.1703718512814945
199810,0.10807355495868409
199815,0.07577111520513277
199822,0.02819660559198417
199824,0.024559571485159838
199828,0.060296894304650836
199833,0.22414387461987978
199840,0.06373121996602601
199844,0.04083434547725631
199846,0.06284072333719463
199858,0.094297508016084
199862,0.0495243871953265
199865,0.0745108651267475
199866,0.0508853228842994
199869,0.07241038419302902
199870,0.02017329980139962
199871,0.05733073109115691
199878,0.029770990005908774
199889,0.06675861178172439
199891,0.04578284432720006
199898,0.015489083174188055
199903,0.008001256267082158
199904,0.020267249810395387
199924,0.09864071929358127
199950,0.021179349448381703
199954,0.09600332058615002
199956,0.024544909382875804
199962,0.18203087177290123
199965,0.23105362215921335
199971,0.012858741883464976
199972,0.0758150492317059
199988,0.24845509099490393
199995,0.16088637301665154
199997,0.04454526473236242
199998,0.06669991295496913
199999,0.03294221430400514
200011,0.06714664950282398
200012,0.01395157988010174
200016,0.015233483256227963
200019,0.005225595270209583
200030,0.03821623808345306
200031,0.07154233793906872
200032,0.02926663092747511
200038,0.10650322960317823
200043,0.030458531262167708
200044,0.05438041512431584
200045,0.11059589884844648
200053,0.1571654750542689
200057,0.04264647567343102
200061,0.020305264831649177
200064,0.0816949022724359
200071,0.20341403676118452
200084,0.19373734019334338
200085,0.01795633259754437
200086,0.07777284859528986
200093,0.09776226077832076
200095,0.10817470075143286
200105,0.02341506747007807
200111,0.02831840221869597
200116,0.2885401335671772
200125,0.20873897221510296
200126,0.06601084937312633
200157,0.04698098246428983
200173,0.16704305792116703
200181,0.029933391310945627
200185,0.05998229942823158
200187,0.04221857542587227
200193,0.026224814512363102
200200,0.13529033417445552
200202,0.026081075572528804
200206,0.12243581878328796
200207,0.01746120026274908
200216,0.009631156956102487
200229,0.09924380097405153
200234,0.006130084411843141
200241,0.07832275662025974
200244,0.01474448416441998
200258,0.06843857934001546
200262,0.09641208290722311
200268,0.34767160110556683
200277,0.06332980553632653
200286,0.01311025111882231
200293,0.08785903308456236
200299,0.27958669351114046
200306,0.04777714484277412
200335,0.024370431718365483
200358,0.05800012622631084
200366,0.016549529942036314
200367,0.02285701927176259
200370,0.027002414142234185
200373,0.2490060451228786
200374,0.01782912689895757
200383,0.03951519917283617
200387,0.052422016497914004
200390,0.17155187661048213
200391,0.031802968499546405
200421,0.2524105360309431
200437,0.04940613764312844
200442,0.013471752389594473
200447,0.01559845924585147
200460,0.03644223644622323
200463,0.12649649693614748
200467,0.16531702933165876
200487,0.032238632680137755
200488,0.05105063498241776
200490,0.07539437822894601
200493,0.06794303331625408
200494,0.03853479487948242
200501,0.08722698436804571
200506,0.054735678162620996
200516,0.02275333738267527
200518,0.05174793548512535
200520,0.10997661818967666
200523,0.06176147619700146
200524,0.09547459090050073
200525,0.024612560138178703
200534,0.05391043637876478
200538,0.10814059851223878
200552,0.0293222605796545
200556,0.03238990384060635
200557,0.09017370291870469
200567,0.017391319324482155
200568,0.028584472407610854
200570,0.032099827092387415
200572,0.12305036695607553
200576,0.0289939948569585
200585,0.07118746816013284
200587,0.15274145018367588
200588,0.13772478562616008
200593,0.08647757600489778
200594,0.048588230799373626
200595,0.09062627261739836
200603,0.22312290062140103
200615,0.056663019836713666
200624,0.10128163713895533
200631,0.2993021345826112
200632,0.009477101333582424
200636,0.024992911466875666
200638,0.02679298996358348
200641,0.02904343159132052
200650,0.046811937254405724
200653,0.022686696956300906
200657,0.08974444847383814
200668,0.07464467613265884
200669,0.027887973121322355
200670,0.01991834727048339
200676,0.08654473927124222
200697,0.017152706142575327
200710,0.06250427921593836
200720,0.02744462545288265
200729,0.007473516732864302
200749,0.06243716764174623
200753,0.20475148134724208
200755,0.06718167220230031
200756,0.041900084229527304
200757,0.12219999619450478
200768,0.0772445453878019
200776,0.013781056320182354
200799,0.14757379490448558
200801,0.010416435187742434
200810,0.12943032479881283
200823,0.07067852286420676
200832,0.17121900577490962
200836,0.02944930978513396
200838,0.017441563662249415
200864,0.29598714399318465
200867,0.027091520548736838
200869,0.037261453806614046
200873,0.08016636887016855
200876,0.0330198961365652
200881,0.022367127632043717
200883,0.015547420753907557
200890,0.10243404426483793
200895,0.033407620202405765
200897,0.02344085529666938
200899,0.03942672364086326
200900,0.0445166456135397
200907,0.05558108700974304
200912,0.02204927158464105
200926,0.08267606429548198
200930,0.1372362103623722
200971,0.0055508288205083495
200974,0.020609713566241
200979,0.038786765126118394
200998,0.14482618137082048
201008,0.2113281927438253
201018,0.09191929333135618
201026,0.03952533878260808
201043,0.033199255560964626
201049,0.022180707517948203
201050,0.06088116631910767
201061,0.06668115411780373
201062,0.019572350052508427
201072,0.018402362345039232
201076,0.07676850775583205
201077,0.0406799775879088
201081,0.11019443018456608
201084,0.14282393196074614
201089,0.06094896373085998
201092,0.012973014189924689
201109,0.048968497705232816
201110,0.09487568742772864
201116,0.02334458671882557
201122,0.10227621871353929
201135,0.08770633203621539
201143,0.013934231606706426
201153,0.019478837717879702
201159,0.04845125102287111
201165,0.016971669271542193
201187,0.12454663770681856
201197,0.0320400418226031
201218,0.06465684172181757
201219,0.11114151664379943
201231,0.02476866462083805
201234,0.020363732724651504
201243,0.013098968620084674
201246,0.09490352432465401
201254,0.05198900518725744
201256,0.027351016627655628
201262,0.3703835801399562
201263,0.07144065087066756
201272,0.24612580136415657
201273,0.030369608455553004
201281,0.13074735235552798
201290,0.05092556852163491
201294,0.04524446507384412
201296,0.00821450231351626
201320,0.011751326077681272
201332,0.04479067010468234
201342,0.07143597834847588
201343,0.027465649789537323
201347,0.08773853531527148
201350,0.014490068176721643
201351,0.12801786928968548
201362,0.23634142403325265
201363,0.07774794280262834
201368,0.23541339858936056
201373,0.036732306937306086
201375,0.03150956270645977
201378,0.06278289219164565
201386,0.0644866733131925
201387,0.019538329317619813
201390,0.31508043406584385
201393,0.1359588953705475
201409,0.052482584421442935
201442,0.06422799148227712
201444,0.1539933477086526
201447,0.17993541648083605
201451,0.01606353056984558
201474,0.10703795294344948
201481,0.0599665373815662
201491,0.0169943698242801
201498,0.02948026591754082
201499,0.1670518222738616
201501,0.08709841424993164
201502,0.02483553222656855
201516,0.034045288568364813
201517,0.04437867624026186
201524,0.03552671526434205
201526,0.3660785921231522
201528,0.017078623042326765
201532,0.031671906617624146
201543,0.42554053605780184
201544,0.050466093362946815
201546,0.12574234504738496
201552,0.050967276593550805
201554,0.0926026752255629
201556,0.026379615425476823
201557,0.03604516911633506
201559,0.11836954198069705
201575,0.06019482081661799
201592,0.13544823134180925
201593,0.10258674596430016
201600,0.0451079895687747
201630,0.08558540853371696
201631,0.07716237100457894
201635,0.016239508626064644
201638,0.08192579357276718
201642,0.035141274688038945
201645,0.007742631747952812
201660,0.013834842057810548
201663,0.04810005515611078
201665,0.011272633474002848
201674,0.029015703367594858
201675,0.023543303952687403
201677,0.14096830912870786
201688,0.1712840100988145
201698,0.0682931367827596
201706,0.02396748525605004
201709,0.01399895813993449
201710,0.1465980599653813
201718,0.05573357594797143
201720,0.14180889513105038
201727,0.06985953996944991
201730,0.035772711195391924
201732,0.07175049990760657
201733,0.03036725624301361
201736,0.05143061696290384
201738,0.05732371465848639
201744,0.11040462518623412
201747,0.1125824389560699
201751,0.08962354621101125
201766,0.2157311115974138
201777,0.021009428619305992
201778,0.03517652690842505
201785,0.26482570741128625
201804,0.02529680712204082
201808,0.16426959907028868
201813,0.14005498690735319
201815,0.009546602697831086
201820,0.060847895831979276
201825,0.03228326504095276
201830,0.028768089666032517
201838,0.007899498249289679
201839,0.11190274417380727
201845,0.08055300283391881
201849,0.009141225466162839
201850,0.021968341942241783
201853,0.014623044081722608
201856,0.06989690282177195
201873,0.08149323361754571
201875,0.018201349345781548
201906,0.13465005178917164
201907,0.060964019569732616
201908,0.04220874586111798
201909,0.06309192181468963
201911,0.0882755117446979
201927,0.026035277210400158
201928,0.045056543781154555
201937,0.024807540751008633
201943,0.05988751008983713
201946,0.0366710601909577
201948,0.020854642515172703
201949,0.07913025594123026
201955,0.009826437571443055
201962,0.1262862927381581
201977,0.01784230690691728
201996,0.03212953838062299
201997,0.12821701165839924
202004,0.04827586187640942
202005,0.041908360524076635
202006,0.05612480020320293
202010,0.014171509289473541
202020,0.0800300919492393
202029,0.32102672086178785
202033,0.03508473964170809
202034,0.0749775219904735
202040,0.13616206543342815
202045,0.01340786954730463
202048,0.021123096894056136
202055,0.02634971924899382
202058,0.039090603288086154
202062,0.033955553464695774
202073,0.2108297345281006
202078,0.027148671989037622
202079,0.14649012372417497
202080,0.05576518992513256
202085,0.09808832203818707
202090,0.06483871713968346
202092,0.1301066908365897
202114,0.023007363547868104
202124,0.014795185528263219
202133,0.05242207837206578
202136,0.0927180873518675
202150,0.026477333125929654
202156,0.013495343019371303
202159,0.06298712211508535
202165,0.016285991620972568
202167,0.15722269496106364
202168,0.05533583029771759
202169,0.08262745414135604
202170,0.13884448572643424
202204,0.018147705973474697
202209,0.024741391158588078
202216,0.0914048379092259
202220,0.06201533422193082
202228,0.026637796822442262
202229,0.030993489789088315
202231,0.0763311723011062
202232,0.015484604366892269
202234,0.2306660796155638
202252,0.18196131614820987
202253,0.07245725733438074
202272,0.04073597192917208
202273,0.03509336339083269
202292,0.014839048010902708
202300,0.03761641176635329
202302,0.03807747422405906
202311,0.007449473448645119
202316,0.02089205865870193
202318,0.10355372431066143
202324,0.12061181171679877
202343,0.10669032264041606
202344,0.14590166167056226
202349,0.014679985634799263
202351,0.12589445050601888
202355,0.006810363092193896
202379,0.06724241673071137
202407,0.008896774506848842
202409,0.07478156826332201
202410,0.03765458728782824
202422,0.074126086059772
202423,0.11679292569691753
202435,0.07687858961025296
202437,0.22378696555375843
202438,0.0837456585623013
202439,0.1222855561062126
202441,0.0949192790029504
202444,0.013720349614784395
202446,0.11789544644179367
202450,0.053646115623259584
202455,0.0652085774076583
202457,0.020290712024444886
202461,0.07630329554984713
202463,0.13618403912119617
202473,0.023232874043341532
202478,0.048638462865920676
202484,0.2651329867799451
202490,0.06494805910955298
202491,0.018854443673755245
202492,0.14071633268892175
202497,0.12519299583582566
202508,0.06860017573804679
202509,0.09467483150481654
202510,0.018077456495948496
202511,0.08096447125570876
202514,0.015829718376389138
202524,0.0439474082477512
202527,0.07457466364435043
202547,0.06923592993804677
202554,0.02271794335297495
202557,0.10733554122981848
202568,0.07861313458937876
202573,0.027565512974887803
202587,0.02223738017306373
202599,0.0515070747980155
202610,0.0581779770977055
202613,0.05067781399275969
202618,0.17247408613529894
202621,0.03566088409544788
202645,0.03140568959044344
202646,0.010711638670357607
202649,0.06500451668195074
202653,0.040191858549883025
202655,0.05160891485520783
202656,0.03884891587481363
202659,0.13469744048609045
202661,0.05679212762174006
202681,0.03382097859051705
202688,0.05444619714065044
202691,0.012117369781301056
202692,0.008327416291307588
202697,0.391236394401287
202698,0.11632186576379595
202717,0.06888800739789405
202720,0.11894647243392154
202724,0.07527989706056115
202725,0.05390891279793833
202734,0.11532242151545363
202740,0.01415238504802061
202743,0.02304790594239168
202746,0.01320384073107839
202760,0.022923793987942382
202761,0.02550932220920935
202765,0.04066343503439705
202769,0.08702383348606886
202785,0.030905790121909516
202793,0.09545424251273019
202796,0.0665082060760549
202805,0.004471864074817862
202816,0.05644711241792151
202823,0.1367631816537944
202825,0.03873537531035791
202829,0.010687499518803283
202830,0.12928400433144824
202848,0.10565867398164282
202861,0.10777415907743487
202862,0.16669216134258288
202863,0.01427817629773726
202879,0.1368366204144011
202889,0.011506094415298172
202894,0.16705793854299025
202895,0.04874302561065998
202897,0.02504878491222001
202899,0.03485610732640945
202900,0.08794515362222799
202907,0.04362783267576233
202927,0.11680868105219991
202945,0.029085875799852765
202951,0.05186945302134825
202955,0.049781833568279275
202960,0.06451093920420722
202967,0.09478037810326184
202972,0.05110395071439163
202982,0.08212345962219492
202993,0.014440059205644376
202996,0.02061715672803782
202998,0.021639209931925692
203008,0.025447346318400774
203026,0.08533952047879503
203038,0.12224139006041115
203044,0.04406756979551765
203054,0.02672806327173185
203070,0.34927043322422424
203075,0.0328461578776756
203082,0.03829889791271092
203089,0.04002353798992937
203090,0.016425720455302478
203098,0.17669360892379266
203108,0.07874145902988791
203109,0.02671516075081145
203113,0.05369824233707751
203123,0.018529354087738252
203124,0.014059388598595086
203128,0.09895913316875692
203129,0.21541246645507361
203131,0.3608156755246823
203142,0.08213906030642176
203154,0.0765466151066278
203175,0.06069543158969095
203176,0.07029190685366461
203183,0.03768378439837206
203185,0.020746485024149934
203195,0.0825441680130481
203201,0.06053276035001362
203205,0.08978013523440377
203218,0.03549064846175618
203241,0.025125836678191422
203244,0.16600902149480082
203245,0.04235741412015565
203253,0.3082704781284419
203259,0.03061152081995861
203264,0.5358881789909498
203276,0.04298611799787862
203283,0.07757224794198758
203286,0.007043797897837104
203288,0.03422282788829184
203290,0.048637017579001636
203298,0.09814571346254064
203300,0.06344542126712743
203312,0.045144772329569864
203318,0.033660274252521244
203331,0.11752116725364273
203337,0.006166508283970253
203339,0.03153448326077198
203344,0.031731610189689806
203348,0.1548239975791107
203349,0.012454358969747205
203350,0.03688826530704896
203358,0.2071361157146988
203366,0.052108730807090005
203371,0.035294733740257066
203377,0.13510196990850148
203399,0.07042662764336387
203402,0.046419391604662914
203407,0.12640136325847315
203410,0.044742153822805344
203421,0.14436424460329733
203428,0.036717988432817164
203431,0.10937565515924913
203433,0.12178457056326278
203459,0.033577827490271404
203460,0.21866042816066408
203462,0.09212167681877842
203470,0.023087447683901988
203475,0.17495484608880055
203476,0.040414724512196964
203496,0.19644067486832772
203518,0.01767594418527428
203547,0.05370005098253527
203549,0.028294748656479823
203550,0.022493167383575114
203552,0.006419880756145649
203561,0.04605064802199514
203564,0.07520504190284057
203567,0.05046908796403768
203575,0.061326991886613835
203590,0.06251340539499742
203591,0.015629656275200896
203605,0.05657565380082658
203606,0.04026884486893134
203640,0.06642484423181179
203643,0.522294419991743
203647,0.1199176656661045
203648,0.01889525833449403
203669,0.02521473490945987
203671,0.008812024154392398
203692,0.03841884679524931
203695,0.05644490898913718
203706,0.021045385123341455
203713,0.07101301213419065
203730,0.019280702919939725
203736,0.04492007487654119
203745,0.1447904063184164
203751,0.059896695871868674
203753,0.030236308413583112
203755,0.020987859428071055
203762,0.11240428811688287
203769,0.02019650967564004
203774,0.04913499661834178
203796,0.03192016412009288
203799,0.02941925629272654
203806,0.020834819948473134
203807,0.09050761957355982
203810,0.0195159047241042
203816,0.0982772579544191
203821,0.3047991691053933
203822,0.04938403475017525
203850,0.09361385392450128
203854,0.02207415778719468
203862,0.07729521715915016
203868,0.03678859091524235
203869,0.03269058191866954
203870,0.017499327506872327
203876,0.03401367527143549
203878,0.07424523856856063
203889,0.03490297079463162
203897,0.018961084316214606
203905,0.2306852622856621
203914,0.06106758036242287
203915,0.06368336775809748
203950,0.059691555966333035
203956,0.019213738988573016
203957,0.026622222034593742
203973,0.11211293642706815
203975,0.02000642906822634
203980,0.04891969836691796
203997,0.05452473712137479
204001,0.10229041963150616
204008,0.04956241883232983
204017,0.06513241149006753
204020,0.08393065056755727
204021,0.10276797048881281
204026,0.059629343767073226
204027,0.03462031525241349
204043,0.014941742193533211
204047,0.03162031627495977
204055,0.021743061852129653
204059,0.029921112750275737
204060,0.13776588793361016
204061,0.022140870915711083
204073,0.10215801912260469
204076,0.05951391867798114
204086,0.09308634288735165
204088,0.04225409282800938
204102,0.12964226891439767
204116,0.09635989789944763
204117,0.1160114269004785
204121,0.09797677775476915
204129,0.020434212480191213
204139,0.1661617412246657
204148,0.015691799506840055
204149,0.03002829219560116
204175,0.018797337346535367
204181,0.13246531295549055
204183,0.02172753878587209
204187,0.06924696220562147
204193,0.21386569713537273
204194,0.040555468964065464
204195,0.016473110327259895
204196,0.11067796149202691
204202,0.047605680403461616
204206,0.012483358880111275
204207,0.16857644457074686
204214,0.023433412214097137
204222,0.053521700923202985
204226,0.013663834358675847
204227,0.05568248755987483
204228,0.05285286219989284
204231,0.1315221379230932
204232,0.23937511657815497
204235,0.17125622634477156
204237,0.00856211975871567
204239,0.01895326686070509
204242,0.03174735418148718
204254,0.02270451831223623
204255,0.0682734990528385
204259,0.044377487624508674
204268,0.030623664295965025
204280,0.01731503078739724
204282,0.10746693685969365
204307,0.012866231292380806
204314,0.09428485068578077
204318,0.0518059925901196
204321,0.04988611808415577
204330,0.01887565830316543
204335,0.056541338872596825
204339,0.1505113060323881
204344,0.018388548750333352
204350,0.13972833118346384
204371,0.010413863806784752
204372,0.04783392421577707
204374,0.0876099513228304
204383,0.058416843598277216
204392,0.1359823203163988
204403,0.007608780643396469
204409,0.01099959073057975
204416,0.050362846629719515
204417,0.03429416127347555
204437,0.08846481590546801
204440,0.018763299924965733
204445,0.014114971078761099
204446,0.09827621142494794
204449,0.27153936881720125
204468,0.04402901134196457
204504,0.04418124401466797
204506,0.013038018916942245
204536,0.02635030624321795
204539,0.15343236392771684
204601,0.021230002786421502
204614,0.08777693992823071
204616,0.1667551802998038
204618,0.07510624341388208
204623,0.03329954075252069
204630,0.17234656486000532
204636,0.09414347374445182
204639,0.01636788504782337
204642,0.11054792062632676
204644,0.02766556925134235
204648,0.02351503825841103
204662,0.03286057375803444
204673,0.025308691068328042
204674,0.06118262635212267
204681,0.007218078204440551
204682,0.02151472494225142
204683,0.11224316977029977
204689,0.10175352630086593
204690,0.08118940826636538
204707,0.07515270589925738
204728,0.06366279004840475
204736,0.13716838660715536
204740,0.024844244288057767
204749,0.059439298093923384
204756,0.043427924959378535
204771,0.013773161694441646
204778,0.04884169100185471
204808,0.022511191313322965
204822,0.1581202117152658
204827,0.13759923460297008
204831,0.07357151067293961
204836,0.01570369828059696
204837,0.007862716201915308
204843,0.06937133872679287
204846,0.016611968261589317
204847,0.020775118507128633
204850,0.035962863051781195
204852,0.014665595680634486
204854,0.024831569630503855
204856,0.14993527533528223
204857,0.16080489033361428
204863,0.09992660399458653
204870,0.012546616712797037
204885,0.07887965135515493
204895,0.0680355691236305
204905,0.052972316558088525
204911,0.0797651312381234
204927,0.041226862307682854
204929,0.0836044656182072
204941,0.09022780775638807
204959,0.07435559354362337
204962,0.13986821846578
204965,0.37062336704730475
204970,0.18430561316577412
204971,0.029816544051067553
204972,0.06763854617995836
205000,0.09337156660004114
205011,0.06796692084907129
205013,0.02810641875768566
205014,0.20046782639588756
205019,0.029821108025415766
205043,0.05451738864858908
205045,0.09317387421646933
205054,0.017817479016407105
205066,0.03505558084775696
205069,0.136803821102543
205070,0.031486585940309696
205071,0.10086367892555545
205073,0.053613719970237964
205077,0.057403960257935496
205078,0.038614706198758404
205088,0.04843645835505987
205104,0.056069928785364015
205107,0.015222809585164794
205117,0.034408265763556836
205118,0.018336599465501688
205128,0.12474649562057227
205134,0.012550670933872535
205140,0.010099191500976577
205141,0.2454873410801588
205142,0.006507200717356382
205153,0.2967391633198002
205158,0.020679934206652914
205169,0.021670614837748403
205170,0.0961721299275719
205183,0.027933327624896913
205184,0.025962673217864243
205197,0.01700817013330573
205199,0.051285610342628296
205204,0.011633213392553448
205208,0.039658462465782626
205209,0.0115052141676459
205210,0.12034745360910831
205216,0.07382236023540734
205219,0.18106381595071275
205222,0.0710420659229666
205225,0.01563425747744264
205235,0.08260423839246858
205236,0.06539522096421052
205241,0.008338561796868257
205244,0.03836835478371127
205251,0.15007936315746817
205252,0.08285142472548943
205258,0.0357276920506336
205262,0.054828990427691376
205264,0.011101187931314547
205274,0.3115598225743287
205277,0.04675504331950654
205281,0.020488359464270575
205306,0.021019788097475078
205307,0.08881989667250174
205323,0.04047560594079662
205336,0.2859125921949049
205337,0.2585055990111291
205360,0.10692977182363124
205363,0.03326558275860665
205365,0.029444337974594215
205367,0.12012015772907514
205368,0.016717219365674493
205375,0.015363794658636853
205403,0.04788461740912496
205411,0.03194355452056101
205415,0.034948161032950696
205429,0.042083228397721134
205434,0.0888261946105661
205445,0.028516296639874022
205463,0.13097360192172977
205471,0.043154195978822696
205472,0.12630962832786988
205479,0.1209187913241659
205480,0.050009674122266194
205493,0.1425700018239839
205503,0.12175640669241819
205508,0.03578528020805304
205524,0.1548135705017938
205525,0.03256139235283003
205526,0.03023372487875944
205533,0.026539211240681867
205542,0.01307838808204416
205545,0.05399900560839623
205552,0.023375447138469407
205561,0.08284412032364208
205563,0.016793889328760917
205564,0.06587882709358714
205565,0.024115362068889895
205566,0.01939893093216841
205569,0.04807787523910387
205579,0.0637295413138952
205585,0.13974524660681686
205587,0.01385785280027067
205588,0.028964267612312508
205591,0.0374713222849711
205594,0.3304976181856456
205600,0.083810210162685
205608,0.03736030596242834
205613,0.025319662021270787
205618,0.06898870654284568
205619,0.011798543463483859
205623,0.007115045497567992
205627,0.15080777888997912
205628,0.18759682005268216
205635,0.019867575924338552
205638,0.02442342511540596
205640,0.14825580521121745
205641,0.16014362041868602
205642,0.23654261508197477
205643,0.018751981677541076
205646,0.08870110336453141
205655,0.07132449462203738
205672,0.020845240466795926
205678,0.0589242708194703
205681,0.02706241772773273
205682,0.02051391676626489
205690,0.009580754081838738
205693,0.027290012790960164
205695,0.03311829977511005
205724,0.011916182403478859
205738,0.027471979024342882
205741,0.03429810942001189
205744,0.03835449697500223
205750,0.019192913149596248
205751,0.11915626708198324
205752,0.01345008398195043
205766,0.030526660659867515
205773,0.06742598293897188
205775,0.06621075623591696
205776,0.02019158703176488
205789,0.14195455853320182
205793,0.04857841741018254
205797,0.01603119669718628
205798,0.020793745793259488
205802,0.007420528933191551
205806,0.09278259082182484
205807,0.03833971107569333
205815,0.049074214554265264
205819,0.02115822696095109
205821,0.025578389274372802
205822,0.07489926130898687
205831,0.0696170839932349
205832,0.051154603380566835
205836,0.03006004350728051
205843,0.10124383725988458
205862,0.03513784951521644
205863,0.03747355657506383
205866,0.11050099038845038
205873,0.047070728432340614
205877,0.05130009484266153
205879,0.03814341786065967
205880,0.012034441454870209
205886,0.09567379552148259
205898,0.13748410120791135
205903,0.03325787401842571
205907,0.047654420320641044
205908,0.06686468619309993
205909,0.0250200841821449
205930,0.011543630595917523
205931,0.015156984782413287
205932,0.038238043381991216
205951,0.02361963798193243
205957,0.6082175993059405
205960,0.04761287029093247
205987,0.10903666451459178
205994,0.2721981835479586
205995,0.038731062751171934
206006,0.024910933196826798
206007,0.024318309302967203
206013,0.019323569220764454
206020,0.02849899373767515
206030,0.017932767505844202
206035,0.015744993082076303
206038,0.006527655426782146
206039,0.10189388613191974
206061,0.023368160253110164
206066,0.05617606887791239
206068,0.08905547399964006
206071,0.16040548019436643
206076,0.06498215058935604
206077,0.08869634373774216
206091,0.04762652735502979
206097,0.09820352384622293
206101,0.06968056779532991
206145,0.1513922379226859
206147,0.0418572711832674
206163,0.02855385507520337
206171,0.0250974287146489
206173,0.15263111707408544
206174,0.30569189845916855
206197,0.07156536548131626
206198,0.05080871253079877
206209,0.10658478110403351
206211,0.07348170681663635
206213,0.013277496583140713
206246,0.14675479344644168
206252,0.05931588718787345
206253,0.16614549510049925
206254,0.03550991690176841
206257,0.041215543238659794
206270,0.0314862080105781
206283,0.009538585834380825
206290,0.03359099407704485
206291,0.03774178893722972
206292,0.1906171035612554
206307,0.05800283627333855
206315,0.01808308379727441
206319,0.16012550521107694
206324,0.10206101646572588
206326,0.18545585252029662
206338,0.03785059884282557
206339,0.018100060636580807
206354,0.04208220220529034
206359,0.025162964922419637
206374,0.11303896215663763
206377,0.02163866649880305
206395,0.16767330729878005
206403,0.025141657532140916
206410,0.1572144342390806
206413,0.05565576678511322
206414,0.025386490187567133
206418,0.10328595875140847
206424,0.05957635539282256
206427,0.03648235299101867
206428,0.04208270297622281
206429,0.05736237680433935
206430,0.03694653738661708
206447,0.024827792020654885
206451,0.05221074618556483
206465,0.21177342439033556
206477,0.16648048711046773
206484,0.05333832114157862
206497,0.007975205666748789
206517,0.03931603593820543
206533,0.015101651628910848
206542,0.11219226025960197
206557,0.04913334847076386
206563,0.048259494707698414
206564,0.12121697818445337
206565,0.020664433228062766
206582,0.04870528593407976
206593,0.18291626235192834
206605,0.1913105042235615
206606,0.0404450258395116
206621,0.042324907758692576
206639,0.03527276740776822
206640,0.04722496245526268
206641,0.028613961576325758
206645,0.0381747188164896
206656,0.07095499718535184
206666,0.04724886185739731
206679,0.08293133652918064
206681,0.022364752370503067
206684,0.083310741612948
206686,0.009081129774880957
206687,0.01791546995614739
206697,0.04355295206767568
206700,0.03921018949919913
206702,0.09935920290455183
206703,0.031395453443941526
206708,0.057030670865622086
206710,0.057611485956679406
206721,0.08050077109546497
206723,0.0611862258497159
206735,0.04531267100171534
206739,0.1636640644645864
206742,0.0374556326011933
206744,0.17886349216772893
206747,0.1805897148103397
206752,0.01352379628303356
206774,0.04959250135442353
206776,0.17299122919766746
206792,0.019696693654196226
206799,0.11985971767992576
206805,0.029144603556627735
206806,0.1230645595335962
206809,0.10971016553722815
206812,0.055097386781507746
206814,0.02186498261115495
206830,0.020688225610058918
206831,0.018527019245471704
206878,0.2005168963503295
206905,0.008549361491563295
206908,0.09047488743552379
206910,0.036626319245162235
206917,0.01380046307734683
206920,0.09151197653582545
206927,0.06524376890642938
206933,0.03709144124476839
206945,0.05684569975569213
206968,0.04243752358980925
206987,0.07507605754969451
206989,0.01633592987876722
207017,0.29308738238321974
207027,0.022758119128939092
207029,0.056010886211686095
207030,0.14482769869543846
207035,0.06768353858515223
207040,0.10398576934000046
207043,0.1560351730710115
207054,0.12895993996716137
207055,0.01300366809252284
207059,0.041390211069202563
207060,0.008575991850744204
207062,0.016488016502232198
207071,0.06405628190115191
207073,0.19150464236558748
207079,0.04018285362115358
207100,0.03550607182024898
207107,0.05790687228204371
207129,0.0792814674274837
207132,0.062219384304022136
207139,0.05663113828016567
207148,0.07788851128574209
207153,0.03193170834491744
207163,0.15449826238665404
207164,0.021499935108149452
207168,0.03982710924773701
207171,0.006564920723421498
207173,0.16281240138974487
207174,0.009714991851048302
207181,0.051046125968484506
207182,0.030907784503521815
207198,0.05090292755768961
207201,0.020032473802160614
207213,0.0906102638234979
207234,0.1132677870913574
207238,0.03434595598453903
207256,0.04167651968752123
207257,0.2114463399775279
207264,0.2578668924409156
207268,0.3182514931333116
207275,0.04606269901111319
207291,0.047995702354266964
207296,0.030136154406699762
207304,0.11019834400117959
207308,0.023161305117263973
207314,0.03409693957106556
207324,0.08133300885267095
207332,0.05080182745519992
207333,0.15855284033195172
207339,0.05242127439855916
207349,0.01371417288017185
207351,0.08507720680641193
207359,0.12389244195800575
207361,0.011916897591606964
207365,0.02395895059842363
207369,0.022304723217704478
207372,0.05072011219826063
207377,0.051097329184249383
207380,0.012169134690687224
207394,0.017143725208582473
207412,0.11796574736303606
207423,0.04206460898709086
207426,0.016820125003023878
207427,0.19497618997812133
207428,0.05333596289692773
207430,0.4230632291100541
207437,0.06823666112567153
207440,0.06902541386526626
207455,0.023182472257898823
207456,0.03984843084591211
207471,0.07226696479335529
207476,0.022898136225503816
207483,0.011949700956344188
207497,0.022510760104918936
207506,0.028132991453625904
207515,0.1278238202905258
207529,0.06000034683005612
207533,0.0617078378705921
207534,0.013159473792096438
207541,0.09741169032836741
207560,0.027838538867888372
207561,0.18253414733396206
207570,0.0353014214258489
207600,0.05480557141692975
207630,0.14192441491887883
207633,0.311417046035867
207634,0.010194125190206845
207635,0.018342706508723158
207660,0.018519394721212744
207682,0.02608999038091918
207684,0.03822968355188208
207687,0.05712029970546717
207706,0.1763757723344404
207708,0.0464689655250939
207713,0.05694650148476712
207714,0.040283540837379346
207718,0.013879067059632974
207721,0.028369649585295288
207724,0.04110928353196315
207727,0.023383490539705367
207731,0.023574003847981518
207732,0.0558011218099672
207734,0.03683072515659542
207739,0.07120819345083307
207744,0.0946448825039632
207787,0.08572294432921496
207792,0.05324557212627468
207801,0.04766364313274289
207811,0.07764315560020021
207817,0.14168043920052076
207818,0.1051051015866079
207819,0.02355395516761217
207830,0.044016487370871195
207834,0.07760255464274926
207841,0.14685645976100511
207844,0.09849499882410899
207849,0.1400966411847166
207856,0.017484796068324322
207865,0.024633211748209538
207867,0.08167003784754792
207873,0.10718813946053753
207882,0.13875204402630895
207887,0.01690152668472067
207888,0.038710878175890105
207889,0.01394981770851873
207907,0.013625341224656163
207921,0.29335861851694967
207922,0.01721686474831185
207928,0.12156459735167624
207930,0.16208029733131296
207940,0.012333031013549052
207941,0.0563608542131645
207956,0.04195596707166566
207960,0.014503961507181206
207961,0.11857649139163037
207968,0.08628493294331613
207971,0.04604450724476605
207972,0.05813944651691346
207975,0.08120087726474841
207976,0.06845860254091041
207979,0.21792275552553877
207997,0.09387436866677298
207999,0.4081185121930909
208008,0.04951539965265611
208027,0.12969910196987056
208030,0.012792084537922351
208033,0.32254796904374455
208035,0.1064833663823373
208040,0.02077193658737166
208052,0.057101504035874065
208067,0.012570574251999332
208090,0.020417532539942756
208100,0.03760277120523675
208102,0.04128355315537724
208110,0.06729307340247627
208117,0.027636295813475847
208119,0.12085467480981579
208123,0.10544879096510437
208127,0.5922517385123575
208136,0.01942952771814646
208139,0.005029096048451379
208140,0.048360841609956955
208144,0.08967769128004928
208149,0.016826587703560447
208156,0.07969435614602915
208166,0.11168604819972759
208168,0.043516759780662745
208170,0.24433729073369695
208172,0.10677667025995427
208178,0.018853790428901816
208193,0.04758611216080151
208195,0.01169761091126772
208211,0.03532371861769761
208213,0.0972379550346754
208229,0.050076559469418094
208231,0.2118010207661933
208235,0.006808383621538817
208238,0.1005610991973595
208240,0.07772261599682743
208249,0.011728550375171542
208262,0.06448457597020558
208263,0.08726950451044611
208270,0.03311168906828084
208288,0.020254205335476644
208292,0.08817202973844802
208302,0.01774917903443795
208303,0.15140487963654817
208312,0.010239638088525103
208317,0.013348963490307944
208322,0.08251193103951335
208331,0.03683645696685191
208336,0.037993625993443275
208337,0.12312038263520288
208339,0.0963514689577551
208346,0.15451987347508825
208353,0.07489524394776412
208358,0.021506088852767724
208359,0.0720875556178077
208360,0.02885511116108227
208370,0.0679870568242663
208373,0.015015516826098682
208390,0.024488815502240076
208391,0.10374002030951351
208394,0.032754705387955926
208396,0.038076665021096086
208397,0.02706156111234828
208398,0.15231157750566915
208400,0.0382509060732676
208410,0.029069887702102514
208420,0.03105417605618587
208421,0.26787338260330346
208431,0.39057868360877657
208450,0.07550319640811345
208451,0.24534626095322198
208455,0.057368743078499096
208478,0.052470167488470124
208479,0.026185799379518912
208482,0.03905128081661166
208502,0.1194422946690807
208516,0.020315475394154313
208518,0.018075040701589794
208534,0.09535391114951644
208550,0.01349083172819247
208551,0.015289764512010279
208566,0.045854692793287855
208567,0.04499984432710377
208575,0.0666507095443043
208576,0.020761475095441705
208588,0.030604774231590543
208590,0.12892562834284657
208595,0.02171940841589204
208619,0.03971277546332617
208620,0.07958644625740458
208627,0.19803721776549268
208629,0.05443595128815612
208642,0.03218201125387756
208645,0.023616753257944677
208661,0.025866052820308464
208662,0.008288278748173374
208679,0.015168913036240204
208681,0.01818274699029624
208689,0.07302665844583188
208696,0.026910087539194535
208701,0.022117582923073784
208707,0.16608314339710173
208719,0.03881635359993431
208720,0.0856866365868448
208730,0.04155868964853959
208748,0.017989270324171604
208753,0.08000648612197059
208755,0.0743982170488537
208769,0.03152062698365926
208775,0.07996734983952461
208785,0.01798531206423627
208796,0.027263965750705284
208806,0.03839117181990252
208815,0.12179761605086126
208830,0.022341034191730072
208833,0.1752307747054729
208837,0.02031824273361016
208842,0.019600956650548815
208860,0.016679252745386945
208874,0.03242214018820045
208886,0.027385434429059007
208897,0.03836722585627564
208898,0.11331684244241391
208905,0.16809825219427543
208907,0.024356938791598743
208924,0.07742209748166876
208925,0.07397664674223375
208933,0.02825668941566877
208941,0.028720984553715526
208948,0.01667666657962103
208960,0.025615611774160715
208962,0.03870218035535138
208963,0.02300075652630617
208965,0.04134629786091336
208973,0.020225938860598428
208974,0.0609565266824288
208986,0.036765528891328635
208992,0.01536008206182605
208995,0.15277844130884127
209001,0.022933941132458963
209006,0.051830946789936896
209012,0.025108097479321474
209022,0.03974778755381907
209055,0.23485489912867624
209056,0.088911112289718
209057,0.04170277506976454
209060,0.05634745243158715
209067,0.017915681856435488
209071,0.09049625582329837
209078,0.025960788239930557
209080,0.022712199069802486
209094,0.016449739369256835
209097,0.0231384787265546
209098,0.15364346705474805
209101,0.02727353318534617
209108,0.014638159780910048
209109,0.028452458544439504
209111,0.007510593890323209
209116,0.17671457444000235
209117,0.397418450232785
209121,0.016779687544770643
209126,0.031819523387317104
209127,0.03456708046120677
209141,0.025693872654234437
209142,0.08818628138677427
209159,0.01914020676258523
209164,0.15235087104133171
209168,0.34607998268270423
209177,0.08208662702504184
209197,0.0953033499498556
209202,0.14115096845827235
209209,0.015547146889945284
209211,0.041036623786823684
209233,0.06051162126141267
209234,0.03724486593731462
209253,0.056998571417027535
209260,0.027600381365366085
209263,0.031383295059212286
209268,0.027973688165264084
209275,0.05816303704639199
209288,0.06406904836962826
209298,0.25704417070523244
209305,0.050251456326589894
209326,0.08945897036075458
209340,0.06255286649850203
209352,0.23377840670645644
209362,0.04912022496950667
209367,0.044139330767512926
209369,0.027173583989302315
209377,0.027615372000429968
209387,0.03256355496200423
209392,0.03841333326468352
209393,0.013264367006595716
209420,0.012396631893622546
209423,0.23181565391036563
209457,0.05356748538407337
209458,0.08440348302616334
209470,0.08255189767764583
209479,0.14268400146075505
209483,0.1890791516198332
209488,0.3199201759275611
209489,0.033083487666501835
209497,0.023466040870616794
209504,0.03805606156641456
209510,0.07310205489786563
209513,0.0186088754617575
209547,0.014276423435652384
209549,0.02465180905906192
209556,0.031075985490294493
209561,0.13053961776060988
209565,0.14848259931881172
209591,0.10135298640951902
209595,0.0603933771683938
209596,0.1560925496839625
209608,0.08120285632082652
209628,0.03937687610897126
209643,0.06992265819033744
209645,0.17783265354581407
209651,0.052081613776455274
209659,0.11760455381937442
209660,0.08267203707635504
209661,0.2548416342507213
209665,0.07161416783569717
209682,0.014308460480911075
209687,0.07517526805675853
209689,0.04647303489620546
209699,0.05144310503167025
209705,0.09462790695918892
209707,0.024440828779839226
209713,0.06817873762429424
209717,0.03979489163541239
209718,0.12025364950906545
209723,0.183927970530064
209727,0.016849415526279523
209729,0.024506485115932827
209739,0.017589139809660675
209741,0.2174668865349963
209744,0.11287681489433493
209748,0.141766968082572
209749,0.04200601433032819
209758,0.014958098942659207
209761,0.058142342084344656
209764,0.1251312202549647
209772,0.028717346035980203
209773,0.1618787880049683
209794,0.02442628188901489
209795,0.19875599659567125
209814,0.05125799790553254
209828,0.12655332929186427
209838,0.02566471284776812
209839,0.13541680450416158
209845,0.210535266465345
209855,0.01735845877796485
209862,0.02356072207610624
209869,0.04321114031404712
209872,0.03562494383175905
209879,0.15196467346579778
209881,0.05153801238640563
209882,0.35571100735611316
209893,0.25990928240694716
209913,0.10129637213178641
209918,0.08860474007070664
209920,0.1665227967134968
209921,0.0342435569392712
209929,0.11922176571312224
209943,0.0997478664295136
209957,0.02123793056651476
209960,0.0550677249762876
209962,0.03851061343112803
209969,0.05434610931901208
209980,0.05405917982943223
209986,0.025364548638605114
209989,0.09847590966200874
209990,0.054028092412358564
209991,0.017814895726928244
210007,0.05688122249555446
210016,0.05058994829733701
210018,0.033452095855010966
210019,0.02575042880275056
210020,0.011670622508106389
210036,0.011018261618200107
210050,0.08924017825885427
210080,0.030093521353902038
210084,0.04247218683411828
210089,0.2817924550017757
210104,0.08563497721570029
210129,0.07648062388126171
210135,0.0313128565355438
210137,0.05494414830349052
210140,0.08712677681850406
210145,0.011912011220764598
210146,0.037972514975262515
210147,0.061940402587253
210152,0.013311242288731867
210157,0.045831579674728604
210158,0.06376759543727357
210164,0.03667309624663237
210170,0.06012749132924522
210171,0.0315131857694157
210173,0.30955828608104474
210174,0.19415709553492008
210176,0.07612767030324002
210190,0.02136132460781423
210191,0.15128180574113026
210195,0.25269613109936473
210196,0.03140481568439961
210201,0.012776264021287537
210211,0.07472146750836398
210231,0.06539317275443933
210239,0.15546024412793993
210241,0.04363045221822866
210242,0.014402935732460723
210255,0.08884458715905554
210278,0.08136927553650941
210283,0.011916093645292045
210284,0.05418603338389548
210304,0.015019915497519604
210307,0.040520511703908496
210330,0.03688936457022039
210332,0.04397432357792294
210350,0.22076428163421707
210379,0.01660881249813231
210385,0.043599330292753855
210401,0.028559269747795747
210405,0.0424718420738288
210413,0.17221035677152355
210414,0.1491816682827644
210415,0.12282350809682811
210419,0.06177434130215079
210429,0.024063462743101505
210467,0.1998246423561372
210481,0.01679547213630847
210482,0.0373620944164207
210492,0.026287537265579516
210502,0.3337308566711177
210523,0.025305189653051733
210525,0.10039707017979704
210529,0.13336626606545976
210538,0.01150576971817462
210543,0.023658937260857025
210549,0.1564161906648438
210551,0.050883410362506196
210555,0.12024876629733813
210558,0.071953745593349
210591,0.08756787851404296
210597,0.07392456758252713
210599,0.035317588041367254
210610,0.027751539061444966
210616,0.16002642159487068
210618,0.036504996128154214
210622,0.2586383154689984
210639,0.057624595835404885
210645,0.012227240400467819
210650,0.011306658458789205
210672,0.013278418266617494
210676,0.06501023043088341
210683,0.09891553538050986
210697,0.4560513145504573
210701,0.034624854225711564
210706,0.09099773401469234
210712,0.08505398953623049
210717,0.052723999199216734
210728,0.14112443896541818
210729,0.026486726217041186
210730,0.14013074368382397
210731,0.04465787534826886
210733,0.18053394884994925
210735,0.02229647866386138
210742,0.01963842590020955
210748,0.012930459092108482
210749,0.07636878782553513
210758,0.10613475559456408
210767,0.170582695609659
210769,0.05227822186020136
210777,0.09225427566864275
210789,0.010013003785949921
210791,0.053739721420874874
210794,0.013589023930950968
210811,0.06408218253126281
210814,0.015509591742784747
210821,0.028067466107742637
210833,0.04990954757249007
210835,0.01421922683598028
210859,0.032549589242823515
210862,0.044573022527185785
210870,0.031006416832572707
210886,0.01940671308593684
210893,0.040913855987149146
210901,0.029144956147358972
210906,0.13754600743843923
210913,0.06208534750516202
210953,0.03095892270185567
210961,0.03649466509448947
210962,0.30076333587578014
210966,0.05064963991018473
210983,0.07133445660441877
211000,0.14250998852424837
211025,0.0861392881351827
211036,0.023228343119470758
211043,0.08876034320993141
211062,0.1543849438310204
211076,0.05087844890216764
211085,0.038958795747104376
211096,0.03270738583505078
211097,0.1417238557357122
211098,0.14849452561277615
211103,0.026186501591293654
211108,0.1111748960718336
211131,0.06144497742140721
211135,0.14241530352562815
211139,0.020369921586518226
211146,0.02431577286339571
211150,0.006851231342635385
211158,0.040846174791503334
211170,0.284470259398159
211177,0.042950790888063216
211183,0.12349287471228805
211187,0.15105201335991061
211191,0.017156553309594483
211194,0.20136913359871367
211196,0.11876479849401389
211203,0.014897190826533681
211209,0.12710577948467675
211210,0.328531661527724
211211,0.06570305555246472
211232,0.046158747304079886
211244,0.23791144599333672
211263,0.021644562364534853
211264,0.08953597035598704
211270,0.03484719768709128
211278,0.0158614170966894
211292,0.03695669682497779
211293,0.06923345665589482
211295,0.036201442676951606
211296,0.0456858884769869
211308,0.0655735630620777
211310,0.06791226843196083
211312,0.10391368248132572
211325,0.02986110163317383
211326,0.030776491874492176
211330,0.04823841738468705
211333,0.03335652175102642
211341,0.046651014238663704
211342,0.004886345892692387
211350,0.028792364917988013
211355,0.08653322242021559
211357,0.1646512593630976
211358,0.11429056888689926
211362,0.03749669292411557
211377,0.012681531742769626
211378,0.237387046802719
211379,0.09942374019057051
211384,0.08565219637307461
211395,0.22239036222391168
211398,0.03497770766734219
211399,0.0171670800562376
211417,0.07369864899952164
211419,0.20908081226328223
211420,0.03656121290547972
211439,0.1860393130508504
211442,0.02057068962653887
211451,0.01582798431933372
211457,0.07535728482412235
211469,0.05999506168103257
211483,0.02975815468132977
211505,0.10887145536476699
211508,0.028292889047448637
211509,0.2826713505048351
211510,0.12792605061629103
211526,0.04754127353121622
211547,0.03306616499658988
211548,0.062339799395292585
211550,0.01331515301913789
211551,0.07725874608096321
211553,0.282416850612416
211562,0.06360185777233843
211563,0.028305457330685135
211564,0.1653982982694392
211565,0.06599962558806997
211571,0.2788906667328158
211572,0.33144905926402
211577,0.14066770174615953
211580,0.07115534538898287
211609,0.04056393621138906
211625,0.05005677154970711
211635,0.2631842623941317
211646,0.08243967027456266
211660,0.045958692272101906
211670,0.12753049597977528
211672,0.029104282180553127
211688,0.049262861460237437
211694,0.03120937700805726
211696,0.03760140451770935
211711,0.21464620687973174
211718,0.03183089397557809
211732,0.030618354669513355
211735,0.027626489323075158
211736,0.06020587361805495
211740,0.09468073080715991
211741,0.035496337939519014
211746,0.019815851613738195
211751,0.03946222894729445
211754,0.12585326073197653
211770,0.036529360750901525
211771,0.055689111752681986
211787,0.17817367507359355
211788,0.06462217789791934
211802,0.03643050732253223
211804,0.025503164337718074
211810,0.12897346428507342
211832,0.054746538653226234
211839,0.0459182392277909
211860,0.023993846920737836
211863,0.4678959493456295
211866,0.010533824605910316
211869,0.04344250745958274
211872,0.022761893778337663
211894,0.030468335694812866
211901,0.030518455322508208
211902,0.18523819618373524
211903,0.17876390697147743
211946,0.018316849026997054
211950,0.09983946138878393
211959,0.06547750501308575
211964,0.06493849431658733
211965,0.02489541237971861
211979,0.025470309782219626
211983,0.1639958467571097
211986,0.08388965422241298
211987,0.020438186746195228
211988,0.055932102109658655
211999,0.013516078358928256
212002,0.028481905121651434
212004,0.055649429327260594
212009,0.04748780809091398
212015,0.04764682273222186
212023,0.026138013256929327
212048,0.045985391487270655
212055,0.03590445354166357
212067,0.00879539354588885
212079,0.01559034523319243
212080,0.036431779418514484
212083,0.021340983534535708
212085,0.13297697238387743
212088,0.05133957909505752
212089,0.06862241362573658
212092,0.022404845411977854
212097,0.07010335684174959
212124,0.023340621692304955
212132,0.02747397641833104
212136,0.08580143629174387
212144,0.037409577703248965
212145,0.08529940063418714
212167,0.044160017804462756
212174,0.17868490203659904
212175,0.0313393259185677
212187,0.29645718764582346
212191,0.046056991130698
212194,0.13956077494105332
212238,0.044033035958447014
212242,0.0252740435049677
212245,0.0881199996158719
212258,0.02888232983504646
212262,0.021698281487009426
212277,0.007797645361019809
212283,0.02963559746916782
212287,0.05175968240456851
212288,0.09434606109980617
212289,0.04049344845419164
212293,0.04605591588008777
212296,0.18364348989716767
212300,0.13776066522365257
212303,0.13617906128590151
212326,0.03590500237328085
212327,0.05985898037225078
212328,0.013090144392533228
212329,0.01749274103922388
212339,0.062333790441444346
212340,0.06638226747894152
212343,0.022943090174346
212360,0.015478258515954945
212389,0.05493611741486848
212401,0.12299431600506208
212407,0.0146596812862376
212409,0.057597908701557975
212422,0.027620913291178453
212424,0.18368887170925796
212440,0.02380672627153007
212441,0.1701590397828252
212443,0.020735443136293115
212448,0.03944363165490199
212472,0.19820428231521148
212478,0.048822626063983604
212481,0.02424195801203656
212493,0.11573850938295085
212508,0.05005478685359178
212511,0.017813552198728794
212525,0.021118987312283673
212531,0.09301221160568776
212533,0.0060022267991233415
212555,0.030648448074644973
212592,0.08835151052613013
212610,0.021875467944097338
212621,0.08951341556721235
212629,0.22583950555973384
212635,0.04729423257437382
212636,0.01244442452108502
212637,0.03689755029217152
212643,0.07314796836166529
212648,0.03858380897316556
212654,0.28310118455779304
212655,0.08703978043812119
212660,0.05345712881948793
212661,0.05738528114693617
212664,0.08659547315287676
212669,0.009451681425666922
212670,0.04189756861896379
212674,0.18648462460200294
212676,0.4207060981612873
212690,0.034510827741762534
212691,0.04557058282006566
212696,0.024288272254588662
212710,0.15661695694148264
212712,0.009095224457903787
212716,0.03477746073463781
212718,0.047753552054342494
212720,0.06705207495188278
212723,0.02747644116766021
212730,0.01930661426529333
212740,0.01573422327161397
212747,0.09779914252257926
212763,0.058301272600614976
212773,0.017609054565041152
212775,0.045970135583914856
212776,0.06632294971614147
212777,0.20142732584946876
212781,0.24768211749521268
212782,0.3592060577056194
212785,0.019833889150175345
212786,0.09030877241937155
212795,0.01325143593345485
212800,0.115190520905942
212818,0.08215543465455909
212834,0.12853455555610283
212837,0.060560364698883325
212841,0.043933776524347046
212842,0.035081798307019775
212847,0.15188458875181846
212848,0.024614988213345186
212851,0.027861081200298128
212865,0.008913884123995347
212866,0.010119401068995877
212874,0.0784486365311975
212880,0.04735732386877267
212894,0.08801670659379074
212897,0.041522725914871696
212912,0.06598801878468746
212913,0.021606665292735854
212916,0.05243221756781338
212917,0.016218282659504143
212933,0.04358482631361257
212935,0.03402397047244692
212936,0.02494476011020774
212950,0.12481238463527758
212957,0.032993171434739885
212958,0.04848719472373955
212961,0.07787031184572199
212962,0.020800510426321823
212963,0.13647574908427107
212964,0.23773875664075328
212968,0.10651597226588519
212969,0.049920058022143825
212976,0.024353665515583288
212978,0.026918095045859916
212983,0.10498111707866409
212993,0.2106345889857898
213004,0.03013360863812719
213008,0.01645152613447867
213014,0.008916537945009382
213018,0.06318872473374579
213021,0.033871737936338325
213024,0.04189682619600018
213045,0.05001630644240586
213054,0.015614025452379653
213059,0.14780455214970387
213076,0.028766245250383876
213095,0.06130888455739204
213096,0.052036938497088264
213100,0.010911431404831074
213101,0.13028378594565515
213109,0.0481313033002783
213111,0.023708009528895388
213116,0.014025534116021256
213133,0.23992912450132456
213140,0.07664618235083051
213141,0.05646131905976934
213143,0.3786353102152407
213150,0.019916714276346715
213152,0.03200216524849053
213158,0.03271706788109269
213159,0.025891097819390016
213166,0.033982503678833625
213167,0.20710177051707968
213170,0.23214447234450664
213178,0.17020864102094194
213179,0.007746646784596941
213189,0.0804571122732547
213196,0.06586613407208909
213201,0.018304098016931766
213203,0.031880451351466985
213204,0.02745176992561292
213205,0.013388887340882656
213206,0.030627299072004927
213207,0.08923445862611477
213208,0.017619699338385853
213212,0.01536590047277043
213214,0.012918724173757026
213220,0.01364187118876553
213240,0.026570974302110667
213244,0.02571696546820537
213263,0.29836490177375213
213264,0.05252105139627483
213265,0.03277675518292234
213270,0.035710550400373
213283,0.08931946939268083
213287,0.03458449622734745
213292,0.1647503901826231
213295,0.12286279627938161
213299,0.16222093678584706
213303,0.05090252431910176
213307,0.03941186463708949
213308,0.030824427636454346
213312,0.1093856558575718
213313,0.025238666706071673
213316,0.017899485416656674
213317,0.08350260378539179
213338,0.08415301733098196
213357,0.07905643991760081
213368,0.19443188754762064
213374,0.05396739187035048
213375,0.03050288497468378
213386,0.13980559880800095
213390,0.03372287465808569
213393,0.016959461862407352
213401,0.04727575235178358
213423,0.1019838726675663
213430,0.026572946513646972
213431,0.04020025502452696
213447,0.014436417617238757
213465,0.06684095574520164
213468,0.03104471801999705
213473,0.0932044739030859
213475,0.04782956949329754
213476,0.031398779324485246
213482,0.010911898796898457
213493,0.0903403665934089
213531,0.08773622521655983
213534,0.03344288281782672
213542,0.04538595187293168
213546,0.05411517095547986
213569,0.03323718042156332
213570,0.054844059882258725
213588,0.020858979983616868
213591,0.035322277080489434
213595,0.03838235971580759
213597,0.03854369124145011
213598,0.029173321799181227
213604,0.08945551816518105
213622,0.05116366808820742
213623,0.3221764785583351
213633,0.016124305582914306
213639,0.019309385757915916
213641,0.02416459019111295
213649,0.04167619424910529
213671,0.04216478432624106
213675,0.023221995985441245
213679,0.08199645678658726
213680,0.0921047412013028
213684,0.11444232807037535
213685,0.013750349127653648
213689,0.016811239765542864
213691,0.2542183283087096
213693,0.036983486089585994
213712,0.018605046117409724
213717,0.016685713144919834
213734,0.102455035125113
213739,0.4155620519037047
213765,0.05836319189650414
213775,0.024257313343989645
213776,0.11771722398360177
213804,0.3832980381629448
213808,0.013237893201616252
213818,0.1273494468806377
213821,0.028196067135186093
213829,0.03320972459575433
213836,0.09741121923972239
213838,0.040668861245738507
213843,0.04801036202983094
213854,0.12201539776567233
213859,0.11804287255420051
213862,0.4021882812411556
213874,0.12429131002541341
213878,0.1631495370235163
213886,0.010554466644311814
213888,0.02292451424511504
213892,0.03810355266945846
213910,0.045448634291031284
213921,0.09032368722553202
213926,0.06204703520200788
213928,0.02407578223246394
213935,0.02012447540272639
213949,0.059725399420566504
213957,0.08732638370093926
213959,0.036446668876304135
213967,0.05574089680214986
213974,0.028091610355963383
213975,0.05252929793117104
213983,0.07342813351149613
213984,0.009234857395177699
213998,0.09306038700162927
214004,0.023114402395243955
214006,0.03864066683861509
214008,0.034624152320557516
214014,0.013353636718635827
214015,0.06048028329377865
214034,0.022612842846975158
214059,0.05332306077256275
214067,0.01279031750272853
214077,0.026027665858960578
214078,0.059689292167236466
214079,0.09033844055898937
214085,0.05713237384476122
214088,0.06952918218364386
214099,0.04072665994126726
214138,0.033900460351374735
214141,0.008251553116265466
214152,0.08667359607342978
214154,0.014368729770034817
214155,0.0338896746281616
214177,0.06733070461334123
214188,0.039273658340047445
214192,0.07376026667246564
214207,0.03692517692615852
214217,0.04604821228105553
214219,0.06728183956973541
214228,0.10185173215914864
214229,0.266470209415
214233,0.06313340769737721
214236,0.11326011610871184
214242,0.020032698473144157
214249,0.008825542251787406
214263,0.025729542394875158
214264,0.013858985839519259
214265,0.04808675042994045
214268,0.05632200316521353
214281,0.029519293861421946
214282,0.03451046083531058
214295,0.030317539943415503
214311,0.013123156766547224
214315,0.05048837035463135
214325,0.04283365683997527
214334,0.04728717922541199
214336,0.03632450371568296
214337,0.036258353438109854
214342,0.292739459000995
214344,0.08002450620139569
214349,0.034030162554070695
214355,0.02010990766519232
214356,0.03711362727439939
214358,0.026022860962154976
214363,0.040570889955633224
214364,0.010020738788749322
214371,0.061024216017020856
214377,0.41409705082152976
214379,0.05344381415697818
214383,0.09487213736509369
214406,0.0063818757871132135
214407,0.10282817226788651
214411,0.03550951022085078
214415,0.09360407040807317
214418,0.14610811881443686
214419,0.019226046696080207
214421,0.017760486933476982
214430,0.019673166197047114
214436,0.025290774957981384
214463,0.08991086684816918
214472,0.09824608562745735
214474,0.18333737577871898
214476,0.05028420207714324
214478,0.033937326020614805
214481,0.1392602211235521
214484,0.024309868051986525
214488,0.07698972816989308
214491,0.10598236192790192
214505,0.06720193202392287
214507,0.11051622437590185
214510,0.044162495863010895
214518,0.0592401707366704
214523,0.1664036554919019
214539,0.07313125485767297
214542,0.03909733908223323
214544,0.06756982840700385
214553,0.03440439387696928
214554,0.09599566642548366
214561,0.07029779743795857
214563,0.04825911979172609
214566,0.02035752814229687
214581,0.01850438339253716
214587,0.032312693297445814
214588,0.08661754403708712
214589,0.08898781054458027
214593,0.05261417432755539
214620,0.09688730635348496
214630,0.058138488152533814
214643,0.032634192100214135
214644,0.10592397327893867
214647,0.03599048286097617
214654,0.012423025780945974
214657,0.024987457814019697
214658,0.03974118806794757
214662,0.03168822972205679
214666,0.12835775271164054
214680,0.01895262049280785
214685,0.05428802557597699
214693,0.019955224666931923
214701,0.03752124964114054
214705,0.017052553042246326
214706,0.08233813946027034
214719,0.048247765910125404
214721,0.3761747915066769
214724,0.037857579139619214
214741,0.05373874214395059
214769,0.07199594160441773
214777,0.012756487988830766
214780,0.05326807261385575
214786,0.024440245293589385
214789,0.023653586433746345
214797,0.059411711852298356
214804,0.06315294270323257
214808,0.15391397412201818
214810,0.2517330805618356
214828,0.33551044128112456
214830,0.023402053785438595
214835,0.18752119749351837
214844,0.0687673126303868
214859,0.4089977961991548
214861,0.023031275154255022
214863,0.05386371040255816
214887,0.020554930440447688
214898,0.01749264935725045
214906,0.0373231377636189
214913,0.038850413704951715
214915,0.06882728444874033
214937,0.02039513247765332
214944,0.1138148986935979
214948,0.1275595913648009
214970,0.08390971524982334
214976,0.09998584587310827
214999,0.15409272682286923
215000,0.3073110446329215
215016,0.01711342699829589
215024,0.007482979044307657
215029,0.3847837192801009
215033,0.3647999761379956
215037,0.23506202371539475
215054,0.06047442175498253
215057,0.06524679945137334
215064,0.03676765425314737
215074,0.06451943696156448
215077,0.08369604278233797
215082,0.019067129309812372
215096,0.025963649818100926
215101,0.030696688501541572
215103,0.01797891924257717
215109,0.09594326675969875
215124,0.0787399300279244
215142,0.15447811112571191
215143,0.024905450222356205
215145,0.02615440398085997
215157,0.016386592803836166
215159,0.009955042212464354
215161,0.13954287615940847
215166,0.04712073002773984
215177,0.07841289994613249
215186,0.04447315936102489
215194,0.11817729952375233
215196,0.05260227290749509
215204,0.21456123305531227
215211,0.04831553816303894
215230,0.09098361359703364
215241,0.012286641824871235
215256,0.12338958790186708
215257,0.06296399055816311
215266,0.08146292088000152
215267,0.020527592171190656
215268,0.011193971896341078
215278,0.09447693125594585
215280,0.3978529540439487
215318,0.2599296044874374
215326,0.032713406911228884
215331,0.08225241496108038
215337,0.011521051538816385
215344,0.019840132355086585
215346,0.05255234223757096
215348,0.07463259151320695
215351,0.01800120605143498
215358,0.08771121105260449
215360,0.10825156910707315
215367,0.021612550468509628
215369,0.08641849149546477
215383,0.028512099200653895
215395,0.12089765148277026
215407,0.04837981128209816
215408,0.07856719692835545
215412,0.014088252676200107
215433,0.03635896161003144
215454,0.0858759925814804
215463,0.23770970791953075
215488,0.007864821810640221
215508,0.06877420130070708
215512,0.008867965078385926
215516,0.17944316810252672
215525,0.14693017322202115
215531,0.05523917018297224
215534,0.11140674752901673
215537,0.023498419369544735
215539,0.05382916229413469
215548,0.03014166162881598
215554,0.07145161213442046
215556,0.022488924445190704
215559,0.1773228346783941
215560,0.04231480215627803
215563,0.06219061965361311
215564,0.00951934991137327
215569,0.06888919778216325
215574,0.3664332629517875
215586,0.09130799013944463
215594,0.09807800119814515
215608,0.03746462453392772
215614,0.03143204731097872
215623,0.16412807344712846
215628,0.0993595792553657
215637,0.3725984779063748
215638,0.23661379133398647
215649,0.02820707925721159
215651,0.043164070501485206
215653,0.04129952704914282
215678,0.055602921618072905
215708,0.05756070113752579
215711,0.07183098467241693
215733,0.06440216280602863
215739,0.016541214801041634
215742,0.023275371770912247
215756,0.029102687826092426
215772,0.08097306695386992
215775,0.14059260333866413
215791,0.027641874345178574
215796,0.08363749922603855
215803,0.03375579091277648
215805,0.02196751666156038
215807,0.039424285163122796
215829,0.03078799435139724
215855,0.022314558493980313
215856,0.10884143470221566
215860,0.059375927494287654
215861,0.05016946886689651
215877,0.01191604061927763
215883,0.03532385322963226
215889,0.0729575322261802
215897,0.026991309626524476
215898,0.021275095625234452
215901,0.044006722204001765
215908,0.06230543052556987
215910,0.5231507989587236
215911,0.012359337459412352
215923,0.029863387113605463
215928,0.03014137892390041
215934,0.07288502993546382
215936,0.06108555923293031
215947,0.008931269761030695
215951,0.025118569649760066
215958,0.00995360280659882
215959,0.03577671648985737
215963,0.09493634656994854
215968,0.14632142357103256
215972,0.0808900547179752
215976,0.06752447454681587
215978,0.05399764894751572
215981,0.02946425231050218
215999,0.014467057969159394
216001,0.13375670236557546
216012,0.03434500411297911
216020,0.12187989076972128
216035,0.02848561805063794
216038,0.19630838997652844
216041,0.05726975109670258
216049,0.059810738734520016
216065,0.04059217481415861
216096,0.2816896730897491
216110,0.027590723232938187
216115,0.11947861626924072
216121,0.016566751648410077
216122,0.3344673202410877
216129,0.028915610018380812
216131,0.11815324210912743
216138,0.08761440227821701
216142,0.07235278444404816
216143,0.04096756526730059
216150,0.03180966742332053
216180,0.0487588199428724
216184,0.04104779394836623
216189,0.019861916167188097
216190,0.21872970296428476
216197,0.017406688896957852
216218,0.26286818906707293
216219,0.1072180170845652
216221,0.05795384524202897
216231,0.014741562812798687
216240,0.12194104643203857
216272,0.03491598388130321
216281,0.043534901510695834
216284,0.036515463577872546
216290,0.06372980682500494
216297,0.07449311649655985
216305,0.025405225239377667
216306,0.051162628967721044
216317,0.026900938737286745
216333,0.013730838188333575
216338,0.07254062763853673
216339,0.08875823377844931
216346,0.060007277445952634
216349,0.13355377214290334
216350,0.27559434971547636
216351,0.043306351519225676
216353,0.021848798742659742
216355,0.03795001909237487
216364,0.1518763119755395
216387,0.08323767479039781
216392,0.02444960275185021
216393,0.1703731439078995
216399,0.015607436802915955
216416,0.03747337914861059
216433,0.022111988193639104
216435,0.014655999809180257
216442,0.07090614793387018
216458,0.059441683508069984
216461,0.24469902895607507
216468,0.060885072521228295
216469,0.04141484669408162
216471,0.05038160701860715
216473,0.108749414094029
216475,0.03382506772491762
216496,0.053501975074286
216510,0.03750466365773145
216511,0.057952291276977125
216515,0.01763911213807828
216516,0.06027154029006025
216521,0.011139114448046154
216532,0.0336955736901861
216548,0.02078001856392237
216551,0.14262069439514927
216560,0.04547708674397509
216562,0.10775234093315343
216563,0.02974437470725371
216565,0.02731876246514295
216582,0.027720077076095778
216587,0.09368370626357186
216589,0.022746584866359394
216597,0.044780751316390935
216606,0.020696302384611294
216607,0.020797702338636793
216608,0.15810172724654414
216621,0.026172231808638036
216622,0.01592952472526983
216627,0.0872813878508382
216636,0.06730281823573254
216647,0.03533207706956547
216655,0.12419984091414822
216659,0.11515047811547631
216666,0.1967988336645164
216676,0.041175194713873
216677,0.05623025139534662
216679,0.11854738055007627
216681,0.037354880141939314
216686,0.017145593869822052
216687,0.11056941265045989
216694,0.0688421119482182
216697,0.023686484928095435
216714,0.038525404801933436
216719,0.05399106653031342
216720,0.023397985740182353
216721,0.06532165284503713
216723,0.02989803777927351
216740,0.07862120204854772
216746,0.04133748463648882
216747,0.03956096934643459
216751,0.036666514993945146
216758,0.08645213235042201
216768,0.031883509898988215
216778,0.08798585569611068
216786,0.09549512047535579
216801,0.2877233548299163
216802,0.10052635751025521
216807,0.016323828854038783
216808,0.03513525221533146
216810,0.03277983382612122
216818,0.017296683068931895
216823,0.038832408294773406
216826,0.009259409212657296
216827,0.012607146574455465
216828,0.04141547888630429
216840,0.24334456545491714
216844,0.03592064174581776
216845,0.0618463461144756
216851,0.1447596403571978
216857,0.04906301941473054
216858,0.04452776441621069
216862,0.02196911708415514
216874,0.052507068582377
216880,0.02074669788991893
216900,0.05135071511494518
216902,0.033300548629154436
216903,0.024629521689297048
216904,0.024706210697218962
216931,0.020480744988232068
216936,0.03396322031735076
216938,0.2738732552856521
216952,0.10773442436023603
216954,0.04510964882665067
216955,0.02716561900659673
216961,0.03879785027265499
216981,0.2698018334545915
216985,0.03760930553484425
216992,0.06719847983304876
216995,0.027891591251281572
216997,0.010548547304713413
216998,0.04242493252966208
216999,0.03306943332118342
217022,0.08491587632928806
217034,0.07915560698930216
217038,0.023134508488551187
217050,0.05145502424026399
217055,0.04000101202047682
217064,0.09332422389772167
217071,0.016291574520516796
217078,0.1216505096600137
217083,0.1676089072039324
217084,0.012349969881398295
217086,0.054814047424424125
217096,0.12826705774447308
217101,0.18551208570170397
217109,0.10514965496983214
217118,0.023096624191311102
217121,0.07957627215941365
217125,0.06982520485247767
217130,0.17543593708591876
217136,0.07527758691357159
217137,0.05735168066332603
217143,0.011690903945670118
217148,0.06479511440682878
217155,0.024080461510138353
217162,0.015671837286267046
217172,0.047293669063461365
217174,0.04909348379322516
217175,0.09454238389726202
217177,0.050155440706359064
217178,0.18066612288938905
217192,0.023389705777346666
217220,0.01011398056747096
217221,0.02946281383619031
217223,0.02098219195849267
217232,0.08583809618246802
217243,0.04419989562216073
217248,0.10082306717985096
217250,0.04183800208073783
217271,0.10806410328945418
217283,0.02272816594991198
217297,0.17622772915126064
217323,0.06931090393134165
217326,0.03954246821786014
217334,0.03964655208521783
217338,0.018156250054631642
217341,0.24001619501895902
217342,0.14429313215169481
217355,0.011584882551372709
217362,0.08566494236942994
217366,0.11810405513716454
217367,0.05200074109577413
217371,0.051631106670006435
217383,0.09089092829829981
217401,0.13261636607285457
217404,0.07555959630653737
217419,0.01812214770668987
217422,0.07834604667396348
217423,0.013423551410188857
217427,0.057590345508854814
217429,0.025457179143948315
217430,0.03174203327165969
217441,0.06570532954044188
217444,0.017381463523201985
217465,0.02219068410384844
217471,0.025531237453181622
217488,0.0772057967555738
217493,0.023484907644074494
217509,0.2499524862301074
217510,0.027010719439261727
217511,0.24233057287535562
217519,0.05982917068447647
217522,0.09140470813491369
217562,0.05875631744773498
217574,0.06370361771139504
217577,0.012178160248153144
217579,0.09369304554537178
217596,0.012195359693952175
217602,0.01789784772918681
217612,0.03814504357454619
217632,0.044838760722508086
217635,0.01651172166315115
217636,0.14147941469141073
217638,0.09899524839548463
217639,0.11697597395206041
217651,0.0839408133175214
217652,0.009908631723973955
217663,0.2724240418979307
217669,0.042792394676588554
217686,0.0925410431793471
217699,0.03340647700175738
217700,0.1550585926296339
217703,0.03615591808257494
217706,0.16559581876910348
217714,0.07399776152670354
217732,0.02430020726215793
217736,0.056717760666922655
217749,0.32349058373886175
217763,0.009451060785871147
217770,0.03103495013568501
217771,0.032704114047498026
217772,0.02972607482600096
217776,0.04140025797858433
217777,0.04799080932354576
217778,0.16969575979444934
217782,0.021494705574436352
217790,0.08430148418887048
217792,0.01862604972952698
217793,0.09392038732358449
217795,0.1539400521805649
217796,0.017383756610298617
217800,0.0379571733133822
217804,0.031417155229238054
217807,0.009975673241918951
217846,0.06485684745181734
217847,0.14341244132030237
217853,0.026768873823779578
217856,0.04156305102747904
217864,0.01759337890749314
217867,0.05709868131429791
217868,0.23488760394988184
217885,0.09974083639176588
217887,0.03491962297968003
217889,0.043086018797498966
217900,0.01901238476239508
217903,0.03472011723943155
217905,0.08805611805775879
217909,0.026144934391145215
217913,0.012839572283801708
217944,0.027653507205087354
217946,0.049774127058362844
217954,0.03207280232390829
217956,0.040259241093285554
217957,0.02301120760854048
217961,0.2024747876099529
217962,0.03571839207808625
217976,0.054745457871811856
217980,0.07875274088738493
217981,0.02656738694898065
218006,0.039439098795356134
218009,0.03212116479425031
218032,0.10887675761906841
218049,0.02003207392590381
218053,0.02890234055123942
218078,0.061670629364984554
218080,0.13815034346717162
218081,0.02575808245457272
218094,0.13420522344738123
218098,0.04030535791723887
218099,0.09173980207195359
218100,0.09786426313120147
218113,0.04577934741906826
218117,0.05110965100129767
218118,0.035695490899370186
218119,0.03422109929390245
218125,0.026588866007672646
218133,0.046966830089464194
218153,0.11514389144844367
218165,0.09706690820144623
218166,0.011610169547133358
218177,0.026054386338772852
218178,0.03754061334982211
218202,0.03701905448898129
218203,0.03918284270327016
218207,0.09363568020561933
218209,0.13443332011286432
218236,0.04391872419748688
218244,0.03663575813133311
218247,0.1135438659512206
218250,0.03512924085263645
218266,0.04696355004049684
218275,0.1372599778998334
218276,0.0308365814485351
218287,0.11309867123124037
218292,0.016333640300935662
218298,0.12431623979732316
218300,0.014104458410822664
218320,0.036856170648746786
218321,0.1355786208737943
218333,0.03128590250517619
218347,0.039053694650421855
218353,0.02122809136769277
218366,0.032919486161724756
218368,0.01690076777614112
218369,0.07377273030778397
218372,0.09478911905403734
218376,0.04392431459386989
218378,0.030276096829300096
218403,0.09733463766565023
218413,0.07968508746063153
218418,0.04336645905813544
218449,0.19767185012014335
218450,0.09455110624290326
218458,0.014582022180458407
218464,0.061177433115332636
218475,0.07837380443452041
218476,0.15941829362572707
218478,0.0458419214095417
218515,0.033735311159226365
218517,0.05850353944936971
218518,0.1116643206045757
218538,0.011782405861404973
218539,0.16667533973651857
218550,0.214136317954392
218551,0.01930957963709869
218565,0.1348377817541008
218580,0.01648473270949121
218591,0.07638654404576437
218598,0.011137228921586768
218600,0.043317830175635286
218602,0.06618590542255914
218607,0.27340779819914374
218651,0.04407095586893879
218652,0.026887255213983694
218656,0.4189445775076878
218658,0.032142251893899805
218669,0.13575565148092805
218670,0.07908023265451071
218671,0.024170839645580595
218677,0.09762689886693246
218680,0.03291427661609405
218685,0.011934679877295809
218686,0.14508358069415697
218692,0.045774277334552915
218693,0.09044549818078373
218699,0.5405229171890424
218709,0.04146746251847666
218729,0.03180250903203545
218734,0.0270879383566677
218742,0.016889776293435216
218743,0.015127429018335796
218756,0.043978846055242785
218772,0.11617679272005499
218782,0.05129444132810367
218786,0.06655675787761754
218788,0.04461389814490371
218796,0.04591349849275535
218801,0.06272822328565272
218812,0.0347309243156364
218832,0.18302992416466574
218834,0.09817088067316493
218846,0.20833537634208366
218847,0.0978844888312887
218848,0.008934713740468293
218853,0.14527300302064455
218865,0.053082094247220865
218870,0.035048194803309764
218873,0.01897215312900043
218884,0.022080123050085373
218893,0.11106416330127791
218898,0.011573165345444116
218911,0.11658089213098807
218933,0.0925120449130328
218934,0.03911326226762524
218939,0.017493304359865926
218948,0.033688941694132904
218957,0.11261077719458926
218962,0.08215024945122248
218973,0.020270374082048584
218975,0.01676184106188561
219000,0.011992203314435922
219001,0.032984912683458684
219006,0.021355670017418935
219027,0.05526048674718019
219036,0.06070868798743565
219043,0.12809687541764847
219047,0.0428186523979653
219057,0.020279616646625205
219059,0.3000365102434875
219062,0.015609830057355119
219074,0.01709123182573213
219085,0.008962177887527853
219087,0.041648933695562836
219095,0.0924947135477768
219114,0.03740689934561474
219115,0.02580406662390821
219119,0.02972945589310158
219140,0.049047831814322096
219147,0.024301894750181373
219170,0.03177449057267731
219171,0.2707445317530825
219174,0.07632645655505796
219177,0.033052960534842586
219180,0.01677648924710324
219195,0.009395330071701532
219203,0.01668617695177074
219207,0.04393973696756549
219223,0.07512966354544717
219229,0.08609030644590349
219236,0.04061551984017661
219238,0.1210043936817633
219243,0.06393045127208695
219245,0.0529817744015408
219247,0.23273485626470614
219273,0.022033171584210292
219278,0.15986622028637176
219279,0.103564461635232
219284,0.044484501256401764
219319,0.021849411869000985
219326,0.08615100596464376
219336,0.04117885251216035
219344,0.09755470039022579
219359,0.0713260850833054
219360,0.014136587302889286
219364,0.023721405825426548
219368,0.09681938997336856
219376,0.09974345917645841
219382,0.010996768225462061
219388,0.030704547490235504
219396,0.14898564555989366
219398,0.1336395297786647
219403,0.058648339349256326
219405,0.030336611861269243
219406,0.06941886837306036
219410,0.0868978963911782
219424,0.0891771646789532
219446,0.01414762590214181
219450,0.012482373811568422
219451,0.12165617844927376
219464,0.04180340754258276
219465,0.03725573274910563
219469,0.03633925348071083
219472,0.18285004167385496
219482,0.08326454892594534
219506,0.06007861635349893
219507,0.11005309047312924
219516,0.09187475216631538
219521,0.19463817915660464
219564,0.2891489903628676
219565,0.018405032131467606
219568,0.016577437455280272
219570,0.011104311749118564
219578,0.016912659524163154
219579,0.19764060052718507
219588,0.06191508446096006
219593,0.1044458495724104
219594,0.035821878143421644
219601,0.03058708586835399
219608,0.021163268764710218
219616,0.09145398693103099
219620,0.06302910443058177
219621,0.023471213913695124
219628,0.03575475665184569
219632,0.09146270179397264
219637,0.062238437722069904
219670,0.06132369566828527
219688,0.008313202385388923
219704,0.038272628429267166
219717,0.09129958538068926
219723,0.1631811297247692
219741,0.11328487015373563
219772,0.08921748990033102
219774,0.04142216933686821
219775,0.0653555124923434
219778,0.03722710648392532
219787,0.09508435093053608
219788,0.1313238998177585
219806,0.07680069058525986
219811,0.028731474640685598
219815,0.026804608003822835
219817,0.055776788114981254
219835,0.02847360105655747
219845,0.01096477341708169
219848,0.012509153080906974
219864,0.12227382021018138
219866,0.024917489575236533
219868,0.060021743900676314
219870,0.05979422724763528
219886,0.055539242976405945
219908,0.024761056048593896
219910,0.11066524651198623
219914,0.016793350273044287
219925,0.09608156182733892
219935,0.31232957657597527
219940,0.06591575044445563
219959,0.08018224836144001
219962,0.06529019602923126
219975,0.015864903178876996
219981,0.09875698313979406
219998,0.0501187725422435
219999,0.03478467778213116
220006,0.0405790201028159
220010,0.31184774440038115
220012,0.017437436043043146
220014,0.020287669969215917
220018,0.02643975452155342
220019,0.12696313356623704
220021,0.07879093808939377
220058,0.038339460677854535
220060,0.20512068829474506
220061,0.023998484818169845
220063,0.030430435325032625
220066,0.12882422451523376
220070,0.017895928293988544
220071,0.10143694018273158
220082,0.03792857924382549
220094,0.08973522877828286
220107,0.038848488357516565
220114,0.06438026604788157
220120,0.017496734949249883
220126,0.0566639458512153
220143,0.01889507339955247
220147,0.16345451806674433
220157,0.06508687189052723
220160,0.056846940457450326
220169,0.04697164863602683
220177,0.031385165335772965
220181,0.022264058432228596
220186,0.04886471186870839
220189,0.040688512134887334
220206,0.29578436432664046
220221,0.06910907454148317
220227,0.08494477994535825
220228,0.11260367781647693
220248,0.0440576928526447
220277,0.15832917222321352
220304,0.11972955449269276
220311,0.04277605468043802
220315,0.06978338352650118
220316,0.04824415806105214
220323,0.017349384981615083
220325,0.041625905416726304
220358,0.027114338370992676
220363,0.03074693070781133
220369,0.05602506838446399
220370,0.012745357995688874
220380,0.1000515090671901
220386,0.1754342965328335
220387,0.026065882345317235
220393,0.015270779229021314
220394,0.05289414978841832
220412,0.06926820183327963
220415,0.016423231584589196
220416,0.2589029382365536
220417,0.12868465528182554
220418,0.030062602654462867
220422,0.01211059536022464
220431,0.11837295067549508
220439,0.2183396394729866
220456,0.02192003535437267
220458,0.031217963329274127
220468,0.02213214686171651
220474,0.06386588046519218
220479,0.06466357639190425
220494,0.028366587421882975
220501,0.09197442979781298
220503,0.019955872452486624
220511,0.011677817712494662
220514,0.1025100438883041
220516,0.350543853286334
220521,0.16772645427595673
220530,0.034718012621370864
220562,0.016851249526597462
220565,0.01849872876848191
220582,0.054296181176244275
220594,0.021426251250225313
220600,0.3472047395205744
220614,0.04473314524037632
220621,0.1109943359887129
220624,0.12430764115623687
220629,0.07988223835028649
220632,0.056773993933716925
220639,0.010494576215803788
220655,0.02667750947909118
220664,0.035481474659929596
220670,0.015169410567560718
220686,0.020329643324914125
220699,0.07951388155511066
220714,0.020561670927411
220729,0.0444465678789097
220732,0.1930746753400103
220733,0.012248957882270173
220735,0.024866304798208602
220740,0.02397003924678246
220741,0.023460293598609957
220747,0.1269769784657853
220748,0.02756571962865233
220749,0.08201375225639207
220755,0.053600269420480955
220764,0.043111203565728284
220767,0.09929770134718577
220772,0.09248810426528954
220779,0.05045903927162452
220781,0.06561712241436056
220790,0.018106768506286175
220806,0.07839301497834261
220811,0.02375809568965795
220816,0.04167316084999675
220822,0.018635318776736163
220827,0.22043959269398772
220828,0.04737276164413756
220829,0.05948033791060631
220832,0.034701008188660974
220833,0.04411943374142189
220841,0.13530755335711137
220842,0.07088320288220172
220856,0.06444220477101842
220874,0.12600718813165884
220881,0.10184019458578225
220882,0.030146663613331213
220887,0.02126906665819093
220893,0.03265200143912164
220909,0.01651670825653124
220916,0.026142849198336583
220917,0.27181557838745773
220918,0.10547413735289435
220924,0.01985071584198571
220931,0.06717744733534295
220932,0.04198853095673452
220949,0.042839270146649476
220950,0.10364597362635865
220956,0.029291976778356286
220972,0.01472585381993294
220994,0.03280223503981117
221004,0.3112005647884148
221008,0.17839957041334115
221011,0.05098089024713194
221030,0.012871650247107371
221032,0.016780388753301973
221035,0.01681324081496762
221058,0.12799039025484582
221059,0.038711891096234186
221075,0.03732701291003088
221079,0.03821252430244932
221080,0.05177660602783358
221107,0.043441328954048876
221116,0.22054903887390379
221129,0.10779627950840623
221148,0.050222719340193636
221158,0.016817284534536518
221165,0.047982101857249514
221169,0.0783960003239405
221171,0.07601376984929802
221198,0.11494623849613872
221202,0.036382324825243555
221205,0.18269277260647332
221223,0.07778449951609556
221227,0.03745331177850475
221228,0.020635553433258153
221234,0.06929813802935147
221242,0.049054170475184886
221252,0.21384921572937832
221256,0.0881683377677847
221260,0.11879222205038
221261,0.08477349590917793
221264,0.02671362654032613
221267,0.06334504624630316
221272,0.07431895069469881
221284,0.16472366133224753
221292,0.1573094711086451
221311,0.026513046010694465
221322,0.05650615074151322
221327,0.0743224757884095
221339,0.030856494365114097
221371,0.03411169170865266
221372,0.03990179352216539
221404,0.057405825936416785
221411,0.018443405779593025
221438,0.06110760897298677
221451,0.04587489154035283
221465,0.08221854668055563
221477,0.07529148042054343
221483,0.04467522206487014
221493,0.05252243468428962
221495,0.016922216108879097
221498,0.08532184208833238
221500,0.0878105578246961
221506,0.06386968061638079
221513,0.13008131122406422
221523,0.07448679474409325
221528,0.056799414571840456
221529,0.08197815529331179
221530,0.030823451412836187
221531,0.07464999565416944
221549,0.03660393663694785
221550,0.026450843322524082
221565,0.22993551432670983
221570,0.12720161031684107
221573,0.015619648756800886
221575,0.03145032796676181
221576,0.08606262539830664
221604,0.0891073854229083
221615,0.07237750846319871
221626,0.02225218755446104
221629,0.13293796671817804
221630,0.03970162466483583
221636,0.07197722127201214
221656,0.03511679978388402
221659,0.030138359770695886
221663,0.08221753403483266
221665,0.028710765980659015
221675,0.1520033016151554
221676,0.021519120468212624
221677,0.11641124546403908
221679,0.025119717671907203
221707,0.05108876269001205
221712,0.0728438147118508
221717,0.07285285339966437
221725,0.10632058165726092
221733,0.03952496862727464
221741,0.01379183578406648
221747,0.030641405593236252
221762,0.08836567950408303
221763,0.009108837690831598
221770,0.040783282297728256
221771,0.03762134102226268
221787,0.007265206191542806
221793,0.00901297145969965
221804,0.026289134431499495
221805,0.006214311815739773
221825,0.06777682762499761
221827,0.10201893313087951
221828,0.15223070236483138
221829,0.016593701012357367
221845,0.19664379606411872
221859,0.06057253282592733
221860,0.04419253753085825
221867,0.21328951411750746
221868,0.06585138642685388
221870,0.1547299379527431
221876,0.0808229253916532
221884,0.11965309253401599
221895,0.04312857215993088
221911,0.03936562608509589
221921,0.09319686097494012
221931,0.21856296634183253
221935,0.041228639951653843
221955,0.06676618242906908
221959,0.011657390032795336
221966,0.04091259741546599
221974,0.044693948890578414
221981,0.06712625229297264
222002,0.451096641347142
222010,0.02176863039524072
222012,0.08702071879139192
222013,0.15102997729474
222023,0.15996711707277989
222034,0.04482331711268013
222048,0.07130649383138826
222052,0.16449688926388842
222059,0.08235216434255999
222060,0.06399679886041369
222061,0.17646132122520775
222067,0.013381122982503896
222076,0.12700938941490844
222081,0.1873847603739588
222120,0.040159767206138716
222121,0.06326025665106728
222133,0.11892420834626485
222149,0.08757353998706119
222150,0.017267123156031246
222153,0.052169871745891314
222154,0.023191649739224038
222159,0.03814576626099128
222165,0.06365733075952634
222167,0.024777258861675023
222170,0.08408434407259732
222178,0.16993554155943152
222179,0.037829634537966374
222188,0.05265394704120886
222189,0.03973050322196167
222195,0.08230800943352781
222198,0.062251914602448555
222224,0.020858850759877187
222234,0.03503321946607939
222254,0.07521023487797414
222256,0.0801257282077571
222264,0.022465739399833297
222281,0.045480587895384096
222296,0.6127720906726715
222303,0.22462886599173615
222309,0.018186842558385697
222310,0.023248491689939706
222313,0.160095353909116
222321,0.12595663930043768
222322,0.03655816035108872
222328,0.09658956499908405
222333,0.054604802720148185
222334,0.0788694388632224
222338,0.019496509543318667
222347,0.10256763993709822
222349,0.0348717631679261
222351,0.019704505740101033
222352,0.06953915448203857
222357,0.031857245185754585
222362,0.004858930084626906
222381,0.11254401653012994
222392,0.01383929359670347
222401,0.05671379849564484
222413,0.05477827803776382
222422,0.026355257936157485
222423,0.03902238772874561
222430,0.07701068708863755
222432,0.02398908367519779
222452,0.030254362326449673
222459,0.06683937593792637
222473,0.04730181648032451
222475,0.07106514369253693
222481,0.08404533709681523
222482,0.06414618587086755
222489,0.03348891552683805
222496,0.020690637204992975
222505,0.06346117076592084
222516,0.03838032783631538
222537,0.060374352175490725
222555,0.044619906364479336
222566,0.10925998484801594
222572,0.03239224794394124
222577,0.19124340979060878
222618,0.045040436031974995
222619,0.014355005117992634
222624,0.021519375035844147
222625,0.03359689596919417
222626,0.022184177398806747
222629,0.03712523243861206
222634,0.01337889698091356
222636,0.230815844536711
222637,0.013499246520173539
222641,0.022449589626354585
222646,0.026710615064620115
222648,0.11921597951070792
222659,0.009577955167676457
222663,0.01785832902531363
222665,0.015505426285458222
222671,0.04576610767883316
222674,0.038287921049192826
222675,0.030292067346049528
222707,0.0549934518433627
222709,0.03459277473394845
222711,0.06458479318749985
222717,0.06114019223104952
222728,0.20716983216646334
222752,0.14685795516274475
222753,0.018782330724720183
222755,0.02316522789378482
222765,0.02031715939286859
222768,0.2705782387451843
222769,0.24513828439476265
222783,0.26496738927312125
222799,0.03671135971678495
222821,0.020405471335250544
222825,0.15789579536438553
222837,0.27484255648930167
222862,0.19000126673361611
222863,0.07113334444215437
222869,0.07021228531921439
222876,0.059580898988759054
222892,0.06872123124313248
222898,0.026951973720939534
222912,0.010382211017080457
222920,0.0320301129417761
222926,0.058043264009706726
222934,0.0943196934245318
222938,0.02570514900355573
222945,0.20285750037981665
222947,0.013594289203924841
222966,0.20797559883376587
222971,0.0528594007587786
222994,0.021537224910011726
223008,0.21495599394516976
223019,0.021274623899591755
223040,0.06340260287684976
223042,0.13411929090976635
223049,0.016041489661295132
223051,0.022738666007022595
223056,0.03947147058743613
223058,0.09707625901881237
223064,0.0446305136225875
223067,0.010985585202224755
223073,0.23191174809723109
223075,0.023243161843136382
223078,0.05958361968719937
223079,0.05432508761989119
223082,0.18765870687904346
223098,0.18334872576528335
223112,0.020813246377594092
223116,0.06168856659516428
223121,0.06425091419768145
223128,0.0753214409473318
223135,0.08870131614359257
223136,0.052020316906466024
223144,0.015256789268527974
223151,0.06996898138967808
223157,0.061643174139095515
223181,0.05117063759059489
223190,0.046534567963131414
223197,0.12108002835772555
223205,0.03775786376762394
223209,0.03606601612297476
223221,0.34365191334729267
223235,0.20583831847456524
223238,0.0173995800077345
223244,0.03928005623186046
223258,0.028376061979688047
223262,0.10118517089155785
223272,0.07959713774387872
223288,0.10113618872000811
223298,0.035462246573242914
223310,0.06520447260529154
223320,0.01739653895755439
223357,0.20345328716336838
223365,0.01073210106208794
223369,0.055983545285791345
223375,0.14694527059730209
223384,0.013098067970654102
223393,0.014723028622729334
223412,0.03355134354260472
223428,0.035789968022451296
223440,0.3597841245216822
223456,0.4072593547132548
223470,0.027229012930847982
223471,0.01981717055380741
223484,0.027479467249356054
223488,0.1712156860638178
223489,0.0353330531084012
223490,0.05710988628528581
223492,0.024648651038301415
223496,0.08351332148478796
223503,0.012236653436705587
223507,0.05965734133059436
223518,0.046285129199335584
223519,0.036300929225673316
223521,0.01874852115788289
223524,0.01903365672209337
223526,0.016379688326719422
223527,0.25796719753480407
223529,0.03664917813642956
223534,0.018204851807738277
223538,0.080216757326131
223547,0.018555120695831775
223549,0.03820326724111124
223551,0.11725003305762075
223552,0.10167269961421405
223567,0.04139517483766331
223571,0.1433505098049816
223582,0.01999549901659497
223584,0.02638871970634364
223585,0.15603259954419935
223586,0.021393979544611086
223588,0.009554753466445118
223592,0.014789544438936302
223594,0.050279181171075424
223607,0.09985025090320523
223608,0.01714043900024592
223609,0.22562140946345347
223610,0.013935125244119705
223611,0.032806716543920075
223635,0.04580017465524876
223636,0.03155850846009855
223638,0.07559912541227531
223649,0.017277730877842165
223670,0.07152599362571489
223688,0.026179104893442023
223698,0.03549710141715783
223699,0.23847063140311753
223716,0.06216248778571644
223718,0.07752763924255317
223720,0.017173136751074927
223727,0.02737330381816947
223729,0.008790126353844597
223739,0.0611778848202327
223740,0.05824885050486166
223741,0.02301254338494472
223750,0.03400211938127297
223752,0.06075412762881966
223764,0.07856752761255392
223781,0.009721261310039454
223783,0.1321914009413476
223794,0.05433384001192879
223808,0.017192379517936136
223810,0.13254530418378282
223814,0.08022846709970007
223817,0.1415031800241344
223830,0.16067771494164013
223839,0.03502734883982793
223849,0.12131026608108444
223851,0.29046684647792104
223854,0.08316255926754394
223888,0.21586572018182232
223914,0.09112745416911557
223923,0.07507166310042475
223925,0.010816801503797291
223939,0.020863522177224515
223949,0.06432627439594805
223951,0.16718448243308986
223952,0.11225572100045515
223967,0.037186348660715525
223971,0.3108069627165613
223974,0.024411305322394956
223978,0.08538258940178647
223991,0.10492277452211943
224008,0.015245172152689845
224016,0.026885321364219773
224024,0.056660929484955797
224039,0.024249048888908543
224040,0.07059763622996648
224044,0.10821285042931211
224047,0.11444751495117869
224055,0.0220436988605374
224061,0.10175611984301233
224065,0.031223508368305387
224079,0.04735958617136675
224080,0.013926725755867795
224089,0.03175830978610851
224094,0.15183488709707693
224095,0.11454643580992004
224109,0.11522785756378447
224111,0.032331763544749634
224112,0.09860605862074642
224134,0.20359024697470862
224135,0.01982682678346784
224138,0.08238731119359773
224139,0.026480371143900526
224158,0.02504048127136042
224161,0.10488796290130549
224171,0.1034553625944929
224182,0.10889003804886807
224191,0.056704862968311495
224194,0.02682749468499424
224195,0.09309965736037487
224205,0.03765436840408636
224206,0.18406109370212512
224211,0.009107563472939641
224213,0.020012062582598137
224214,0.08164681191623546
224236,0.038726859663535174
224239,0.4406353607847696
224241,0.21224349608707005
224251,0.041222037932891864
224259,0.11722387040787442
224262,0.07370993877134256
224263,0.04011556743111286
224268,0.054363357638958706
224270,0.027790871788156823
224282,0.06802269070174806
224300,0.016276876724541846
224315,0.06148862617780654
224319,0.024493380151109065
224325,0.040465038476403974
224337,0.03224727399951699
224339,0.11644461260127473
224343,0.012145614731680833
224344,0.12737495285155895
224347,0.16454009282906681
224353,0.11096889790424631
224363,0.02250513808051403
224370,0.04406640336229661
224379,0.042469955040803725
224380,0.0907441479838111
224393,0.017643167295529068
224395,0.04962091078362441
224407,0.06433168617631674
224408,0.018447408928604785
224426,0.04067096573055058
224427,0.044254835362587536
224428,0.010976827219574638
224437,0.3087906024978295
224444,0.009521964843058606
224445,0.11162929393110463
224459,0.024358886752890434
224473,0.4131849183010539
224488,0.09882627963483201
224490,0.16846464959760377
224493,0.1228621747615671
224494,0.09328656665504091
224495,0.06758277376429814
224499,0.04864998703646591
224524,0.044177432624874294
224528,0.029165665344851148
224538,0.36844293494865626
224553,0.09955256503512658
224554,0.019632243673756253
224575,0.009133775336295957
224586,0.02120234454903604
224593,0.037246703290519
224599,0.037421721817223336
224614,0.02609092630082496
224625,0.023460749757473417
224626,0.04235713396670579
224627,0.07834598657428377
224628,0.07911744806390274
224631,0.006137735611659877
224651,0.16817372556774327
224658,0.03338747572458706
224664,0.021481323358952805
224668,0.014384525172076213
224673,0.08803279596274059
224674,0.07772410566198072
224683,0.07635026635609193
224708,0.08502424082166386
224748,0.05269975361708401
224756,0.04884811305836296
224757,0.07832146682870297
224760,0.01179096543704146
224771,0.12004143186905024
224772,0.03094160339566305
224797,0.08619901370134805
224823,0.1658030172769817
224831,0.06780303432920033
224841,0.017659152073241504
224843,0.060453874100444324
224844,0.13799702860617769
224849,0.026511042968905434
224855,0.12987901257167528
224856,0.02434528377920443
224864,0.028893307007714177
224871,0.03657793430970486
224876,0.07344321201104193
224889,0.09999488816170246
224896,0.06865917047588718
224899,0.07275964372204828
224912,0.024847267520687073
224916,0.07946862079384061
224918,0.11032228601045552
224925,0.07520686189391082
224929,0.05457001698258737
224934,0.05536338119482822
224950,0.19685948956459964
224953,0.08719388893499919
224956,0.14245697432073617
224958,0.04261506158763788
224960,0.05028428993551439
224971,0.13720768042924072
224975,0.04987283738616935
224978,0.053019509011251575
224986,0.047141956873485616
224987,0.08971935661585931
224990,0.045020253480813885
225010,0.054948364933251115
225041,0.036151403830620564
225044,0.029809409881583815
225045,0.04018283720218322
225048,0.0639115789534753
225053,0.11673439855298598
225058,0.028002046833123084
225075,0.07034216058033568
225085,0.025634147650550474
225103,0.02905350633637136
225107,0.02136163204098429
225114,0.04673265071893194
225122,0.08618654157509362
225130,0.016634464266101993
225131,0.2995079981911633
225132,0.040198542180428114
225134,0.0286572398625104
225136,0.02928688498560869
225141,0.0408668192051858
225145,0.05227163544448955
225146,0.007471946806119396
225156,0.02943555808934631
225158,0.06607039125254605
225165,0.07837361884163155
225185,0.10232746461324649
225194,0.05234845697051725
225195,0.02226267113594188
225223,0.11193338725708625
225224,0.17475278029505686
225231,0.0663197502968039
225233,0.0752915085914235
225246,0.14752088773950342
225281,0.030422206646868125
225286,0.07929012926047313
225301,0.18954563611962486
225302,0.028588306020585
225336,0.04324523571811152
225347,0.053522266260390396
225351,0.05497476482621666
225362,0.07491482688675012
225363,0.01601850118559176
225364,0.03670219888375242
225370,0.027230639697889775
225374,0.017340114009686627
225375,0.046009817441674476
225380,0.020715972888809643
225381,0.02019540418414427
225382,0.0466130111629054
225392,0.03173706750722908
225410,0.06597401041093943
225425,0.07239062559705527
225431,0.029145316255019614
225456,0.014466715264581795
225460,0.1038087787781981
225475,0.05202740241501294
225478,0.025107273818046238
225483,0.17877115130285848
225499,0.09369310687686798
225514,0.3698685256536205
225517,0.03422626639172579
225524,0.25302966444767966
225532,0.037809564097350694
225545,0.07905204215700598
225546,0.09544023663685189
225550,0.02253942153290177
225580,0.09055924045736287
225581,0.09656603656484306
225582,0.043258734840967344
225585,0.07012227940336899
225601,0.15695498654700288
225612,0.16079391451624908
225621,0.13132486166221663
225636,0.08387316648943796
225639,0.07054650578502593
225650,0.025338822671958874
225654,0.027141854483344285
225664,0.030908071648831404
225665,0.25728541372117253
225666,0.009953385789097857
225686,0.043863522726092764
225689,0.016232403478633063
225691,0.02643606709787436
225721,0.0071996201021225625
225733,0.036275164427685955
225739,0.05531527082037875
225741,0.3085062377300851
225766,0.014169548050170061
225776,0.2533792233617938
225788,0.01704712202050441
225792,0.014733606075708335
225803,0.09304578059171739
225804,0.05051532521652931
225805,0.2936499558763685
225808,0.028412013834840884
225819,0.03238155544618541
225826,0.033183690902768306
225832,0.04346371576676393
225850,0.04553678024964311
225851,0.19021294830552102
225854,0.06510123829215621
225858,0.026118072762416615
225875,0.03072112426051008
225884,0.02107290356925427
225890,0.01602777364658474
225906,0.04431346531277398
225908,0.0529868727075241
225910,0.06545362405018673
225920,0.25431717456932695
225950,0.11254480061238206
225990,0.044501059644211666
225991,0.024252362796461372
226010,0.036067268562264346
226011,0.01602147818348742
226018,0.05190359454464487
226029,0.07900371420349299
226030,0.019780894972700636
226041,0.03588183812579122
226044,0.01921976149116056
226051,0.04323825657028724
226054,0.026230695268360325
226085,0.14983965561173587
226105,0.09947067967742482
226116,0.435077037451685
226130,0.13586848961166884
226131,0.061111966238941676
226170,0.03244498168182935
226171,0.03252122964057433
226176,0.1439978037471545
226177,0.05361571208686472
226183,0.01652056773643652
226187,0.08325510831846938
226188,0.19122601608671091
226190,0.10353422038105929
226206,0.03144564519574433
226213,0.09973938266609338
226214,0.12428825088627385
226226,0.023480039450219384
226244,0.10770304575916492
226245,0.015134754047935952
226251,0.09414100890688862
226258,0.023439937133436096
226259,0.04233941738092051
226265,0.06945223749508926
226291,0.22480383402859194
226294,0.032404863507016414
226299,0.039669635523265696
226300,0.0806420901280784
226301,0.1763632693550778
226302,0.0430588828081243
226308,0.025757033948435534
226309,0.06333947760738023
226318,0.011368213291504677
226319,0.1026842441818675
226320,0.0317076249357341
226325,0.14807713480147922
226334,0.0528862204021391
226337,0.14628385516233813
226348,0.09987641661277506
226353,0.014746903078546038
226361,0.011117832127402413
226387,0.1408351855761717
226395,0.05731174072237746
226413,0.025813814486201736
226416,0.020696696010442887
226427,0.024271424411422566
226433,0.07421167681102209
226447,0.09583426606412639
226487,0.07054650134461132
226495,0.19022342393931319
226496,0.018020313947082506
226499,0.015181382330494365
226501,0.17890858551766814
226505,0.039988495763678605
226506,0.06424584061829583
226507,0.05528986293134001
226516,0.027223077706643284
226523,0.07635736297993911
226527,0.09462073098585261
226533,0.03951041647604997
226537,0.05783979182183701
226539,0.010593203936686595
226551,0.09846448600043817
226556,0.012609022702971163
226557,0.022752511496896038
226561,0.20196488780365435
226565,0.045012347181714464
226567,0.022979785577634783
226590,0.05335995037466722
226599,0.2496279627802792
226639,0.09975418915139156
226654,0.12706483359531137
226664,0.059755150934700185
226668,0.18291212456160783
226677,0.07594266150726688
226682,0.06789299321673861
226689,0.06554819313330382
226691,0.03452497479829553
226698,0.0689158064285558
226713,0.026624578951374774
226720,0.04151250843456701
226734,0.040184336060208596
226735,0.02741055912124307
226738,0.07349142551469523
226742,0.008754720876403384
226763,0.010573190801288412
226766,0.059025803452551706
226772,0.020430256253297675
226779,0.08660104873097457
226780,0.10941341054183211
226787,0.2811226756846974
226790,0.2721310752807185
226792,0.0564807441464404
226797,0.02813642701727036
226803,0.08736203652532823
226807,0.11546026634398808
226827,0.011871455594753343
226828,0.05173018293368358
226836,0.0413400069597676
226837,0.007790490900134414
226838,0.16557609329517814
226847,0.10659107464200414
226881,0.2543172654235807
226882,0.05140641234766879
226884,0.04573563724314079
226917,0.03308891426398366
226921,0.04471244564668744
226933,0.05256960630251896
226938,0.20306310363399138
226948,0.04422784267980489
226952,0.038436041200190646
226954,0.05417315867584141
226965,0.01592730060093282
226970,0.031217167530563104
226977,0.24467986824691595
226986,0.06253974885386708
227005,0.05360344887967534
227009,0.03312824058848185
227010,0.04491434471150559
227013,0.08158207832709877
227019,0.05062867392451945
227025,0.03827082099713906
227026,0.044999721108504434
227027,0.07748894830023006
227029,0.023626483855104664
227049,0.07511093265751859
227053,0.030240206440798813
227054,0.06351596665793911
227058,0.03242494652546029
227074,0.01615847759414119
227099,0.04319809631343485
227100,0.03168388653380724
227109,0.010653686490290056
227111,0.04639942814712484
227112,0.07075309777106857
227125,0.16091281857169995
227145,0.10494193735316681
227148,0.12428454474070799
227151,0.06060505259947989
227160,0.13169942159354026
227165,0.12310008022588763
227200,0.16447779533117454
227210,0.04734447494525356
227213,0.16947826072803307
227235,0.05123509422190921
227242,0.062294357910938576
227245,0.1290421332485815
227246,0.013961274839303713
227248,0.07473253456743782
227251,0.07587082726271202
227252,0.024654641067894077
227258,0.05272581172609618
227264,0.06872154808163787
227270,0.10421683379769953
227272,0.015371879373101003
227274,0.020495991093271753
227281,0.029722521012080994
227290,0.07245007018089247
227293,0.08439175509599052
227299,0.0838009733293557
227306,0.050285586536641745
227323,0.030906832865980914
227325,0.020950817358016075
227326,0.04609729866412569
227332,0.09702586793141331
227336,0.02385216317040599
227343,0.044567714191976845
227344,0.008322811485475234
227345,0.06636502162505632
227348,0.12046873297115618
227360,0.021184598224520446
227376,0.03359963956894585
227386,0.09511781815671583
227392,0.05792903976803702
227393,0.06681023065903464
227401,0.025654854249405112
227404,0.09501347694098679
227413,0.0384018937691555
227420,0.07128866960217725
227459,0.02339632828219569
227460,0.022230882926930148
227462,0.032798030108261704
227463,0.09920821094964344
227481,0.0717695428783858
227482,0.0233995420160134
227485,0.17311408459343966
227486,0.04242520190143331
227493,0.03962884589296306
227500,0.04818007132353612
227501,0.025820549763393298
227502,0.03627754267517982
227506,0.07860401465294183
227523,0.14711576574531599
227525,0.06404464067543408
227531,0.04429097992082309
227532,0.38098288304645367
227535,0.047953482921592766
227542,0.03898852498565235
227545,0.051837415762069954
227566,0.06600174586630894
227578,0.021986761868026748
227585,0.300319988186173
227586,0.021781232667385415
227587,0.02358563981073405
227590,0.03904915216609576
227595,0.34156953123736356
227596,0.02119560038447648
227597,0.1628955878690455
227600,0.08803723799071508
227621,0.14691402027059908
227637,0.05189706074977217
227640,0.1668344108465252
227649,0.32813223763745253
227653,0.015833790497626964
227674,0.052500376430371115
227675,0.11055672718923731
227680,0.08443972936373509
227696,0.023432937922399998
227701,0.3051776070904566
227707,0.0332617802471497
227713,0.09974119806469398
227715,0.03893132662076081
227728,0.04478626553683481
227730,0.026918530711905364
227731,0.013328965244249624
227732,0.029768691288088345
227736,0.07349926821113931
227739,0.053020551006781574
227740,0.35611539531425673
227741,0.2036319478909762
227742,0.4266137652813148
227745,0.04132193102801931
227749,0.25115409629250934
227752,0.011354940669822906
227756,0.2323555481947101
227769,0.05642987096135471
227779,0.045606444467662266
227783,0.09630526106125181
227799,0.03348180755332122
227803,0.015649627969948492
227818,0.045980984621336735
227822,0.091101893316134
227823,0.015964137553793962
227824,0.03825481525907792
227825,0.053307697880748905
227826,0.13282796431304958
227833,0.03372266105738792
227834,0.13265105199886718
227837,0.04631144752275988
227839,0.028235349184666088
227856,0.029490644337515408
227872,0.02378692407025918
227876,0.060395261306441794
227905,0.2962741312739783
227908,0.17864960894422738
227909,0.20340466675771632
227912,0.05980334699092591
227917,0.04244449417006672
227931,0.08236707391876352
227936,0.08685738404212566
227939,0.02896173610626424
227941,0.01942631419048331
227942,0.03027708271100658
227944,0.03392141951420768
227945,0.13137913696051448
227952,0.08915855303292042
227954,0.060434875846030384
227968,0.009156868707657351
227975,0.018992946222065876
227989,0.04816655691428072
227992,0.05890075059919907
227993,0.03878424856796095
227996,0.02760217816977189
227997,0.04952778055342386
227998,0.01754254305682765
228040,0.050814028678616896
228044,0.042744724116616784
228045,0.0203413809049824
228046,0.04672076496860324
228051,0.06376317024946217
228052,0.1135050298682162
228053,0.03468048296317671
228059,0.03722798364713697
228062,0.06105383338898522
228070,0.023785417210193623
228074,0.060193368526124974
228077,0.040549025077528195
228078,0.09067625613463537
228097,0.050641961610263006
228099,0.10499992968434134
228100,0.019686792163550328
228102,0.41803199330651575
228103,0.1047196032761431
228104,0.2005837151924551
228107,0.07249832705398619
228117,0.056929969911693655
228123,0.020132425286983995
228125,0.026898595321091998
228130,0.012622905944449312
228134,0.02967306568324274
228141,0.04195526814441672
228153,0.215431022987713
228163,0.02467494929095104
228164,0.02546492055958964
228166,0.11362956018607542
228168,0.1189047117423872
228169,0.07210593278476983
228183,0.10590109010511407
228198,0.03727806824789193
228199,0.08942452292109992
228201,0.02389103790194451
228207,0.10930964169704119
228209,0.12039630178036757
228219,0.02801793206088804
228239,0.015618812486457618
228248,0.023514237616258236
228260,0.09661433293112563
228268,0.32240955923499187
228280,0.07806620171921018
228282,0.07050647682598428
228288,0.016194886680637
228289,0.05414030774164433
228295,0.02233679060508354
228296,0.07843321084837396
228297,0.16454168923733892
228298,0.014042937322697752
228299,0.07869397310359612
228301,0.004551923942390362
228322,0.10710263166216624
228324,0.09446929064292209
228332,0.015379966914526283
228334,0.05128218856108454
228342,0.16631657926907498
228351,0.025705150415248998
228354,0.05788448275306804
228355,0.01243344659135928
228362,0.010247879583783811
228375,0.050144518777217664
228383,0.052444393149345084
228389,0.07575674876885541
228392,0.10377384780067384
228411,0.04697367929899465
228414,0.024160514854698622
228420,0.05435720572230111
228424,0.030776131727562307
228426,0.11873748938415016
228429,0.023698813713332097
228447,0.24772647535849435
228455,0.022122521467312202
228458,0.09524389232801334
228467,0.1877402365690417
228472,0.03799435859271145
228479,0.014125670441247021
228482,0.06778820407441608
228488,0.04009561992183733
228489,0.27146391209917997
228499,0.044804787571642045
228501,0.006219395977372979
228502,0.045110966492379306
228503,0.1872788358179513
228509,0.014454958402774689
228512,0.07274326826580628
228514,0.0387553125994142
228519,0.1391467382254485
228530,0.021165028063683713
228534,0.18604827266739626
228536,0.008199522154255557
228537,0.015508080343983809
228538,0.08706120497668128
228539,0.032671198194491324
228557,0.14395703096591494
228591,0.15468395738103757
228592,0.028080767260285976
228608,0.13316254875417707
228609,0.05017279419434341
228636,0.0650117276907678
228647,0.10310692444285152
228656,0.0788535980829882
228657,0.02799590389758201
228661,0.09689649344674883
228663,0.07139604131485325
228671,0.023521107300263328
228682,0.11857312518546952
228697,0.0708397578665204
228698,0.029958929561670247
228712,0.030256577371310538
228713,0.03274035596921814
228729,0.023186043942392112
228730,0.09530987570569363
228737,0.09114115895507564
228744,0.032005066295057595
228752,0.033609620890694865
228761,0.3496842615705814
228763,0.14214292017351662
228764,0.009275125538958873
228770,0.03994397374856647
228774,0.019921528851456677
228781,0.07435608915988633
228792,0.03967398645951057
228794,0.2162263696528694
228796,0.008885398581747032
228799,0.07590754954733106
228808,0.1988280775868589
228809,0.04971077329187667
228810,0.03401605040108965
228813,0.025440080434603225
228821,0.47422044416814096
228826,0.03745963039211825
228830,0.03175250284565628
228831,0.04984510099363233
228835,0.1288761812546134
228854,0.024013305015398
228855,0.0728224063750282
228863,0.16968860366827546
228869,0.10650319711923001
228872,0.1378507129679582
228885,0.09674384895368132
228888,0.038583358761294685
228889,0.07114662988000486
228890,0.05899858483009482
228891,0.027660263709087404
228894,0.15600980955508356
228902,0.0739254844551919
228907,0.034325782685967
228915,0.040756860519676155
228918,0.08732490429600769
228919,0.029423031393098875
228933,0.0243398130368125
228946,0.012856646235771846
228947,0.09665118110773863
228954,0.03516879822273956
228956,0.07877499574887704
228958,0.0280984258247004
228969,0.16572694922374787
228973,0.07079524373994345
228978,0.016191253129476654
228979,0.3409036514593333
228988,0.045079500441901704
228995,0.06614016558137328
229019,0.04336714050536324
229037,0.016248169493423708
229041,0.03021023617597713
229042,0.022909385356670527
229046,0.020019012184716307
229048,0.022297449747009757
229053,0.02108407156473681
229064,0.26281372675394216
229073,0.060041997779932826
229074,0.04269032075438216
229077,0.09508357292637429
229095,0.25083100581980844
229100,0.11744530525947768
229103,0.04249480825229554
229104,0.061736974836760314
229105,0.022262667790242385
229107,0.013899744891701976
229115,0.035071829938416656
229117,0.11262620681311634
229118,0.0227670148372664
229124,0.2785018132674135
229125,0.006798093561135416
229130,0.23681814464834017
229157,0.023891790356934235
229162,0.017729032484116735
229185,0.13346906905229003
229195,0.02503313470175792
229201,0.12187149411710041
229202,0.01965866847251501
229219,0.043055364545475726
229220,0.018590059614050265
229223,0.16212207785323487
229224,0.1050209116239049
229229,0.06494021640664707
229233,0.03159696899395497
229255,0.05364997689832493
229261,0.12238277564653938
229262,0.046499696067728684
229271,0.06130424194888637
229276,0.08510603904374647
229277,0.03222039310664555
229278,0.09643307292438409
229280,0.03559723284464943
229298,0.005622116403388007
229301,0.05604897267989809
229316,0.10544148127530312
229325,0.05223637614317082
229329,0.060885719766275576
229334,0.027018057227094723
229336,0.11578208058003624
229337,0.0655524175757416
229342,0.018835647721435686
229349,0.08375605187016018
229357,0.038029123321641094
229369,0.15755506060744523
229374,0.05903145373898828
229402,0.05926299727312471
229427,0.03963448558255439
229452,0.12248726430680755
229455,0.10527846910097119
229459,0.21724431700645633
229462,0.036328041230897695
229482,0.033042842049568664
229488,0.013958139510657842
229496,0.07803525772500708
229507,0.11859102568547786
229508,0.016507865093760468
229531,0.029236163530889314
229576,0.02574843899170741
229595,0.06229253331851215
229602,0.09933959857463141
229609,0.04289441503178789
229610,0.32879542989399446
229614,0.05705941654719298
229615,0.23661362358155713
229631,0.06852904401197991
229632,0.03360327307844859
229638,0.05615698636274416
229647,0.03663961515227523
229651,0.011924328847047848
229659,0.08208365435330296
229663,0.1182555957728904
229671,0.07911976116430272
229672,0.052860257247501825
229675,0.0278199586182168
229684,0.024904091400142526
229687,0.12195141628879153
229705,0.038238242081593835
229711,0.015735366705151268
229713,0.14690832825783146
229714,0.04252966020164922
229731,0.11612929466347766
229738,0.09567666418179878
229742,0.09489024600122382
229745,0.025756232321917844
229746,0.018390875344500464
229749,0.0784625230898445
229765,0.10497780222054678
229767,0.02505610272600553
229779,0.11806808231306928
229782,0.03635711135190495
229802,0.08109375617421234
229805,0.07418844494389511
229810,0.3660957793412488
229816,0.022472934842723814
229828,0.04807965260960007
229838,0.08143949302777617
229850,0.18227333099316173
229858,0.04979646849811045
229860,0.05247529257388932
229877,0.024497933881944253
229888,0.017009931425771542
229894,0.030279495440239147
229898,0.09232965676068633
229905,0.04607942523777022
229912,0.2230383369213824
229913,0.03654562769178238
229921,0.1931753089603904
229923,0.03644366559329868
229930,0.01728466034468987
229962,0.01701785332172949
229963,0.1829499631816134
229977,0.029458511936141255
229984,0.01612265451397177
229998,0.007515856077528713
230012,0.04024458796923154
230016,0.20474255273128417
230020,0.050904626029050895
230024,0.3404368873360117
230037,0.024258449899927904
230038,0.16307570720826506
230040,0.043173430175125066
230042,0.01976550557306551
230044,0.08094243633601952
230050,0.09378357108687527
230056,0.016274748953100902
230067,0.03856093452783535
230076,0.08208596948966249
230077,0.14634528415327824
230084,0.15243960740551235
230098,0.04064520397392744
230107,0.11496992626231306
230116,0.04023682919389658
230119,0.04154656253870492
230121,0.04025373821850586
230122,0.07478125047841501
230135,0.19393202321639952
230139,0.01593785696719012
230179,0.028957032947397342
230180,0.10976382222598302
230185,0.014309317749717868
230192,0.1157544752625097
230203,0.35841958486527825
230216,0.07174316764188837
230226,0.08548883101776675
230260,0.1440685976739088
230268,0.08693018307720896
230289,0.253606549885242
230296,0.019559189510557757
230317,0.017480195074337727
230328,0.259997775971728
230329,0.30426377738094734
230330,0.030020567503387732
230332,0.037576496025088335
230338,0.03473974495837249
230343,0.046328470512143824
230344,0.06138698822418516
230349,0.03375392012857618
230369,0.019477232480467215
230379,0.1838921020961442
230391,0.027446837725675237
230393,0.4280868330788001
230394,0.03199643383601667
230402,0.0621088285990114
230404,0.19346018420960165
230416,0.05665366875164579
230417,0.11134981736724069
230423,0.22354910720415888
230427,0.08865988856867565
230448,0.1746032745553055
230449,0.023831788973028636
230451,0.012513310007721667
230453,0.01652243815518031
230454,0.021236026697153198
230457,0.10224957754089559
230458,0.06897991275751042
230459,0.11022936157877475
230461,0.022588953390928736
230464,0.06590412077211093
230494,0.01879813752231603
230517,0.013577205732004627
230520,0.1047883856948339
230521,0.12275055882280586
230534,0.0527325853304918
230553,0.05028130430771309
230581,0.1080242091208368
230585,0.045548116840298206
230590,0.02935045735402145
230592,0.04519106036420587
230605,0.026920184595506134
230610,0.012749325518576639
230623,0.08760663225232354
230628,0.0738041361218173
230629,0.08490781121499176
230640,0.04023870359841632
230641,0.01722042438402436
230642,0.012928182414512634
230655,0.03142442606047524
230656,0.02446812528315323
230662,0.024608860742622224
230675,0.052505031102356034
230677,0.062355554031238734
230688,0.0067239372281157365
230709,0.20885938475714855
230716,0.007540757665131119
230742,0.045143838749956186
230748,0.14417823118213255
230763,0.1229603030749584
230779,0.05549739056007538
230780,0.061227509186957185
230781,0.2533115118390026
230783,0.03328385116014611
230788,0.12428356922483473
230789,0.029209237829624816
230792,0.013887743942400972
230817,0.05365219134009788
230820,0.02526231256550504
230827,0.052332951814003686
230828,0.07277588563325452
230860,0.02458581586530481
230864,0.12349300143303535
230875,0.07033509343566406
230878,0.013350451062278595
230880,0.0837184909880718
230929,0.06519278277962552
230931,0.14300046259215135
230934,0.13858310064238316
230939,0.03153264008924988
230940,0.06116748463696511
230941,0.03938722474808156
230942,0.28552016938697933
230982,0.052091854243234745
231028,0.027298426121663368
231031,0.07963162797599034
231039,0.0896147234855688
231048,0.04784698436398954
231065,0.08960564740219414
231076,0.031147049386690336
231079,0.03800787798293271
231082,0.05424670783489776
231086,0.025007887917471036
231107,0.12684701439447543
231118,0.1029945679565519
231127,0.014648072267991464
231134,0.013684487111417155
231136,0.03167642286369962
231137,0.05609341579261927
231156,0.10604240716565438
231160,0.27984459836949016
231175,0.0848595127705007
231177,0.05250953973858523
231189,0.03187103732351825
231191,0.32114197470638417
231194,0.1155749532452471
231198,0.07939515775056834
231203,0.08229230767556155
231211,0.06008065330502149
231226,0.09248622681985658
231245,0.05808043436212239
231257,0.060178977518041854
231268,0.05431265046280839
231279,0.07151288594090027
231290,0.10376134842467305
231298,0.03309491926451554
231299,0.04746934369857835
231301,0.04274138220984298
231306,0.01280025409641827
231312,0.017113776910574235
231314,0.07955656359886704
231326,0.5139854720147012
231343,0.04966966546672541
231353,0.06654144480788694
231359,0.05594709403755149
231364,0.017904265362247106
231387,0.10403036528018958
231392,0.036158615548502374
231409,0.051089880248814695
231423,0.03826299842108534
231427,0.014900373584887334
231429,0.17005441612944552
231433,0.05000745937669526
231437,0.02238360150459019
231448,0.0327038307189286
231454,0.3476690842171548
231460,0.03175878480202972
231480,0.018914972912491765
231496,0.010202911206991152
231504,0.11383696502595939
231513,0.020796377770087804
231516,0.02492871206700445
231523,0.02499632742189585
231529,0.011856596287808989
231532,0.046510905262476906
231533,0.059533735970473484
231542,0.05225308493721621
231546,0.03408937912033186
231554,0.02265657688207011
231556,0.22658716744356328
231561,0.04866673983819479
231562,0.12166503998412287
231563,0.017301997394615583
231568,0.0863178498405882
231589,0.018012961770809018
231598,0.13215585623980003
231616,0.043042071529204876
231628,0.015988006240153847
231637,0.04080222166980005
231641,0.07922882542740885
231656,0.30059464432002103
231679,0.10613367137706517
231682,0.17167856319551106
231689,0.03728970821715728
231690,0.0372397978719141
231713,0.24607249409744197
231716,0.02522637351857858
231726,0.02720179368805395
231734,0.15833706103177056
231736,0.041962046583385794
231742,0.025179811621420134
231754,0.1039858097575988
231757,0.01595449700717663
231758,0.026897393048557157
231761,0.03996856000912545
231771,0.09353031544319304
231773,0.018987082731218793
231782,0.1621921912514285
231785,0.08742413027629688
231786,0.033673512947349896
231789,0.018884023157012892
231790,0.014824772070066584
231791,0.1324687631569625
231804,0.07737096509830704
231835,0.03779396390958645
231837,0.02045123383572061
231840,0.11763062832001804
231845,0.18812097263696823
231863,0.19213947972792825
231867,0.09607418562693826
231874,0.25365477245229096
231877,0.04164915301363447
231887,0.035061133802177284
231892,0.027273242553173784
231899,0.047873957533715795
231912,0.408037882277724
231914,0.0922393743621085
231924,0.06286003794937976
231927,0.05021376678104945
231935,0.03937944838953362
231938,0.1549250174042177
231940,0.371648835974125
231947,0.05711441889823374
231954,0.016324788399976614
231955,0.07814550437232971
231956,0.019266783037063424
231969,0.013826805111945175
231982,0.009957475168744668
231983,0.026574843137769564
231984,0.019815128608236844
231987,0.042060850215754696
232006,0.009998402481870033
232012,0.005751948102880862
232022,0.0242468631329598
232023,0.08771939530739102
232028,0.038536950778559904
232034,0.03185326485552869
232047,0.0606276821765749
232050,0.021746813922128662
232054,0.0567511209613812
232063,0.08269729147013812
232066,0.01340921436818009
232081,0.0647438054827748
232083,0.08953986143058194
232094,0.08530503548272639
232103,0.024544920536906996
232108,0.020087687277447083
232110,0.04226099962848846
232122,0.05019673286297423
232123,0.021041248001141283
232132,0.00911737094894476
232148,0.2650499949569809
232149,0.029131749607540794
232152,0.1741610758122194
232157,0.13368529221795766
232164,0.07636458439067996
232170,0.06946430352582221
232172,0.07555502503432218
232174,0.06119201966998078
232177,0.11684868435290202
232227,0.0684695733817246
232228,0.016893015535347767
232237,0.01045735041655611
232256,0.14592399842656525
232275,0.037093019494516134
232278,0.02837918800669408
232279,0.020011195422520993
232282,0.025760650146500877
232285,0.05744869813911259
232288,0.018683652781894048
232301,0.040356455109167105
232303,0.011261254695074734
232309,0.04650902037806204
232325,0.058890258733744205
232329,0.07880678492912545
232331,0.021233582522762563
232335,0.043167312157136484
232370,0.1709308232965036
232371,0.021488224940199124
232372,0.02823212839372698
232390,0.23799295908243334
232391,0.012362753347282936
232392,0.08878006780580881
232410,0.024373020102012713
232423,0.013270404716167604
232426,0.10371949129754926
232428,0.4218371763424943
232450,0.05825245980381634
232466,0.14400906666926586
232478,0.0806110052472274
232493,0.15983112278421113
232506,0.1179415822200442
232516,0.1519313771139049
232518,0.07938046385270796
232530,0.03641252531785487
232534,0.04634703978771071
232535,0.10732522904709561
232541,0.025906507207311323
232547,0.021409645568673624
232552,0.026543209990683637
232558,0.09650470464515014
232559,0.009969906267913319
232560,0.020767224051121025
232566,0.06591468955984502
232570,0.016586753918697343
232575,0.11467253201075939
232578,0.018134153408318077
232590,0.021915682710509657
232615,0.057483970349374094
232640,0.33914992628465196
232643,0.0331989630321511
232664,0.21833247927910407
232676,0.02724458667150898
232699,0.06561235793205175
232702,0.04250969215372767
232720,0.022570517006319617
232733,0.013863994796632091
232736,0.020770340716722423
232738,0.02408868748457184
232752,0.012814130569511473
232758,0.029064283043618883
232779,0.08509822393651043
232784,0.1512719135838464
232790,0.028038783009249026
232799,0.054183358679967895
232823,0.01836149231566765
232824,0.029821183993234898
232842,0.017718221704440165
232849,0.029224042659484282
232853,0.10864394424065343
232859,0.05793872476051405
232862,0.12704409562164926
232864,0.013444613504992972
232866,0.03729538145243261
232869,0.058234645962687064
232871,0.018248930142772585
232876,0.03211234016462951
232881,0.03300994109482942
232898,0.06525608077645974
232899,0.042314236445699635
232914,0.06982759901175886
232917,0.08876401627356903
232923,0.039415225668704035
232925,0.014356765619329795
232942,0.1337499573602062
232943,0.06602457319496513
232965,0.01899992632332276
232968,0.12145705798306972
232972,0.015537878046156028
232980,0.07731219524502776
232999,0.007007542645972701
233013,0.07682471710007674
233021,0.2734358557861194
233022,0.023324686288957147
233054,0.06844307504435042
233059,0.09264167202307033
233065,0.022564085242270847
233071,0.07024702877937472
233074,0.009584533012322947
233093,0.006079849839884632
233095,0.2405635470653752
233102,0.018324817770786088
233104,0.10409639444114507
233107,0.02002586413616535
233108,0.051955878784512105
233109,0.26993013424201495
233112,0.13719699106965255
233113,0.018284839556626787
233122,0.06538699488411445
233125,0.06473979406333767
233126,0.07708277992450563
233170,0.05951701225630362
233171,0.12323168822719743
233172,0.34463570331731946
233175,0.038799998994223275
233179,0.0364024737012232
233189,0.0901444171865777
233223,0.07640590798749437
233224,0.02094662707145059
233228,0.029816082054543072
233247,0.1556003761638112
233249,0.05813430954615281
233263,0.028226634139678762
233271,0.05090468805746254
233273,0.06657723690140986
233301,0.011575177409001106
233305,0.059367074402417085
233310,0.08252460047654339
233311,0.03683908166062685
233312,0.05969021395248876
233324,0.011190450873520764
233326,0.09357090028247461
233327,0.0478934474160576
233335,0.11189582601702515
233349,0.05945428729440809
233352,0.22123519923955703
233362,0.049224138798077854
233373,0.019888139880886637
233390,0.1918772496170199
233393,0.09395825390006182
233400,0.0633952081121986
233401,0.15273680406163012
233404,0.10749621306690098
233405,0.06880778726914906
233406,0.12913192425985778
233411,0.03957818377757269
233421,0.015694275296658667
233423,0.03401030430601585
233424,0.04612172614348779
233427,0.04555144923026429
233429,0.17092954268757876
233431,0.04060403613154158
233432,0.019387485740577033
233438,0.02251376988706972
233448,0.05142890581909702
233450,0.045931988105324964
233451,0.026102656850045865
233453,0.08629321199321763
233480,0.06981250829403753
233482,0.05697212624420982
233483,0.024752269629723118
233489,0.2921064959812024
233490,0.11740041621226593
233496,0.19286874880800728
233497,0.07386460767851823
233508,0.25242924213776086
233509,0.2521787974773252
233512,0.022522239990337832
233517,0.06390725306168846
233526,0.19886368852337966
233528,0.050599218404935795
233544,0.04066506316600074
233554,0.21323168625466005
233566,0.11421502349302805
233572,0.015323693456652472
233575,0.026466914973290567
233578,0.016665187234009823
233582,0.43392243762444854
233583,0.0724367043422521
233589,0.09029407746073331
233594,0.1557389555674886
233603,0.11092541552040172
233627,0.026985132096854422
233632,0.07721429870222718
233639,0.026578011716666787
233651,0.10797447454503165
233652,0.1967219999078572
233658,0.016200488770378902
233675,0.04762722096791
233677,0.07803954712933175
233682,0.030136611832255807
233688,0.06640803741358134
233689,0.12652191087832795
233692,0.03250597227993195
233697,0.1842481138729144
233704,0.09518336826492642
233709,0.11542082035847083
233711,0.09969520345721933
233721,0.04004611441139154
233729,0.022899530116697656
233734,0.022698762683515894
233744,0.018027233635422794
233764,0.12420990634534786
233775,0.10860437103173129
233783,0.20151597196871837
233792,0.023680939250469497
233796,0.03835798249822475
233797,0.04198728881746472
233798,0.07911050126510999
233810,0.046970784848978875
233818,0.03542950349010198
233819,0.043839217867359316
233830,0.041267075960821076
233831,0.04302994963854671
233838,0.03568762948492461
233852,0.05044783490054189
233854,0.032821432450161975
233856,0.01726345592289138
233858,0.0454363335100624
233883,0.012508080901673229
233888,0.02315110458838636
233889,0.02081061662062738
233892,0.014811047886051174
233893,0.01307436773897712
233894,0.053458780015783164
233895,0.19396551737756063
233901,0.00918084351352099
233927,0.1625714614818313
233928,0.04134483617377981
233929,0.09392966607732245
233960,0.04297270495770897
233965,0.060462624450373106
233970,0.02307034307541971
233975,0.07620682249786535
233981,0.0864631040450427
233991,0.21645190252623683
234012,0.09311395632948316
234016,0.020129734686860128
234024,0.05130218050552951
234025,0.018917862678439375
234027,0.07090771193811476
234034,0.09167969223890986
234035,0.01572923735779014
234048,0.03521694109930604
234069,0.044582251791002364
234077,0.016007758886586145
234086,0.06936560711522582
234103,0.05546581119539185
234110,0.038956241241736723
234115,0.03513894585386294
234126,0.055339051571926944
234135,0.21669482592899258
234136,0.036221429749757485
234147,0.03570443798138235
234151,0.019407588361642508
234159,0.01722982415115176
234163,0.044066718789340834
234174,0.011134974977060733
234186,0.02004362455288397
234187,0.13894799321975188
234192,0.04619340608164573
234198,0.02279096659203559
234205,0.03105372704347436
234215,0.06722788510629286
234220,0.04041294823716029
234225,0.028314141445287058
234227,0.020532385022590777
234228,0.021494786244692587
234231,0.1466157753892222
234232,0.14084764180235712
234236,0.07163209755750193
234239,0.015052168632074713
234240,0.08864048901281205
234242,0.0315698490570046
234262,0.0472408257083293
234267,0.14850980887486637
234283,0.04223367586926215
234284,0.0556581445978349
234286,0.036759112849108766
234291,0.08035599353500027
234302,0.06371345260299052
234303,0.0896734385595168
234308,0.025883949950672176
234320,0.059798850249124486
234326,0.052430930736399456
234336,0.042805674555086645
234340,0.19863190160984961
234362,0.010432380028760655
234365,0.04196783137122583
234371,0.036889397481265004
234373,0.04411030974543325
234395,0.012486667441740297
234400,0.057596156007536654
234404,0.10721993016506565
234412,0.0781605607528089
234431,0.04485017034472802
234433,0.20270038043022623
234440,0.10874045516943448
234453,0.1327770280363962
234454,0.1332931491931539
234460,0.01758241013920128
234470,0.14983283775041578
234473,0.019421998917279602
234502,0.09112388956482087
234503,0.05964434641541446
234507,0.17728863062903485
234529,0.17319171761916086
234531,0.02245856325626267
234543,0.01613612130367039
234550,0.3291549011882253
234556,0.03628033916478267
234560,0.053857427692903206
234567,0.007480994525490912
234580,0.12251283457808726
234582,0.21995893033997807
234594,0.02429690446336475
234599,0.09990380413059158
234604,0.01965260177551411
234605,0.10221371851430505
234611,0.031487559348255735
234617,0.033937074684426555
234648,0.03986780434627127
234660,0.01572954644756613
234661,0.0806249760771131
234663,0.06798629597081192
234664,0.008652825981905709
234670,0.013274194763072091
234671,0.15362605017204986
234673,0.0573618717809598
234687,0.167772969126987
234688,0.03897034970203375
234690,0.09987613414511234
234694,0.030812726477265504
234695,0.005437387830057242
234704,0.23407768656949643
234705,0.042289203782203
234710,0.09085183452560538
234718,0.10836296449014282
234719,0.0709803714072018
234732,0.056012008704347624
234739,0.08459255343922045
234755,0.17022003959499146
234760,0.015651112624882803
234778,0.035953343209199635
234781,0.11846444197923225
234786,0.10366314360564119
234788,0.08886076292232481
234789,0.015151552441721816
234802,0.05204683271756856
234809,0.5938310779872149
234814,0.08657986440299756
234823,0.03763865130520567
234825,0.03969811322683599
234829,0.024303543844579795
234838,0.1064316189364198
234847,0.04257551536656627
234876,0.017547118986646383
234908,0.36243969394754827
234914,0.03203816895736384
234917,0.04189786580725384
234935,0.07497272785012303
234936,0.040827891163890934
234941,0.04315501181034678
234942,0.07972604864858596
234943,0.07896910431383236
234946,0.024564824624308937
234947,0.029542058878345975
234960,0.03965804489105416
234967,0.04392271300510546
234980,0.1043086360698943
234990,0.3805657365593992
234996,0.03080983645105382
234999,0.03340137251741411
235002,0.060561598114905635
235021,0.05230262247179129
235025,0.3347734144452039
235034,0.022384386841385998
235037,0.04035430642713198
235046,0.02909165890224784
235051,0.05749733089497605
235052,0.022504605301348495
235054,0.03537625911254388
235061,0.07995250632992285
235066,0.037408304662168136
235076,0.04040870365535752
235087,0.014210543311294125
235089,0.13988026326271955
235091,0.17493904282180245
235107,0.017091395026529056
235118,0.041876091754585856
235123,0.030717979342343583
235134,0.03373016535148675
235137,0.12220568938991616
235146,0.012354792450786386
235147,0.019629614150641652
235153,0.01960455987960718
235166,0.1553279709553715
235168,0.05588110526563179
235183,0.030986785476811943
235187,0.015529943994148102
235189,0.022086185687829583
235202,0.11667263735700142
235214,0.03593118789713406
235215,0.007817550166680304
235216,0.34662552936770186
235219,0.09930738671587946
235223,0.030838397458713005
235231,0.06203362585262784
235240,0.040168795847574754
235252,0.02115068351499033
235253,0.00824195048339299
235254,0.027826232149346826
235259,0.07039288571587816
235270,0.05327439346067614
235275,0.04548398526800421
235283,0.09971367010892726
235291,0.0153014571650326
235306,0.009391109063325543
235327,0.027374826412351963
235337,0.194110578022557
235342,0.01297579345856399
235356,0.020501453679957097
235357,0.025526015617902954
235372,0.04409580722188706
235378,0.229191101143556
235386,0.032504007774058104
235401,0.006814331285693486
235403,0.016116909226251884
235423,0.02240063050729623
235424,0.014566232393836625
235434,0.010605137106887971
235435,0.029780420036256736
235438,0.07152473419307022
235451,0.0500521036098293
235452,0.019930794020756485
235454,0.12634233073768267
235456,0.009616529774888336
235459,0.0478753361758953
235460,0.03029163152271249
235463,0.129819017692851
235491,0.12904898828040548
235492,0.14585693446565065
235501,0.06306044598934983
235505,0.07215626501119442
235512,0.3279301526252626
235519,0.1693385595536507
235549,0.09277345384058515
235592,0.04681363108139688
235597,0.052190251125020175
235601,0.04033235975219943
235602,0.07953846103858206
235612,0.03383839878472419
235617,0.0340311042315548
235622,0.025318797662086036
235636,0.029684711907019427
235641,0.03488684294570662
235644,0.038217297692533576
235645,0.02709947712283281
235651,0.06769171922386984
235664,0.023806941416879997
235668,0.34974911649972656
235677,0.020039170219064102
235692,0.03626463992276813
235693,0.02134207247378793
235698,0.0856456176427012
235722,0.1621494143453771
235741,0.027780802601073188
235743,0.2392279843976406
235752,0.01051515601605432
235757,0.0662146464434761
235766,0.010070008694306978
235768,0.07211225481670323
235769,0.03840353394023028
235775,0.03947510070804246
235778,0.16188455433002236
235782,0.2514078109658162
235791,0.1510019643600235
235792,0.06103140029309628
235796,0.061091306191447856
235797,0.11998991358140602
235799,0.13314470744919743
235803,0.06254707534293558
235804,0.23343218930748597
235809,0.06210838325918039
235811,0.04788054796588131
235812,0.02272758493824933
235827,0.1139780450812456
235837,0.024116427008819514
235839,0.024239950667723262
235850,0.2657240064229187
235852,0.015455059529239874
235854,0.07017881818407534
235860,0.0388319657700132
235862,0.03204101574196698
235869,0.09531599485538451
235877,0.024958469740175616
235889,0.0759658079538018
235890,0.25662354000498844
235891,0.019484063078490543
235893,0.04188996743452012
235900,0.02670123448691517
235901,0.04212121486901563
235914,0.026204832577683065
235915,0.24224628882667099
235924,0.17709807218346418
235950,0.05878289608592613
235968,0.027355144669459375
235977,0.09655489457780231
235978,0.035446803677165274
235980,0.1037378800099368
235990,0.03895246123932073
235999,0.023355341607418714
236002,0.10252788114675643
236022,0.07800899967288288
236033,0.04297685071273373
236034,0.04200754771309834
236037,0.39868705967235896
236038,0.11561810908477738
236039,0.03122403455131057
236040,0.023946948048144005
236053,0.20275664474608293
236064,0.09414759205922685
236068,0.06255656211630137
236069,0.06450027141539848
236094,0.02814455159083
236107,0.09350006729897033
236123,0.08636209662795023
236143,0.022665165795382643
236214,0.028667853240015695
236215,0.00738456853219764
236221,0.23583521520894407
236229,0.0733644726526464
236234,0.05639553627316404
236236,0.03726228366068244
236237,0.019782720095898588
236239,0.052325417783483895
236266,0.4897661637205232
236271,0.029915074432379306
236283,0.034251449571669194
236286,0.014339755659615329
236287,0.3075473530016344
236289,0.012975046301266245
236293,0.03772910614294927
236302,0.02457511862739592
236303,0.08738485585325059
236313,0.035258938699133394
236324,0.039322570492328776
236330,0.07019014786603144
236332,0.05670297593203782
236345,0.13705909283867895
236350,0.08590725728989726
236352,0.09470734673536141
236359,0.031357418600450625
236362,0.05494487007163937
236373,0.01696417126082625
236378,0.07748835916876097
236391,0.032256833929845866
236395,0.07180490605551566
236412,0.09860637375253256
236418,0.023622500957632353
236421,0.026172256211476938
236451,0.07403645463622294
236454,0.017281782338089333
236457,0.016492555488207116
236463,0.07361128538979662
236469,0.016351681232092286
236476,0.10169095592556063
236485,0.09097132103472746
236508,0.04110427003571582
236509,0.07073361675296046
236525,0.0994529471097152
236527,0.08910682942196191
236529,0.05646557449958996
236555,0.18112036838208231
236562,0.19298574058530693
236568,0.26610702337923
236569,0.21983015908399245
236580,0.03727376694485058
236581,0.015653090572795243
236583,0.0758731487405966
236586,0.0878516074015767
236594,0.06494795523236428
236631,0.010763456474516181
236632,0.04517396948609738
236634,0.05563975793147892
236638,0.031472689327108554
236643,0.13261174953800928
236648,0.08019507004631832
236655,0.2638406293913722
236656,0.02167177592090515
236657,0.04491400923080078
236663,0.04567965611762763
236681,0.015578571626195553
236683,0.03139547575736688
236691,0.020079837454246803
236698,0.09453127790673647
236713,0.04847210043186975
236727,0.2530799199363699
236732,0.028091136194429694
236733,0.013299834672234636
236735,0.03740393952290317
236737,0.0071705126239869675
236749,0.044642767622557256
236750,0.0360428228952997
236752,0.049145908265425274
236765,0.041443313829737496
236766,0.061885909047144465
236769,0.022919686916167237
236771,0.12321384697969547
236774,0.10047377309208348
236775,0.014727139866402833
236790,0.10491741037130772
236793,0.03125955166797228
236797,0.23865121567785433
236798,0.026616835802805088
236809,0.037641040121712266
236821,0.09336402558221987
236831,0.07823269785349518
236836,0.02943152295007962
236838,0.02518240582221723
236849,0.05051237878311321
236852,0.05804662479992341
236860,0.10012888773482136
236862,0.02463663945068233
236865,0.0350823443128942
236873,0.016980094494895976
236885,0.06217588439208635
236891,0.007416517763549112
236894,0.04518362304200908
236904,0.06429823578252909
236905,0.01913375338744037
236911,0.028087779202295937
236939,0.02316741111322652
236948,0.03405480950981142
236950,0.012592257621813287
236957,0.01830291005483209
236965,0.03320122991344582
236974,0.05672696322586085
236975,0.024181173965696322
236981,0.044675861562050376
236985,0.022385070188566197
236995,0.14241462525345924
237023,0.04748731171778159
237025,0.007973642301338709
237038,0.029715630525940874
237058,0.016372470615032667
237060,0.02197785330203273
237078,0.09785869643895764
237079,0.07200315047155702
237080,0.20900321597989557
237084,0.04324694574746418
237086,0.01660298401451378
237087,0.014107351531855033
237091,0.13387746520415955
237092,0.030934276226051168
237093,0.06516487333392354
237094,0.07019216808929944
237103,0.016999228628241696
237116,0.09303210238403992
237118,0.018925379521898232
237126,0.0718622756047639
237136,0.03196105233664891
237144,0.16259549211696323
237149,0.08388348578809685
237150,0.1646740572161433
237157,0.010103873788617842
237158,0.015873198608959912
237170,0.04451619573910351
237171,0.018559704871616435
237193,0.01393747759995883
237196,0.052320306601330094
237200,0.022911486654081888
237248,0.13748717863681112
237254,0.16696746842719304
237256,0.056574803120577
237257,0.02504995843634255
237267,0.05462501816277336
237268,0.027968326982482684
237269,0.02325661910620853
237271,0.0339599902283168
237280,0.03941758221540506
237301,0.053791028720860175
237304,0.178787723546041
237308,0.011488796599812827
237311,0.15285389693071427
237334,0.03884279463959284
237338,0.26699611742921897
237344,0.059375070097543135
237361,0.01730760407268124
237362,0.08035755920180741
237368,0.25215504292525637
237369,0.0905878953361405
237371,0.10351060635938637
237373,0.11286359336581546
237377,0.034708952026956875
237378,0.016826362045239022
237383,0.07164784260013791
237386,0.010405910035959049
237392,0.023768083288821504
237399,0.03883460119910355
237408,0.0374191795971989
237411,0.03526238405954346
237414,0.03178240637109051
237417,0.03280333496797645
237424,0.1469725952622365
237439,0.012349454490983673
237457,0.029677435558535737
237458,0.0354259064790963
237459,0.02776215732848265
237471,0.043097679915755
237474,0.08705198833833835
237475,0.0810192270412937
237476,0.04435399413650869
237490,0.05971215777101393
237491,0.04433395420865747
237495,0.136648491386786
237501,0.04982085187399266
237512,0.05239675298106901
237516,0.01811947250116857
237518,0.022389010665328012
237528,0.07117963533991092
237529,0.1220989826168924
237537,0.10939152452037884
237543,0.034084040710060444
237547,0.03355973924091708
237552,0.0585335295007858
237563,0.08067118421986315
237585,0.10027143440059703
237598,0.029636355836445985
237606,0.035764566137874716
237624,0.1491629939911335
237632,0.02244109342356236
237635,0.045686487158570224
237640,0.03681089649025381
237642,0.05566038511550359
237647,0.043438905431956575
237648,0.08909160002332286
237651,0.13939581254269046
237657,0.03722999120136094
237663,0.19994557965105453
237692,0.08424850140421805
237701,0.0700449025215572
237715,0.06395055860711028
237726,0.04612675509885153
237728,0.10589600800628521
237731,0.00909914961153575
237732,0.08684734274135757
237746,0.02650071406933421
237759,0.0283372644722171
237768,0.03007709213886605
237772,0.36351308895578294
237780,0.34981963226865936
237787,0.17389178114713097
237792,0.19299263463308758
237804,0.21544230019338595
237812,0.0373190771627684
237815,0.09472766117380896
237821,0.04081668791725908
237827,0.027450638640537657
237845,0.12791159590532353
237862,0.032085959407098234
237869,0.02160035360051535
237872,0.07620781285495257
237900,0.3101811570972215
237909,0.02922590927150822
237917,0.0387571990402658
237921,0.009950530797056064
237951,0.13015995103828612
237952,0.11684361319923374
237957,0.008841754489409303
237960,0.0631864696781401
237963,0.052631048201051855
237973,0.013333256265071364
237984,0.025617393341957714
237990,0.1273537948885735
237997,0.06645170107628075
237998,0.06619724339330066
238025,0.07292853057588174
238027,0.01221901182616629
238052,0.017990556267444918
238053,0.06407050716236588
238054,0.19135892596058005
238065,0.02371537353086142
238066,0.030898404326610365
238075,0.20526199698140046
238082,0.0842241108822421
238087,0.071318614020518
238114,0.015304693488608424
238117,0.15541972156425962
238127,0.05697629460327766
238129,0.1458555141847877
238133,0.04600341840822117
238135,0.012856245402161784
238152,0.03910673094368463
238157,0.044616844409895204
238163,0.013067344170746198
238170,0.03082838702403773
238176,0.027292450748414424
238180,0.12035590469212189
238195,0.04374431438389091
238198,0.03925670383518603
238199,0.019384153864738574
238206,0.24364564773528308
238218,0.04252083650932037
238219,0.07067421377712911
238222,0.026290067051575907
238224,0.03654040924856489
238230,0.07371424090550498
238237,0.0510895550541624
238238,0.0531539090090334
238247,0.04961375160779011
238254,0.033978999888931286
238256,0.012919021577183878
238257,0.028923051653839432
238270,0.21787621310978683
238278,0.06290907635409214
238279,0.08112930247681541
238282,0.023318768661180784
238286,0.019177360927572648
238293,0.12812355311861146
238298,0.01354716390697764
238299,0.010569795030629495
238306,0.17452392679511392
238307,0.014548807581557539
238308,0.035629708123466365
238322,0.01674786089048715
238327,0.05485719648360957
238328,0.17103127317301964
238330,0.011410305493293606
238335,0.04144386822454139
238347,0.08846656514326388
238355,0.31624916176321216
238356,0.1338798559040318
238361,0.048767056690246266
238367,0.06517563331017098
238377,0.05257979455042729
238413,0.009008658259612161
238419,0.06582108518458987
238436,0.028257041081269342
238437,0.09957708289676154
238443,0.017761362876796027
238450,0.007958555379353253
238452,0.019222890797692665
238453,0.11824642732303114
238454,0.28986263466928397
238457,0.05931487841715284
238467,0.03975394496422179
238469,0.024767043721092733
238470,0.01886629864629996
238474,0.18342857280257752
238478,0.1793004717351454
238480,0.08989426374464438
238492,0.020753479548174983
238496,0.06379413846585878
238500,0.04478107448144195
238508,0.3388745278949772
238512,0.03272081327437726
238520,0.02153754012488584
238540,0.05019146994192427
238548,0.049000734722602704
238549,0.019818286165854675
238550,0.03434463138710634
238563,0.021752917363764532
238586,0.046223621724767225
238607,0.027409936983339357
238608,0.045232116960337104
238615,0.0726053835287932
238623,0.07989698798261202
238627,0.02478614995703745
238630,0.1269770978966444
238635,0.05019938055401112
238638,0.06526146768001359
238642,0.00740224113110785
238646,0.0673669961174444
238656,0.03446035986679329
238665,0.037347582669546284
238674,0.027496481165039267
238687,0.0290361248355249
238702,0.05855244216069913
238703,0.036752241988222786
238705,0.07293682252881628
238712,0.29313882594149493
238716,0.024489645410915997
238717,0.08092217944053137
238718,0.03658673850156707
238747,0.05447988797546047
238754,0.15864146887104488
238767,0.05992778803603063
238793,0.019771021305854352
238794,0.22177861789861136
238796,0.19299264177020287
238806,0.04755480452353577
238832,0.11475737129161623
238833,0.05103359525480971
238840,0.15326221575189797
238850,0.010627777998758971
238853,0.030102787912288324
238855,0.018995222628585443
238858,0.026704720197745932
238867,0.307913537120839
238868,0.030975630258846074
238869,0.1586060406581935
238873,0.03265126342184972
238879,0.06343025381337392
238893,0.2498271416010026
238903,0.016937006013206177
238904,0.028310968458464855
238906,0.15771316175381914
238928,0.04838083009757914
238933,0.07331219091916508
238941,0.08390258313840429
238945,0.036832988992181265
238947,0.02477944920161857
238954,0.042801327491385086
238963,0.06146928874008309
238986,0.11218157955681762
239003,0.24659664782174723
239018,0.02566670505411804
239019,0.12136221129198424
239020,0.1268453015572793
239021,0.08243852626111103
239031,0.05869310835766026
239042,0.040453675875708806
239051,0.026373048163697087
239056,0.048805671968613025
239058,0.03178822336952328
239075,0.1159195336394725
239078,0.03147540650809397
239079,0.029949729797387976
239081,0.010288052605400428
239082,0.15619783202713886
239085,0.09799719011785106
239100,0.04517823309923171
239104,0.032722248566974386
239120,0.08308182083465908
239123,0.01997087983296825
239140,0.2808112083842096
239144,0.0440006692365103
239145,0.06632928483363358
239146,0.04239918288450066
239153,0.021127916063470774
239155,0.025653453963793562
239161,0.11732976169395935
239168,0.06944976914216967
239177,0.08157814439929417
239180,0.04508627766295521
239193,0.028533336630585122
239199,0.021568904704540884
239206,0.04786822007408159
239207,0.04310190366389689
239209,0.02716214919250562
239221,0.10256437904316486
239225,0.03282654564932651
239227,0.07948924673957954
239237,0.044887109485499684
239249,0.02877907061241003
239273,0.3727744250022153
239282,0.03415804695685864
239290,0.20365251341573676
239298,0.029195614642741605
239302,0.13565704721607422
239307,0.17740219952914282
239309,0.11539261981554633
239314,0.09276183180287055
239319,0.10322577153920576
239328,0.0455581478069879
239334,0.011076015357047928
239343,0.027317241528653648
239344,0.04588209945795524
239356,0.04962121795573579
239357,0.27621619420270827
239428,0.023541291766335896
239429,0.040384983708252775
239453,0.00709513110807633
239471,0.1518576159266319
239479,0.021034724112864212
239480,0.08456624364815796
239485,0.04113705511002355
239489,0.1554999371226094
239518,0.28128346459614373
239522,0.014639729873403656
239525,0.09122467540233643
239540,0.2063723684437337
239567,0.0372108880112571
239573,0.07958354631029996
239574,0.04935694405801333
239578,0.07809583744456458
239587,0.03582905547847412
239588,0.0776674162954618
239597,0.05879696857481913
239603,0.028292364793387238
239612,0.117830854149477
239616,0.4918993980911559
239617,0.056812627195970467
239618,0.2938590521658949
239631,0.10366720484147693
239639,0.14427516046081365
239644,0.055678595136581036
239672,0.052889253250614165
239680,0.08792196102036073
239685,0.013657358605977377
239687,0.011043274050868508
239715,0.08558803794346188
239722,0.08047592800879327
239733,0.014824867635241892
239746,0.012340069952644146
239748,0.011905199483715176
239760,0.1187422470147153
239765,0.05084490061217445
239766,0.11329748830942445
239774,0.017454033065468052
239775,0.012828067189592491
239788,0.22555154184003806
239795,0.084149086311284
239796,0.030451050299679597
239801,0.0636279754501206
239808,0.06011029718719772
239816,0.004749336649574553
239819,0.006617867256441515
239825,0.04456701385245157
239832,0.14941149668679485
239840,0.06728324611813333
239845,0.025015168661707537
239853,0.021519354306836703
239862,0.06949375151904998
239867,0.06552196740990175
239873,0.0626170296655697
239884,0.033080726642087346
239920,0.02559458897383939
239924,0.09915516823138346
239937,0.04452174368195311
239938,0.02195170976293731
239948,0.04085690073930464
239951,0.04366370585829017
239952,0.04108284610855162
239996,0.027351034959557995
239998,0.06751452062911535
240013,0.029485060796578436
240027,0.08058609640821135
240028,0.023212649200187317
240036,0.14199557327234955
240041,0.12168262495449707
240046,0.035454074504396096
240063,0.037951811567288725
240076,0.021633166710925106
240082,0.1712111843992973
240086,0.04592134832015228
240087,0.015858921733163632
240089,0.12848723282715557
240090,0.01772947507163137
240093,0.38915286815199557
240110,0.17513385007042837
240111,0.07415193600093763
240113,0.009628645804100068
240117,0.01873673070367337
240118,0.07967347127760917
240120,0.035084040095455564
240125,0.20976203577592642
240130,0.0963470764846634
240131,0.29726516855490986
240133,0.027246171659568205
240138,0.3310402890196475
240149,0.048785315271375376
240161,0.04567291121430985
240177,0.09256188995413295
240188,0.04664150810820668
240197,0.049580656238450344
240204,0.2350163708161627
240215,0.021263978819683563
240257,0.03241264086783817
240266,0.040141667108671675
240284,0.08443465055670532
240296,0.03428118486254023
240300,0.04850332252425378
240312,0.007608478465507203
240314,0.09986568959711034
240320,0.05233686620651788
240321,0.1457934804783188
240337,0.06244570429273987
240339,0.07060285842308194
240341,0.05772454123898801
240342,0.08425312419890167
240346,0.013838434067523442
240348,0.07353011978737728
240364,0.034830721335356835
240378,0.03225212238219813
240382,0.05548492871171366
240387,0.028770934996878446
240404,0.019545545494896593
240409,0.051397828908657406
240412,0.025126386427224527
240413,0.16085604780500096
240414,0.056346551929156316
240415,0.011789346198431387
240416,0.05768965984186933
240427,0.028823774468873548
240428,0.0702985477458157
240438,0.08685547411646563
240447,0.012108851796906166
240489,0.19768950539476404
240494,0.24913574383503517
240495,0.029193512518260564
240507,0.05400910519359227
240526,0.14270891456556356
240530,0.17554556247228445
240531,0.20308007931238625
240554,0.047006885698589
240559,0.061815914859944976
240561,0.037160226660360084
240577,0.06519863566026059
240578,0.07454179888324661
240585,0.09185460352659562
240587,0.07476672181595835
240594,0.08864935060070636
240603,0.010635106656866643
240615,0.019796791256332807
240629,0.06921608405249469
240631,0.015684767108392977
240637,0.025544458171259644
240646,0.3068689953470737
240649,0.03934716254022438
240657,0.02062230602512078
240664,0.2311351335648004
240665,0.42871518632384814
240668,0.03778290113540649
240670,0.1688008557495983
240685,0.14617282671527299
240689,0.145116428081332
240702,0.01880957831594596
240707,0.06334086990277996
240709,0.09237552757871875
240712,0.1247340263224471
240716,0.042684340331498954
240717,0.038241574992082944
240725,0.00803273039045792
240733,0.02969618492382118
240742,0.2528716803056615
240744,0.02041308359174903
240819,0.054822216550895746
240820,0.010951804143550027
240826,0.07510912103720077
240836,0.11309209497162459
240839,0.020735666119748166
240847,0.24240672387312026
240859,0.2581007309522953
240866,0.2127870719402122
240868,0.03427689335213453
240875,0.03183614942506716
240878,0.030820168742318823
240888,0.013186843521107234
240896,0.11769638214378332
240897,0.022010257449513564
240898,0.17978583847099097
240899,0.19720175260417763
240900,0.037921153376637706
240901,0.10092527070359028
240902,0.07106072231627664
240903,0.10813944479814169
240904,0.058056533729162176
240910,0.014613290510795919
240916,0.02538200816766039
240921,0.065124729415523
240923,0.044626101493760346
240929,0.1292347135427373
240930,0.058437734979468185
240931,0.016324900904058418
240932,0.08218283969103171
240938,0.08481931187612986
240943,0.01571791691540115
240948,0.03567715910727827
240954,0.02727110361451837
240972,0.03392155649623273
240992,0.04774065702120001
240993,0.08036972689506829
240994,0.1056605296490392
241018,0.018697128507293104
241026,0.016025243931515436
241031,0.07329149008748351
241052,0.02558873671175889
241060,0.04395275100995524
241076,0.15949298012665897
241113,0.03568248647508883
241116,0.18517572923144748
241118,0.051449638968636455
241121,0.06668520228320357
241130,0.07060889415180166
241142,0.017125853088665252
241146,0.021517002664577102
241159,0.04844062190805159
241160,0.026152130534965245
241161,0.11408143505751009
241163,0.3078323061544345
241176,0.05066452974296615
241187,0.03780065149965179
241188,0.08532646598674155
241191,0.11079910674142127
241192,0.17019247859511283
241198,0.25016090205576463
241208,0.20403396783780067
241210,0.027280732101762295
241226,0.14111417065929047
241244,0.02154386754646946
241252,0.08211895681417872
241254,0.021485362903632597
241256,0.07368514679020781
241264,0.09243463663792811
241266,0.0775140312747126
241267,0.15024577166093697
241274,0.04800627386094928
241279,0.04149411144206676
241281,0.2732882707828919
241284,0.04852108884865349
241293,0.013711687095530637
241330,0.04849970494397387
241333,0.010604845332885585
241344,0.13577852164914112
241348,0.1964664641023563
241359,0.044408153873157094
241362,0.17638098067500174
241372,0.020214380734846493
241377,0.010999987877338439
241381,0.17134157221137206
241390,0.021813546459763085
241395,0.009254415983597341
241397,0.019928974496942288
241401,0.04186239344224031
241402,0.3904901880222983
241415,0.06787846460682323
241417,0.1720154433383233
241426,0.2319119099295896
241432,0.02838058507032231
241436,0.012198512130311798
241444,0.016198339975389487
241447,0.1376354275043383
241456,0.061484463042340884
241457,0.014116071173871087
241464,0.039141223545029954
241465,0.10753537568432682
241469,0.04226108558344273
241479,0.020920719223361132
241482,0.056346810879206274
241488,0.1525828943013784
241489,0.05187124141502999
241507,0.0637351446011594
241509,0.022078641492261783
241511,0.018003160314401117
241520,0.018332104797062113
241523,0.014569417136295428
241536,0.05839774970488184
241545,0.1364975339906766
241574,0.041321006713089616
241577,0.2986390452589167
241599,0.14675650753639005
241608,0.04906762882471485
241627,0.017099549912916383
241631,0.02779891020543022
241640,0.04311810029286438
241642,0.03952902567123136
241645,0.049414281368165905
241647,0.01790683412865329
241649,0.2158592874257589
241654,0.32283686466038797
241655,0.0446601724213055
241657,0.09920062575538471
241665,0.028065756771718593
241671,0.0628662964049713
241678,0.12310873538203752
241683,0.03485190937542857
241686,0.02634469434331673
241699,0.03160682947706104
241704,0.2483849653417251
241706,0.03366500558027474
241709,0.027387449791855967
241718,0.023089657580283335
241723,0.0628870877678036
241729,0.029092122173366278
241739,0.11569220466244125
241741,0.0220919297513391
241752,0.045304429156212814
241756,0.025918649002339277
241763,0.029361492220371405
241779,0.07451448539132527
241793,0.014966608164086057
241797,0.022211069862404918
241804,0.05244819016873059
241813,0.03488175367830843
241816,0.15263047265788537
241817,0.16656312251666205
241821,0.010599970736140022
241838,0.1682581369287612
241839,0.08515170911975878
241855,0.05639426623582136
241857,0.03178390679289014
241887,0.014961046829380396
241888,0.017851757747639405
241899,0.17951202115501536
241903,0.05635776081081707
241908,0.1006614783370024
241914,0.031045364964609967
241919,0.03310153749386771
241933,0.11397673838882481
241943,0.008740124502071038
241947,0.09057415726074108
241957,0.08088541569749075
241960,0.10647757328735623
241961,0.046994782033129054
241965,0.0845701768018049
241971,0.04660966384575997
241982,0.036226834050371554
241990,0.042036865132782174
242011,0.02189974230202767
242022,0.026186914901520673
242023,0.03577976967132715
242025,0.17770783347152017
242035,0.06904481598711149
242037,0.19711512593400382
242043,0.04993932341215111
242067,0.046277804684887305
242075,0.03570124274228759
242077,0.014521908473602688
242088,0.12962679710762473
242103,0.0641110076475847
242125,0.029890118920009354
242134,0.23951386294969465
242143,0.1787261198040492
242144,0.03320044072284406
242148,0.041054900490949696
242155,0.035969976999590404
242163,0.012634812140378114
242171,0.05569883525744916
242182,0.09272957695014696
242185,0.07707161761024084
242188,0.12931990935487458
242201,0.15565643128874063
242203,0.01850494163507675
242204,0.02166886925827414
242208,0.19413377817182073
242210,0.06888901850301052
242217,0.07643143444710916
242219,0.05305399947845092
242222,0.07652649686835837
242224,0.30294537108403585
242229,0.07715801914747804
242231,0.3716564190127824
242236,0.33855800053664376
242256,0.10570390463822987
242264,0.03142313314316374
242269,0.05248833339348424
242280,0.1802391252295379
242281,0.02001628998911134
242285,0.04888971691494948
242295,0.03852546274226561
242302,0.12957996663425767
242314,0.07295885262205509
242319,0.07765137634599288
242332,0.046679886996413254
242338,0.030663124216741604
242342,0.17487376861460635
242343,0.10838213844263872
242345,0.019848543528872834
242354,0.049479552348807784
242361,0.07939910499189058
242365,0.12698066919858522
242373,0.027496371178361616
242378,0.06532843380901095
242383,0.12747125965434125
242385,0.07393255736838795
242389,0.020315650266372692
242397,0.19066047453923943
242404,0.2450120626478921
242406,0.2784641205532461
242410,0.14289635324501732
242436,0.02254887297981174
242439,0.012229053092038375
242440,0.34666652897709516
242444,0.02934534846355753
242445,0.083878821532345
242455,0.09206423683379991
242477,0.055852404442155695
242479,0.12913976514049735
242484,0.10309417450505695
242491,0.06256762776070456
242492,0.031202530061840247
242497,0.01826603785268525
242498,0.01937324057116286
242499,0.3193605261881909
242500,0.148367268573673
242501,0.0388402714935156
242502,0.13307781312163977
242516,0.0494309551173394
242518,0.053318927400190445
242523,0.15355575328727716
242525,0.04486509689151284
242537,0.0365537882572196
242549,0.026640986975051163
242550,0.0347933203769258
242553,0.009042742823085837
242554,0.02126208797853145
242561,0.030838874705347668
242566,0.2622642220393413
242567,0.13031777494028082
242587,0.061202116483560276
242598,0.038962721603348426
242609,0.42419348768284837
242611,0.04828189241257798
242614,0.07379245043664918
242617,0.1801805443325527
242622,0.20981732347409765
242623,0.04439304462143538
242629,0.02560502371342048
242633,0.03155677098166994
242636,0.23292648278081818
242637,0.20520580461515647
242642,0.0773619074393734
242651,0.05084437837219845
242655,0.04524135626494738
242667,0.02944567169225369
242668,0.04202830665287982
242670,0.02271069464764497
242681,0.02502064160073976
242689,0.01390062374433003
242690,0.32134765302621515
242692,0.12581729637269182
242693,0.04896993073295376
242699,0.062222531402244735
242706,0.026976727778451955
242712,0.17469495553500736
242714,0.05286857467448094
242715,0.017069990091377288
242721,0.03790031951767101
242725,0.024115057122301362
242728,0.04614122708061169
242740,0.014087194977729946
242741,0.016364981400667764
242762,0.11371149979330483
242766,0.09485343197772925
242772,0.0335330025598599
242779,0.04366445560263971
242782,0.040367982611870266
242795,0.14412455294479115
242796,0.02743986862071893
242800,0.01781682676314186
242810,0.03679958038652271
242816,0.1099708984087845
242824,0.08261398084410519
242829,0.17003445644480153
242833,0.03680091991165873
242837,0.06617323477754249
242851,0.0471437825942091
242857,0.12709102081237533
242858,0.06142614320851615
242860,0.06513906537505249
242874,0.04274861003382369
242876,0.12022155705033681
242877,0.011308851454404571
242879,0.011580496099457636
242890,0.06975432076192843
242897,0.035663105685013116
242898,0.013282528148802444
242904,0.01259107720347864
242916,0.012419532437709132
242920,0.09771895790937282
242924,0.0718926640683756
242930,0.06396853165328735
242936,0.0724923820735844
242938,0.009345974962369764
242951,0.09811605613327595
242952,0.05603785829149108
242956,0.03324087939291661
242970,0.11646823973546933
242972,0.021237438574350058
242973,0.019635351799638812
242975,0.011831252863466812
242979,0.09174016177174443
242985,0.026007384538344926
242989,0.011692740759743425
242994,0.2380155163729282
242996,0.23169910010308792
243004,0.08872793718396663
243013,0.009898715357128756
243015,0.05307493377023216
243017,0.029088687222579207
243022,0.012311036688559235
243075,0.25799316673438755
243077,0.02114800058588201
243089,0.02211808548983983
243096,0.05758942964354584
243099,0.022400921387560488
243109,0.03350323648839587
243110,0.06455943438116826
243111,0.010548107774346376
243112,0.059564356596059874
243114,0.08117646062214272
243124,0.24846168248306222
243128,0.32974622830367906
243136,0.02830890405625411
243143,0.048516540225152296
243148,0.10127130117835006
243151,0.019548994572374214
243152,0.05584350103839918
243163,0.05221816776689442
243170,0.041022753142368217
243173,0.016792145719763965
243184,0.06621538878602838
243187,0.07483659638755503
243193,0.1396522946645938
243206,0.12549216602321045
243208,0.018290079198595807
243236,0.016942761616031296
243237,0.080274380564626
243241,0.03846285703383876
243244,0.01344450373005152
243251,0.15277041436229039
243256,0.04482113477713792
243257,0.046580159967543326
243263,0.04482578736233608
243265,0.07776843996027114
243276,0.05012084544312685
243283,0.07378763168342486
243287,0.024883097555476075
243289,0.17156990759077462
243291,0.011231577145723103
243294,0.030844061551184895
243299,0.178446207383418
243301,0.12394919353095599
243302,0.11447226600796079
243310,0.10320163917251042
243313,0.2619326035826469
243334,0.11976379871921763
243335,0.03784117289057489
243345,0.02891729931634734
243353,0.013509345166817722
243369,0.02654380121009717
243371,0.1085968975947054
243375,0.0831071814777792
243383,0.267969618559363
243387,0.008098320034767641
243390,0.17293041081479063
243398,0.008877413031539813
243399,0.08361208236262391
243401,0.01224677606353113
243412,0.010664997895236323
243430,0.031609570902556436
243433,0.04668152382162644
243440,0.03303941593701949
243445,0.1984199073788648
243475,0.08818013115585416
243481,0.05268970913794974
243501,0.19104060849387505
243518,0.17017595363155905
243528,0.026028185108528543
243544,0.03730489426810955
243550,0.03174493760185613
243555,0.04442192975155611
243558,0.09858824883239181
243559,0.13994253983704869
243569,0.11267074081283954
243580,0.029314887531184664
243581,0.019786324265600754
243590,0.010714535526864535
243611,0.03417635905739699
243619,0.019968765856711264
243643,0.05702529302703335
243659,0.06343524495371487
243664,0.02743327246050653
243665,0.33124502751359575
243679,0.029221235715206625
243680,0.10676499611570478
243681,0.0497345970521829
243689,0.08578807653717939
243699,0.11497790048243295
243700,0.16798539889275496
243703,0.048952131855657784
243714,0.2570687475169168
243734,0.02171798782549794
243741,0.16142760207117784
243747,0.04062827617890091
243757,0.13940011584679823
243764,0.32224568824340377
243766,0.12284430914061531
243770,0.05012470720073041
243774,0.07915364425571125
243777,0.022966443085547808
243778,0.051508604180315797
243783,0.11402915991668393
243788,0.08709687172551685
243801,0.09980945999303811
243802,0.020885150232117178
243805,0.345106471291461
243821,0.06950424913288547
243828,0.03549058868064493
243831,0.09804950808016634
243838,0.28689695708866103
243850,0.015182561570256173
243861,0.03877404661420738
243871,0.1859198155526688
243873,0.03962212803718117
243874,0.06146314426983655
243875,0.039931473412865584
243891,0.046600798723600886
243893,0.10700245220588497
243900,0.031705562427895004
243907,0.19323534878092613
243908,0.380028921938723
243916,0.17466875752112127
243921,0.08624045842594857
243943,0.03738325998028265
243958,0.34640018521049587
243963,0.22133418219027368
243965,0.09201022504710404
243968,0.03398758253917902
243978,0.1411708320699667
243993,0.053199374289263496
243996,0.04455027096398559
244004,0.09833048357307717
244006,0.15229833277360386
244045,0.03789147690134936
244046,0.0222466303762906
244047,0.033756495865732775
244049,0.008815594582910044
244051,0.07868139874616198
244058,0.06741939961049649
244093,0.061570265576801786
244100,0.06572437102911363
244102,0.13356503689715926
244104,0.055608319609320896
244108,0.01705170694478666
244112,0.1351687453846744
244114,0.045545502234630234
244134,0.05412825724171645
244136,0.0621138622570941
244140,0.014031365487684834
244151,0.010231228640435467
244152,0.11363581884088747
244164,0.1391639051115972
244168,0.021928725145357694
244173,0.03021115838000265
244176,0.025778956969762186
244179,0.014092942372519637
244189,0.1488996759469706
244201,0.05346076650538964
244205,0.09004353541553736
244212,0.09626760351072709
244216,0.021362790212756482
244226,0.050068249608974984
244228,0.04235040839853517
244238,0.07472192862372429
244246,0.043734981703626455
244252,0.05805116809340294
244257,0.033723281185154656
244266,0.07518679734062288
244268,0.13839043973346354
244280,0.06622804337598132
244290,0.07306100006789382
244294,0.22358866379425466
244295,0.1321011820224697
244296,0.19104821405389716
244298,0.05618411120461962
244307,0.07301772867729314
244321,0.016932602613038732
244322,0.03280991902518407
244324,0.03182057589554217
244335,0.046711653415905274
244346,0.10701593892887355
244364,0.02277714524289748
244372,0.2042804634445015
244377,0.09578262658279915
244387,0.3381911775272639
244388,0.1719161095854686
244395,0.10382867262360991
244396,0.023978192788153954
244403,0.023089905825814
244416,0.18346068869170698
244417,0.018521824814233836
244420,0.06565681031956216
244421,0.06702400113072256
244428,0.06323132084918626
244429,0.13002654428798843
244432,0.16077956289156506
244456,0.11653315373355758
244460,0.06445589464971553
244461,0.11808238845958305
244464,0.008442907791685631
244470,0.01888557411755676
244475,0.13528478282695677
244484,0.16575062583058617
244487,0.01881494000299525
244489,0.04798695366384569
244498,0.10307816942230143
244526,0.07988633939474744
244529,0.22683539985794005
244534,0.032511546442077544
244536,0.12172494923884422
244543,0.26063521838621373
244545,0.041804768671045225
244555,0.041693163938558056
244560,0.14089182745065248
244562,0.07836343644015636
244570,0.1082353064834694
244572,0.19942573998647947
244574,0.0939332084348701
244605,0.15983245671836802
244612,0.06438954896168333
244624,0.04456866943231816
244631,0.011698969149124053
244632,0.10739140226260961
244643,0.009486231307088054
244652,0.07012698217812029
244666,0.013435772240613278
244671,0.05126098672961801
244672,0.016348262231671053
244683,0.029453167924756815
244690,0.03317985480084693
244696,0.03859307597742557
244703,0.012117886584927885
244710,0.09571420836073863
244713,0.053226498656748195
244719,0.018131498793738824
244724,0.11729569164401002
244736,0.05226497458477658
244763,0.12603030944364485
244764,0.1743794477589595
244765,0.20673654888117726
244767,0.15226091279144802
244772,0.07073820296678672
244786,0.054351984620906485
244789,0.03595408133357682
244794,0.020345347700634283
244799,0.012021744097943975
244810,0.012447106554989349
244815,0.030252448560779625
244830,0.02459100480235168
244848,0.11747948464510094
244852,0.014446460772495971
244866,0.055562242487771016
244867,0.1044665232192113
244874,0.06919969340751292
244887,0.030742238031595554
244891,0.061550999489026974
244897,0.286550050881676
244898,0.016238322035158095
244909,0.06708532843739677
244910,0.09440631093773258
244913,0.12512635058373603
244925,0.05172352056090923
244928,0.056744303140366825
244932,0.02353824845008502
244942,0.03270641876189038
244943,0.1216554156214448
244949,0.05960676687944498
244954,0.020616241581271816
244971,0.06378303242325783
244973,0.3632852242886531
244989,0.25933585304723833
245001,0.059288274140969176
245012,0.047537896908674854
245026,0.3792509525011109
245030,0.04463040564117953
245036,0.03570903074363465
245049,0.19114673982742694
245057,0.035775479950695306
245062,0.0963171421918824
245063,0.03147902461494405
245074,0.03261343249290861
245076,0.04236197335763267
245105,0.09136344210672201
245106,0.016846308826442682
245121,0.02410881400882344
245124,0.054256223901303344
245129,0.011616752336560131
245133,0.1429057294047074
245138,0.04148665990954144
245150,0.1647749619198744
245156,0.0886599772480364
245157,0.050041157836465754
245168,0.11787614090441298
245170,0.026710551496936
245177,0.057818408799646726
245178,0.04015538591691958
245182,0.0060697311013112
245208,0.054935184296485765
245219,0.24407343979091456
245221,0.012635122806226482
245222,0.03071600219330846
245224,0.01890168608471035
245225,0.03151611913103897
245233,0.1371545931925675
245234,0.03829587759782087
245244,0.04458655466404314
245253,0.2684165607839214
245260,0.06794965613808374
245272,0.040762806887818435
245281,0.03624472368039804
245296,0.24577029515150095
245297,0.1788665021410874
245303,0.01748008095525161
245309,0.10748689545489919
245313,0.019484971997988328
245316,0.04045613369821108
245328,0.02770083911578418
245344,0.033412311736022854
245351,0.05006447530742589
245357,0.06192134005030099
245367,0.014912173857674252
245369,0.2109893843839738
245376,0.06749551952338513
245381,0.01963203788887314
245411,0.054411394727474846
245426,0.04515704139254952
245428,0.010825831634507729
245430,0.11653765215612319
245437,0.293009636366565
245443,0.04123853953599677
245450,0.017931436336259113
245452,0.061598547259860637
245468,0.05430057054557816
245481,0.022719565378415026
245486,0.015729088910699456
245496,0.039221385370688214
245501,0.10180054535975937
245502,0.05864848258012095
245503,0.020382942800736586
245564,0.35907029122119694
245567,0.12822338767116082
245568,0.16606963396870045
245576,0.25472776358382443
245577,0.036233933129804365
245578,0.03198716511392503
245595,0.03273061882831059
245598,0.025933367867492167
245604,0.04843320507792782
245611,0.02025484748626969
245615,0.1034231828853587
245617,0.015305106586244413
245627,0.07413691258746095
245659,0.038854098489827724
245661,0.15238114818076276
245681,0.03521117898275578
245687,0.06875952083665868
245697,0.10562845266521066
245708,0.039231948705627795
245713,0.037189784705853116
245717,0.01755087785171847
245720,0.029931811796229345
245721,0.12531673762981058
245724,0.049972424328962914
245728,0.07543551837039414
245738,0.04953024725429642
245746,0.04589734035675275
245747,0.0654135067114936
245748,0.08670561389932116
245766,0.022610959156609583
245767,0.13129575413172015
245784,0.03711822745871056
245792,0.09805109515903618
245802,0.2373236214181474
245804,0.023761681774071584
245815,0.020759785879339868
245820,0.049798533008888986
245830,0.03893382097525208
245834,0.0301732322113983
245836,0.03270205951060863
245844,0.1182939468735312
245853,0.022476807299996016
245862,0.03631773008295551
245863,0.11863766412713614
245882,0.13818780155368202
245892,0.028054375045970366
245906,0.08411014021955078
245913,0.029336255372274835
245926,0.013388865437942495
245932,0.0341749108643303
245933,0.009732430448941443
245934,0.04380201610798484
245939,0.13341329174658267
245948,0.10477730808561306
245955,0.048635374500615856
245957,0.013716389075303367
245967,0.07066967166619237
245979,0.03236326149786145
245980,0.04617658415183178
245989,0.020273333043126656
245992,0.04661076987452811
245994,0.06872697420923159
246006,0.06960228845634914
246010,0.021236767360923586
246017,0.11087934367089274
246041,0.028619914283194107
246045,0.03059159214364727
246053,0.0798352655346202
246057,0.04032914791726244
246059,0.03562471740818265
246061,0.08375884080362556
246079,0.012015550129700167
246082,0.02895413351794266
246089,0.08765710392122544
246091,0.02577515879101768
246102,0.02506965463649886
246127,0.23774235655686476
246134,0.032207774914607516
246135,0.07723923418653643
246138,0.2847155752899039
246143,0.04020706369588612
246146,0.12672012983878453
246148,0.029006769057044916
246152,0.18055569749126785
246155,0.07158356003861194
246164,0.0237558071113041
246171,0.11407789279097713
246185,0.016493870610918865
246192,0.16173603055278926
246200,0.1498551887572318
246208,0.022450095069423144
246210,0.03715956847422485
246213,0.07175945832165864
246214,0.09722674478902307
246229,0.023391901442045164
246242,0.014781061614936903
246250,0.11878922426297969
246258,0.007874857328938695
246267,0.3074828053762838
246273,0.0342401305556932
246287,0.024375371105147623
246289,0.04920573180596102
246290,0.13159289972221846
246302,0.027148312153977814
246303,0.03521038367252444
246304,0.03078019077005606
246312,0.0723427798684474
246319,0.3538504737792562
246321,0.054329370143594485
246335,0.0729704417381018
246337,0.05165011549855651
246348,0.015600736170648211
246358,0.03379694023267994
246362,0.14174370337161613
246369,0.015345716515176487
246374,0.03933228981791885
246382,0.11834716433127576
246384,0.05488610141754217
246386,0.3627045212874812
246390,0.10432395776826286
246396,0.017478981839221048
246400,0.07051027082028191
246401,0.03107068882082714
246405,0.04878956979175166
246415,0.11116489154756137
246416,0.058783830181359784
246418,0.09922038179444026
246422,0.007989714926813652
246423,0.01821827666903752
246426,0.10473099938600669
246429,0.12321614033147948
246432,0.08533327224970376
246444,0.08315971757123539
246448,0.08394873366595444
246455,0.20067846832891578
246469,0.06977704940569966
246482,0.01755516751871245
246488,0.018760204967982533
246489,0.15834172692095894
246491,0.023549136019376804
246502,0.019612063143409315
246516,0.046865392509869416
246524,0.1783913208861994
246525,0.04799384598992998
246543,0.16706779091842683
246550,0.15202679748967446
246554,0.05488958560289475
246558,0.004987931300584464
246559,0.11526440568158708
246560,0.09984179555544351
246561,0.022942754304832644
246562,0.021656932865831074
246564,0.03319938051561927
246585,0.284338668487631
246615,0.1072601804195342
246618,0.030633346059403044
246619,0.04079814715206566
246621,0.12459720514846831
246624,0.029735708551272156
246625,0.02071794858125786
246627,0.16625130447943268
246628,0.03678482648959834
246631,0.05742107768914616
246633,0.07846885722353046
246654,0.037353389557803485
246660,0.04022611525696043
246665,0.14192022211938335
246669,0.06335052939714177
246681,0.021882108852321173
246700,0.24448544949261747
246705,0.02123513959729354
246708,0.06995550361962935
246711,0.15609986661681646
246724,0.09953002990037821
246740,0.02214692701894783
246744,0.0698523234604016
246745,0.2985029013375979
246746,0.05068293876683665
246748,0.012225844829597418
246752,0.20356343753044404
246758,0.08562584062796799
246762,0.026973738392884788
246765,0.07058608867391575
246786,0.045561757722293
246798,0.024384991351061126
246807,0.03199617137210929
246816,0.13600120139459465
246820,0.02844636376833925
246833,0.030895919647746642
246835,0.1749597982794764
246836,0.08514753271619196
246845,0.060471220561883546
246849,0.04447315153659692
246857,0.11284293616839963
246861,0.02930909681366898
246871,0.02203403140661621
246872,0.14009884478482323
246877,0.02221805972335783
246879,0.006929005897908286
246894,0.30740226059533515
246896,0.02278782263364339
246905,0.03377305176898894
246907,0.08514894495626937
246928,0.010953821764028192
246935,0.013180582684945027
246939,0.045506879754529383
246947,0.026413095206159025
246951,0.029081361770975873
246956,0.034833853441718465
246972,0.09623436630065273
246979,0.058290374527760064
247003,0.022411122562034494
247005,0.1484207519490903
247006,0.09008767137951418
247008,0.01641268627172587
247014,0.10303060332209467
247027,0.020469629560753745
247032,0.10337031901743313
247036,0.12008407350802952
247080,0.06427621407857592
247083,0.04834756590780289
247086,0.0921904862620351
247092,0.042229498839971236
247098,0.05347407216218515
247103,0.17809409042558544
247105,0.03895225476359191
247108,0.0340991035802754
247118,0.10322883355846596
247123,0.04880874044509055
247129,0.09027778714362805
247139,0.06692350837198648
247147,0.05730887214192955
247153,0.09068645860325159
247157,0.041369786678911585
247179,0.02638293787041219
247190,0.06875032169816468
247213,0.05282309432303732
247220,0.04327132056203127
247234,0.008209673755600527
247260,0.020284085787451833
247265,0.10497283359382995
247269,0.3282370903602751
247272,0.028669265303870872
247277,0.03540272581337903
247278,0.20258213332765865
247280,0.03514312981453888
247290,0.044818328318163764
247296,0.028267384365180944
247314,0.07900019636131361
247316,0.11662591249642462
247328,0.09301955618997561
247332,0.030426066207631927
247336,0.1365337235373219
247340,0.12902328767356291
247342,0.07216113742673641
247347,0.034168965470759864
247350,0.06341346399278337
247351,0.02092863210445262
247353,0.10067028961118549
247354,0.03893775288427706
247360,0.017348437008320637
247371,0.059564403958829074
247378,0.021278806728704386
247394,0.12210654212313474
247402,0.03270378347681897
247406,0.058438925478523834
247409,0.039612557454355095
247446,0.04709210129174882
247453,0.019210592330263274
247455,0.09790951579618626
247463,0.012232410831838224
247484,0.020919719149551444
247485,0.07208233556950423
247492,0.10302563012116994
247497,0.12386688500576576
247510,0.03865646999176131
247521,0.05787926577433274
247527,0.08778376150299852
247534,0.139430862573254
247537,0.09479004666812715
247558,0.0578335226926343
247559,0.029906136896587582
247560,0.1102509750993088
247567,0.09559408956281693
247572,0.10978005474659924
247582,0.015457595199780622
247583,0.23639944600892498
247594,0.08023644985661912
247595,0.026919798678170154
247597,0.05668711954533267
247598,0.04897015239995185
247607,0.10430450668008773
247619,0.08127192561689851
247632,0.21498194941594645
247638,0.07913729286825989
247639,0.11000960332717377
247646,0.0910069546024431
247655,0.02132681811687514
247660,0.024066419471757618
247672,0.05846258423223232
247677,0.023004571423078192
247682,0.053033787172443204
247685,0.12110134928333281
247690,0.043503751473817666
247701,0.011351313251496792
247708,0.232676519135547
247715,0.07510731137368679
247734,0.04080530107728981
247758,0.034452532320245324
247761,0.03904516561763631
247763,0.03642727148749486
247766,0.03510788727405154
247774,0.031358013006688515
247775,0.08856893087534717
247779,0.03816309836643888
247781,0.047300558936268625
247783,0.08401697176411321
247785,0.041142131287165755
247787,0.02038306359729059
247793,0.0190622122494071
247798,0.046384112641882594
247802,0.0665979716169604
247805,0.04798207273778017
247814,0.010919646189791734
247816,0.07465586733882645
247834,0.037527917468730444
247836,0.02022542612177758
247844,0.12439773945465087
247849,0.1250894245440411
247852,0.0084123410753757
247859,0.0373597860609804
247861,0.16782894427102096
247867,0.023426384669515785
247868,0.024757233875317218
247883,0.05639778967987444
247890,0.014666761824934975
247892,0.3947182027967985
247896,0.01335437237805518
247897,0.021505608882873964
247902,0.17894565258067618
247904,0.02808951227420662
247909,0.027021225493444247
247910,0.02950821492636673
247911,0.07088117847069865
247929,0.03411489092623282
247930,0.011019996859582973
247935,0.02277242519742849
247942,0.1562952073388583
247950,0.04950730759346708
247951,0.08932808818119106
247972,0.056838133342394126
247989,0.047282028016842725
247993,0.10474602821529447
247995,0.1594988085740196
248012,0.029566135070883317
248018,0.03614269846934523
248019,0.112692001957717
248036,0.011928948196647648
248037,0.055650746793750455
248039,0.022087273758325032
248040,0.1928664746277905
248043,0.08850231609158804
248054,0.014398238769979591
248056,0.03290185593095786
248068,0.1932538769560373
248075,0.15981229690451648
248085,0.03062706074809349
248087,0.04457502513678779
248089,0.034266752864132034
248095,0.021001369622344602
248105,0.042098428221340856
248109,0.05899920439379919
248115,0.03082141818924225
248131,0.18248540217984274
248135,0.10958104444585011
248148,0.059965584187842466
248154,0.18794161604252496
248156,0.08041066509628654
248165,0.0924542103104428
248169,0.02464387089507565
248173,0.01561818053703547
248179,0.03764965963174384
248187,0.019358946989636534
248204,0.024402985764331364
248207,0.1437511400306917
248210,0.11307192279136724
248212,0.0670922470694075
248214,0.03879864322369199
248229,0.050445575998031914
248236,0.04089743644246157
248239,0.055239384363450356
248240,0.14977911667611568
248246,0.012847034882371242
248249,0.05176454098898372
248261,0.045615422422994774
248267,0.018352810490165204
248268,0.06854977826603893
248272,0.026977816475887123
248276,0.032729298558778236
248293,0.07156735699795554
248303,0.05054653070895449
248307,0.06440949427989902
248308,0.310570663111348
248327,0.09207742912983949
248330,0.02860396376474443
248345,0.04041459421221513
248355,0.018851523397899472
248364,0.15013909090421712
248368,0.2419619426964763
248373,0.08680505279754672
248375,0.12207866620109774
248378,0.03606210533111297
248390,0.024025969372531254
248394,0.05629247368166801
248405,0.0144174092316765
248409,0.07515072176712291
248411,0.033271115057264884
248415,0.053900795274342064
248416,0.01579840453414309
248419,0.15358499435680772
248421,0.023453348347618294
248422,0.030675155137511404
248424,0.02834288047064115
248427,0.07577729828500868
248429,0.31914630956438966
248435,0.012288606716045758
248452,0.06466615011362949
248461,0.06325981783707511
248467,0.025489926076638057
248472,0.047757629542223616
248473,0.032233408613697355
248476,0.03864289122518798
248488,0.2886679896917926
248489,0.10358144238249598
248505,0.02846346532700933
248509,0.10110856380619254
248510,0.13401353949145972
248512,0.020427036572328763
248524,0.23659192449057254
248526,0.10551257605794995
248528,0.02116567181505681
248533,0.011152138350733939
248546,0.022722697964423805
248568,0.032324416325353635
248570,0.038486113049778684
248579,0.06127084817649409
248583,0.04639274603553017
248585,0.016876981160235508
248586,0.05020661534528684
248596,0.011230915157456878
248597,0.14037698792659334
248601,0.013848958676268577
248605,0.054943379979765936
248613,0.01998657486595106
248618,0.029957647015128062
248622,0.04305070104358734
248626,0.007162004869722394
248627,0.019119396817358133
248628,0.027556704637697244
248635,0.02001958366244528
248636,0.03221290967518596
248644,0.037048897738931816
248667,0.1684177618198457
248675,0.06431542091593884
248677,0.062362513601546994
248693,0.13590125177345608
248694,0.07860008117113956
248699,0.00983144940995949
248706,0.17761898252709013
248726,0.09435634691653419
248728,0.028928599220273216
248731,0.07037454419464696
248736,0.3389886838600248
248738,0.29039689922814477
248739,0.02312242689132423
248744,0.1711832895451963
248745,0.08464495209275738
248756,0.020099058191514092
248760,0.09582989537193996
248767,0.20374608015778387
248770,0.039462825984793753
248772,0.09444470832326221
248773,0.04494728703025984
248785,0.016485224014501
248789,0.029930402544727078
248791,0.04311308651426171
248797,0.05651175626844816
248826,0.016458414509451916
248853,0.030723660133977208
248854,0.021994148191847224
248856,0.0869059051770901
248861,0.0382585403339437
248869,0.16247138474230738
248871,0.03850458605435231
248877,0.022854625550201117
248883,0.11654500032081247
248891,0.014284947338681811
248892,0.3764456205816226
248905,0.021383541826246875
248910,0.023816064533120414
248914,0.030902136401639874
248921,0.09718213059510203
248931,0.10789462459321515
248934,0.050028160594714356
248951,0.02753809047154841
248954,0.11311276978100598
248961,0.019412776247969797
248966,0.041597908289111994
248968,0.19032916232643723
248977,0.018167707773500442
248978,0.08426229956255846
248986,0.23333467381507333
249000,0.018471919340218534
249005,0.09017057631706506
249025,0.0065789848493207365
249040,0.07546521984559976
249045,0.0228376485217879
249056,0.0840636922035913
249057,0.011254961917041536
249075,0.0443074491291084
249084,0.06548088463897192
249089,0.07719287557938452
249095,0.23611679267615848
249101,0.09283091276149713
249113,0.01557670683706439
249116,0.01614140525902785
249118,0.10273248684430908
249137,0.16670090946622806
249140,0.027486244863545346
249149,0.12180870441316859
249151,0.027107143678024786
249154,0.04207156542444039
249155,0.047659865537345615
249171,0.026969839395542705
249173,0.38817698898687947
249190,0.03317790609563449
249191,0.021303684071383104
249197,0.08196968668306068
249205,0.20724343744199658
249212,0.13866571009014259
249228,0.0507630970398261
249235,0.13224186912017283
249266,0.03990638456065578
249269,0.020214182763100372
249277,0.06283269741553067
249298,0.02805540473036946
249305,0.09675970891477341
249310,0.025438455971680186
249313,0.13798427776303773
249320,0.1080668024397559
249321,0.00894499940836952
249332,0.016053696040961178
249333,0.04318091182322256
249339,0.06909740903881027
249343,0.31373154060406694
249345,0.03355545534124608
249347,0.06715355432749398
249348,0.036923109969629914
249358,0.006377832530679518
249370,0.3062490296951177
249382,0.17291071107966394
249397,0.01929703652442915
249398,0.08738635037446671
249400,0.04426997775406183
249403,0.3336045146782142
249412,0.19731390598682572
249421,0.0947871078388196
249422,0.04484699414976251
249426,0.06011959158443515
249445,0.023214845996230544
249460,0.03649577424353005
249465,0.009242942692674823
249467,0.012906467832930445
249481,0.10857104508067106
249495,0.043611411360675936
249496,0.07507226182626338
249505,0.03428192803882977
249507,0.02238430686936197
249523,0.058243443462927584
249528,0.04729898243361988
249532,0.06623906945964154
249534,0.07769458070811812
249540,0.01910536923746105
249542,0.08550019889590335
249557,0.02575933762621698
249559,0.3342274415290404
249578,0.01665050019054126
249581,0.014343352638158616
249588,0.08862944986241972
249595,0.06698110749581185
249603,0.1072042564275596
249615,0.02648696619749085
249630,0.0467684191754311
249636,0.03356728084134472
249640,0.04411421370446682
249648,0.016703308697950465
249657,0.023929213644603743
249661,0.01007313298972037
249664,0.030540796060829982
249668,0.11772894254556689
249677,0.08034118658166398
249681,0.10048017706298545
249687,0.07940100856312318
249688,0.06417081989476091
249695,0.33972632079099463
249703,0.026253595689695604
249705,0.07687661180216387
249718,0.15555702472179006
249719,0.10294157796592918
249720,0.05218849638689165
249726,0.010732879488602458
249728,0.06430825798835282
249742,0.04754247187568926
249764,0.07527869549583474
249768,0.04744725717407301
249770,0.11427742580264708
249774,0.026203939732407543
249779,0.05315249496730279
249783,0.044661562750653486
249801,0.38262911794800525
249808,0.04261311041018265
249818,0.011503806664484653
249820,0.18946736923654156
249832,0.2632484588761129
249839,0.01655789963348116
249843,0.0815535180960466
249845,0.030162557919410377
249847,0.05132652808525468
249878,0.24674269685828681
249883,0.03728737016038848
249895,0.09473089278930161
249898,0.0835446247078159
249906,0.1570903493319682
249909,0.013827540506710267
249913,0.06646685596813301
249920,0.18627507550430006
249921,0.008311813628180311
249928,0.22824862169754256
249941,0.02487063128921623
249951,0.012743944329815269
249955,0.06319807746188043
250020,0.031818966415309194
250022,0.034554171029251166
250026,0.05520868267373842
250038,0.06924298749144747
250045,0.14452481987055016
250048,0.0869822978371982
250049,0.0440819665790667
250051,0.03202089670992213
250056,0.09097488530663794
250073,0.031171956107190056
250085,0.013169472562910699
250088,0.11004184326689744
250091,0.07624655576737643
250092,0.26209129803403425
250093,0.017131651576366844
250095,0.0333990546099349
250098,0.10244341019586604
250105,0.030302363486489195
250114,0.4274061334842032
250127,0.10084900416328842
250134,0.15506964487426064
250137,0.009231226089542424
250153,0.09192240736844665
250156,0.03926202278627279
250176,0.05431457674915423
250188,0.055284462208451055
250189,0.05855816894058739
250211,0.09680438983833059
250212,0.14934738125000396
250217,0.011115051487108191
250226,0.05020513353216385
250236,0.6087207802716447
250237,0.06735701750946486
250246,0.03687397759188213
250270,0.12729042097124432
250276,0.05257299967157593
250299,0.07644578255537461
250311,0.006539774624535817
250312,0.08831511694636084
250319,0.029360002981017402
250324,0.025783131120875137
250331,0.02591673786604938
250340,0.04437232229399109
250347,0.00910747345495789
250354,0.032543673200181075
250358,0.05332773041905653
250359,0.016613488789017014
250361,0.28019487255413167
250363,0.030531946116341975
250371,0.17958224106780202
250377,0.05271089804097175
250381,0.04948141634684007
250391,0.022569252465589877
250415,0.05697953710051123
250416,0.04868945493035041
250430,0.2237070841529316
250431,0.050553892179325294
250438,0.041127222023783536
250444,0.13651756904852852
250453,0.10878331072747902
250458,0.04879035609407586
250462,0.3198073670220661
250469,0.01767137676230672
250473,0.023210297852796033
250481,0.13041945284814088
250498,0.29554381827576853
250502,0.15543315712543904
250508,0.0640715534216559
250514,0.026570091576976426
250521,0.03051887648787724
250522,0.35867247503865896
250530,0.0145978871145232
250531,0.009731356548769098
250533,0.016628727796493145
250539,0.06541131190630507
250541,0.057100038176417414
250545,0.23810604443629868
250557,0.18562277670679084
250576,0.05137234527244247
250579,0.01488537925403726
250585,0.4975922824664023
250586,0.03435589067927595
250591,0.14734922275365314
250592,0.020316108764740656
250596,0.017083671007653206
250616,0.017113489256732728
250617,0.032797965706315074
250632,0.14921752154754186
250636,0.05708614811684129
250640,0.09180555427576047
250657,0.07249208739166105
250658,0.1293986345295708
250661,0.06251775337274136
250684,0.1124023200064991
250685,0.04664821797512436
250691,0.11961083685409726
250692,0.04047429583204792
250712,0.009834718239631227
250713,0.008304740330794334
250719,0.07346313458041237
250737,0.10156552999309283
250749,0.01711783409456442
250772,0.01672050453321745
250773,0.25709551700023453
250774,0.0444104776445982
250781,0.0928939560124154
250783,0.0194030204047183
250810,0.0808889539493917
250814,0.029594125353071193
250819,0.02922853877330546
250831,0.021875364660632893
250855,0.023553878374832814
250867,0.10653053785595049
250878,0.028666684675753996
250887,0.009835677652655783
250889,0.030829825795740368
250890,0.038489461646643706
250900,0.1920225826833703
250904,0.07067487938256177
250909,0.0560322452727341
250913,0.053038357281199086
250914,0.020542794227312172
250915,0.1060769074889319
250918,0.07926238518212947
250922,0.18603198717027458
250925,0.06207743810890013
250939,0.06656095665588924
250949,0.012785095671258628
250956,0.04743920703955292
250961,0.056129158729007395
250963,0.1168356784745978
250965,0.12781469442164753
250968,0.023778662931878698
250970,0.031241225679013794
250981,0.06821322260018228
250990,0.020076563120559512
251001,0.11484016535226196
251002,0.022212663956142083
251011,0.24312259626795862
251013,0.025225483978997473
251021,0.01868322988946207
251022,0.014189668894231155
251029,0.02083216141564177
251046,0.014337027725704667
251047,0.031122842631084835
251058,0.017080588710918363
251063,0.07384963265326176
251064,0.04839977777779861
251073,0.1618348152218935
251083,0.052294864822626366
251085,0.10116518794441547
251091,0.11620474274121398
251096,0.053561762384717354
251105,0.3800127598808578
251115,0.10254663780745824
251123,0.01707363575628111
251133,0.09556141381348741
251152,0.029182612529262866
251165,0.07564931245240852
251180,0.07376543685192552
251196,0.17593052372592247
251197,0.20332094788467042
251214,0.015700744890382035
251215,0.33455256522947996
251217,0.05994282278104623
251219,0.029829532481530564
251233,0.019923854816248306
251234,0.1811064296097194
251245,0.030735518867264798
251248,0.2441947612303444
251255,0.013685578583632384
251267,0.008727517634147374
251272,0.050703670734229586
251276,0.027368102942518787
251288,0.07236169630824914
251297,0.025796706293852004
251298,0.14699741326150162
251300,0.06212010988703476
251301,0.0301200830180918
251302,0.10265865125362242
251303,0.12645985639459717
251311,0.04214575285048244
251314,0.05203912948451198
251322,0.01473399202027408
251324,0.05848621235238312
251333,0.11616408030570066
251336,0.11707826645778362
251341,0.025271518787729135
251346,0.03288649775238845
251370,0.044451432199922286
251378,0.023393220073303665
251396,0.062080057294229996
251401,0.04889905908618985
251413,0.019624477657833837
251422,0.020297395801042502
251423,0.03947584512404445
251434,0.12710260805135865
251436,0.07152058815490875
251443,0.0648469172212349
251445,0.06882176888879485
251455,0.028692820196927978
251465,0.06715319798403245
251470,0.030942665591708957
251475,0.38499114180630767
251488,0.07152353401814243
251498,0.045645683928614345
251504,0.06306781634452673
251506,0.16503668061779417
251530,0.14710000494944633
251534,0.10087753840200803
251538,0.14858773937630282
251543,0.030426013823887488
251557,0.08069815210728479
251558,0.09898044292794059
251567,0.015202993088676288
251575,0.05168453190395586
251579,0.06008772809779566
251598,0.15084589783187172
251599,0.04363728131892379
251606,0.020054338485579713
251608,0.03836441423170512
251620,0.0882903598154144
251624,0.028360594835362646
251629,0.033343559060286174
251631,0.039204339237751254
251654,0.18808547973778433
251671,0.03131974311931823
251677,0.02762210542532305
251682,0.037153712002246556
251684,0.07489061656395411
251689,0.08090029540847725
251700,0.12371021612078491
251716,0.028250474364454558
251719,0.09661727471481685
251727,0.051552265169791764
251731,0.18722113903693016
251732,0.02678841270722728
251737,0.03145364876039631
251744,0.03735341223731126
251750,0.05619946514525675
251754,0.17916632807008245
251759,0.011506804443463537
251761,0.24544636105022918
251762,0.08930050561357113
251765,0.026486171897515842
251768,0.03459749369898574
251770,0.02186475050850103
251777,0.029796027911877507
251786,0.013790673005541586
251795,0.09661100654752997
251805,0.04408335823381064
251833,0.09621498094887104
251839,0.015948778822061353
251848,0.35109791929539214
251851,0.030576230623714076
251893,0.016082472035821787
251909,0.02139302104116203
251918,0.05947095518275927
251920,0.06450389738624804
251922,0.26776689653964364
251923,0.3347067473794353
251926,0.1040523294353335
251933,0.019864681176332534
251938,0.05888934699506636
251948,0.07305862150665353
251955,0.06699439949763508
251956,0.08686434118326185
251957,0.014991083886912721
251964,0.06321720243866147
251965,0.06365494835748116
251966,0.025531941448291857
251972,0.026915321233075676
251980,0.025697570924854383
252003,0.022691898785553354
252016,0.05307573630550949
252028,0.06524497382246544
252032,0.02325725886165251
252046,0.015357255889747606
252054,0.007955118631740825
252060,0.07559998504584294
252073,0.02657554279921306
252088,0.022871410677848678
252092,0.01085478116887078
252096,0.26826406826380983
252113,0.031151158847546337
252115,0.010199647200142919
252121,0.01033674141332988
252133,0.07893900540285834
252135,0.02961803314133864
252145,0.08647975040892864
252151,0.009695629339434787
252167,0.04209880879096059
252169,0.15130407685556638
252175,0.16708715456666226
252189,0.11438059126764677
252190,0.1777591035702223
252191,0.14869699860081087
252198,0.10902275937382891
252212,0.07626433630641068
252223,0.035914311968216324
252224,0.08082595885112681
252228,0.22372844349393126
252253,0.011254686444382137
252257,0.1817076037686834
252261,0.0863720970565903
252265,0.09058114591318844
252272,0.13414231571377613
252273,0.13420727447646433
252286,0.3773833493976505
252312,0.011103049255675259
252322,0.0631462546605599
252326,0.14675331190033394
252332,0.07366709073686031
252345,0.057453461422869584
252348,0.04624009601538914
252354,0.04765714108682712
252358,0.08621732486927088
252364,0.07795876997901977
252366,0.3340141373304542
252369,0.09819766400974889
252374,0.08870433550778743
252382,0.05110259380004076
252417,0.23248336963262192
252425,0.2230522165150429
252426,0.046997572102454505
252429,0.0372075919323199
252434,0.38194591998991556
252447,0.028651651300804062
252450,0.029370119071919547
252452,0.17312334824505632
252460,0.032449174416894246
252463,0.05931908947876416
252465,0.04116858240865644
252492,0.1634134321364034
252493,0.13932842041198484
252518,0.07281638959566494
252522,0.11319238490042595
252524,0.03876721655394033
252531,0.03289588910071529
252533,0.13973439628107942
252540,0.08287623390466181
252543,0.04197137734557094
252544,0.07963417158612035
252555,0.037929105026411475
252558,0.09371956374865478
252562,0.03133704335627679
252565,0.2633180885739222
252568,0.007684510259603152
252569,0.024326331495769456
252573,0.04059509633466743
252582,0.0205714078606707
252596,0.04590999572653375
252599,0.034012394640319674
252603,0.04009371787750834
252606,0.032864190631562026
252630,0.021110336351592745
252636,0.020623510793666408
252651,0.03770617659723612
252653,0.0077307157145044565
252679,0.26999499371068963
252682,0.1150245178577849
252687,0.1706233797371149
252713,0.0153809236105442
252715,0.009088490020233264
252721,0.16618496939242963
252726,0.03015979912834106
252746,0.03240733552001993
252754,0.0077771591296444936
252760,0.042852425211350874
252762,0.43091377395701513
252763,0.03856836696539139
252764,0.1250714258865185
252768,0.02464472110877876
252773,0.03799640673417949
252774,0.0569042065426419
252782,0.11406589520277702
252784,0.03286393254240813
252797,0.059035251057096595
252798,0.03135251260986939
252809,0.09444576477225665
252819,0.025098230684326178
252840,0.028073169122029076
252862,0.010659282066882608
252863,0.15528048402338157
252865,0.06406709589729925
252870,0.07059563424725296
252880,0.12280311534326359
252881,0.05023285066224985
252888,0.14777370248953065
252889,0.05654875719490326
252894,0.05281570186329358
252899,0.038003121983387275
252911,0.015299087732468911
252918,0.005470937193826587
252926,0.01519688083579043
252929,0.07125370874430478
252932,0.16521896848653783
252939,0.044848302027577
252940,0.039043439363645675
252970,0.008960969986367744
252971,0.029989913554721234
252980,0.08989927660814996
252981,0.04222912006784819
252986,0.028615067196661167
252990,0.016863167215079918
253004,0.04808691635837026
253011,0.02519832239443469
253015,0.01661418268593656
253022,0.01992091756709169
253032,0.02390597476046724
253044,0.43431396632650743
253056,0.024109019281300118
253065,0.05930958406634389
253066,0.03274559587081241
253067,0.022253923704765845
253079,0.018464559066268687
253088,0.03906636420108994
253098,0.07329711666360868
253099,0.13548435081099508
253112,0.04144532354277533
253113,0.08694500415342998
253133,0.08556951485653433
253149,0.024171274176797305
253151,0.041157324436992944
253153,0.0504309382767401
253160,0.03094802976561345
253164,0.028589872479973633
253169,0.12215210109917672
253177,0.014547615954560496
253183,0.14238312994063196
253198,0.12433722161090588
253206,0.07819072389939033
253214,0.1159608597329264
253218,0.04024964413345523
253224,0.02068559233654531
253227,0.013711563763126454
253231,0.020116212272153454
253247,0.03700623831692191
253251,0.047425520064984676
253262,0.06063011222588696
253264,0.13638468390602965
253265,0.07964540246080443
253273,0.06288503318394231
253275,0.03374032199611088
253278,0.012714212005384884
253284,0.10013830267470075
253298,0.04884565773282634
253313,0.12537877944917677
253317,0.022478557460276872
253322,0.1057262218631709
253326,0.06323371838780424
253332,0.26225302066085493
253338,0.03191837257567125
253339,0.011134893643630694
253346,0.006480215206165623
253348,0.20726242616596285
253350,0.03405611931503352
253357,0.09396854054653597
253363,0.09163899805392081
253365,0.007888117884952589
253369,0.03574279195657207
253373,0.1694858915893704
253378,0.026418715682434816
253383,0.14273420297715617
253392,0.02573450311926099
253395,0.04126755624907229
253398,0.01914952481779277
253410,0.13961413158753017
253419,0.013575294126257933
253420,0.09024027329738446
253421,0.16007737534238156
253441,0.13395698363056735
253442,0.01748204834972736
253446,0.031097354761716083
253447,0.09480550310536323
253465,0.058127667202230573
253488,0.10925860738280688
253492,0.03841201477848821
253499,0.40892804013843104
253500,0.1351730041529237
253501,0.07532987820533865
253509,0.01824771819609594
253521,0.024888880564348122
253534,0.02464493841248034
253544,0.04618456990294132
253555,0.053479924069332864
253557,0.04450199443775137
253559,0.01243830873003266
253583,0.151483318387483
253587,0.031237918301678172
253589,0.04771694863961767
253591,0.040528749555562536
253596,0.025102895153629852
253600,0.01620684781158
253605,0.021353876436635374
253620,0.050913387155593876
253628,0.02070424479117851
253631,0.16091443875371034
253634,0.028403841432713198
253639,0.031933949676118546
253641,0.1406921435411143
253661,0.042429197751813384
253672,0.06501043869231085
253679,0.02711590082453149
253683,0.04142343579418664
253696,0.019190931313978987
253706,0.03191054230925547
253708,0.036033118539164535
253712,0.029278787760597908
253717,0.021965733946030106
253720,0.07292383951936882
253731,0.10820499080981079
253734,0.08856011931069926
253743,0.05537274626282941
253744,0.052126249519064125
253748,0.030504078430047283
253754,0.05646697502012962
253761,0.04165124773609015
253787,0.0761338390671151
253788,0.058593278035156966
253796,0.16942983904284745
253826,0.14996384713444866
253829,0.11601750293246027
253837,0.0993874362417459
253841,0.10129776183522324
253843,0.03370548268506171
253844,0.08239995321547752
253845,0.03468920402541159
253849,0.15677839094512838
253854,0.018546987751230815
253861,0.017914219248035095
253863,0.022662480256751473
253875,0.07572764859772319
253891,0.05960792727255035
253894,0.08763219754967902
253895,0.4066982059332873
253918,0.12165053499653232
253930,0.017123946272244357
253939,0.06862513958041709
253940,0.07029094735321749
253945,0.12786217223667606
253950,0.0091758162898678
253951,0.008265861931530703
253964,0.15040929221283467
253967,0.05361228664435148
253975,0.45059544978687294
253986,0.03387996359184769
253998,0.4234507442721963
254017,0.10556318764060016
254025,0.12117327374244802
254026,0.021031849394986583
254031,0.05584106432429665
254035,0.03009018733603797
254040,0.12323289339494758
254042,0.0631644898593195
254047,0.05282039437165156
254051,0.24023583129402676
254056,0.047729421067178014
254060,0.053248307608525475
254068,0.03124286831338943
254073,0.13215247661495558
254088,0.03033875590654417
254100,0.03780258450490289
254110,0.1734724499364552
254115,0.021508152567687327
254116,0.2792207773137332
254125,0.04310056072558306
254130,0.02969599579612274
254135,0.09985797533464108
254149,0.05406063216113268
254161,0.04871523066161497
254167,0.0637326936536533
254176,0.07654648399837756
254205,0.014440520887407455
254226,0.03063419568701895
254228,0.1289983910935484
254238,0.01293585507073951
254242,0.12250400006225792
254257,0.3168372352604547
254261,0.04626936180317106
254280,0.0717375576865888
254295,0.03203659713837981
254316,0.1144585953964599
254325,0.30036835443618637
254326,0.06604577159276764
254327,0.0246834493144182
254335,0.05088082121183806
254342,0.10244605615693711
254347,0.07317127883089075
254355,0.1400203447683726
254358,0.044256528559819125
254359,0.026292965650065354
254368,0.04911151678163864
254376,0.050556527649390656
254382,0.09008825978606277
254383,0.132554959573887
254390,0.04074402298938158
254392,0.07370917456753728
254394,0.0163492014435507
254400,0.005950937939365877
254406,0.038160002309194946
254411,0.020137559884583545
254421,0.047480551367552026
254435,0.10844628168547125
254437,0.02684160094607123
254440,0.015484028810580827
254460,0.10706297566866048
254470,0.023928312658103086
254471,0.08850155621331848
254472,0.014063260496750624
254483,0.21547217906186478
254493,0.028406153717764948
254513,0.013086979239908116
254518,0.17155579435808294
254520,0.09905455113156326
254534,0.06694401220401322
254537,0.0869780554498145
254562,0.034395852323487915
254567,0.023313965846516356
254577,0.05607085975732128
254578,0.13642737112941553
254580,0.14602958172342628
254586,0.033197694367693334
254591,0.07846131154617128
254593,0.014024197530584065
254597,0.345739141679169
254599,0.018313778855996343
254613,0.032025794323512144
254629,0.09773638896308337
254631,0.05808109359350555
254633,0.059599298934989796
254639,0.06266266279601776
254642,0.034260513079640294
254650,0.07777877481259274
254659,0.036042890706367195
254662,0.05285207490836878
254671,0.0793436759413432
254672,0.02941877590926185
254674,0.21054291214419393
254676,0.32191593509643107
254679,0.012171009781011578
254701,0.03104598334757111
254722,0.012350547062591671
254728,0.01868212429513984
254742,0.04546634071350293
254748,0.06471743524147118
254750,0.01990498886165737
254751,0.028775513511128604
254753,0.11240389447335772
254773,0.13615312411566047
254783,0.02502783347899727
254805,0.05263833407313109
254806,0.08993024947886244
254810,0.04291727962997592
254817,0.04463822286328842
254820,0.02852360002206447
254829,0.08796102107015968
254835,0.019274524119841967
254837,0.09189007687374678
254843,0.0412974212494957
254850,0.041803916755396686
254858,0.04929861462257147
254861,0.0367978540354992
254884,0.02202417437760066
254885,0.13374736136059837
254890,0.024864532515180934
254910,0.19203396735810413
254916,0.030013371993303346
254917,0.018526267164968004
254920,0.011953550581761225
254926,0.03260288561889432
254928,0.058587128288459224
254930,0.10887427873716685
254937,0.1300070675353941
254940,0.01438965688967695
254953,0.11659928244359923
254956,0.012033552178252907
254969,0.0475730090993797
254982,0.03853743313511643
254988,0.08184996554038805
254998,0.0360308490382661
255013,0.1034138951866873
255017,0.02344278708165614
255018,0.049253660283790635
255029,0.045774294724235345
255033,0.48673042961950297
255035,0.07717683839030272
255061,0.20870322522820714
255067,0.01630709991177049
255068,0.02860912416348621
255070,0.130367396810227
255084,0.03224239930473187
255096,0.09774012833498177
255106,0.009589518852798323
255114,0.053242519287389135
255117,0.021197492492707002
255135,0.08430010759255394
255142,0.08881654317329978
255143,0.04416259593901663
255146,0.08301637875186613
255155,0.028908818209954102
255156,0.09519751841442552
255158,0.027489917035748865
255167,0.03259693830196651
255172,0.015606417574930167
255199,0.011957930568902597
255204,0.022669568469687047
255206,0.08115012204239044
255210,0.07813618696985139
255226,0.047148300497950296
255230,0.044492698882181304
255253,0.04551316754177163
255259,0.02743490434099259
255260,0.04153312478398663
255278,0.08745985595098461
255288,0.03076896875300573
255312,0.0384270958414848
255317,0.03411848261674192
255319,0.05706404902284918
255320,0.10073626113293949
255322,0.02925497127926021
255332,0.2627687489210357
255337,0.042645021092982696
255344,0.011432178788875556
255347,0.07248627887236322
255348,0.015671151697575422
255351,0.0515158174780843
255366,0.106190794918256
255371,0.01436038066553244
255372,0.014610289449625233
255373,0.1986136734268959
255377,0.11307456640066749
255378,0.05140578852917286
255405,0.10352022266042085
255408,0.08967718437684796
255425,0.10191947120000205
255434,0.11295482799217596
255441,0.03854008216107408
255442,0.13532054319720357
255451,0.17130059029580497
255486,0.01976391518753159
255490,0.3703127644794769
255493,0.025969495914816492
255501,0.06987716029399739
255503,0.017177750266005643
255515,0.05876520183173478
255522,0.08232591933715394
255526,0.041658727500803155
255538,0.10933188695699071
255541,0.056659089796635496
255546,0.09618261288599152
255549,0.00858971832414655
255557,0.030528834600822206
255564,0.10379065519935185
255568,0.028566360497408717
255572,0.05339606558849083
255581,0.05452982503150651
255585,0.011224076693986826
255586,0.14774448748469357
255596,0.14736865643389782
255598,0.03806153049088472
255600,0.08139249591143406
255619,0.05662944428636045
255620,0.011471388886255672
255623,0.04116237796722848
255631,0.06362150754705224
255632,0.16309618875095994
255633,0.09097535597764177
255646,0.04649175105663404
255647,0.031794769393204005
255649,0.032819268915349656
255659,0.07193953956010338
255666,0.009223228035038507
255669,0.06261828730129874
255674,0.03351507467978777
255675,0.02502101647376197
255678,0.09427890225177227
255682,0.2520474652954235
255690,0.14470311970694882
255691,0.014540494275282114
255694,0.1813761995719902
255706,0.018553113388869693
255717,0.05610836578420793
255720,0.01878126774517891
255723,0.06195168717117644
255724,0.11718203505052967
255729,0.010668563992801859
255731,0.08606433915984286
255733,0.01603993211809365
255734,0.10203660630541
255738,0.06645318009939488
255760,0.013361080257864272
255766,0.022019339657198444
255770,0.05440494457314557
255772,0.009834791294050666
255775,0.04599409986726681
255776,0.02096551677131344
255786,0.01889350483212576
255795,0.02256575516096747
255797,0.14436198608408635
255810,0.03577275232578866
255813,0.02275653930361803
255829,0.04078250710781649
255830,0.020557860182127553
255832,0.025507417345952764
255847,0.04481702741608721
255853,0.10670889474198172
255876,0.04506189144179533
255881,0.011460029892201651
255883,0.018209951700801395
255891,0.05829047505416323
255899,0.044357650437695934
255900,0.09608582983726216
255906,0.08784849424235701
255907,0.13946312045899215
255911,0.10255478507164334
255921,0.027236874086631606
255925,0.14670434535470037
255930,0.1281038588173509
255941,0.007725927417424842
255948,0.026516353247928084
255969,0.17018954129941238
255973,0.17215449113810116
255974,0.05480457964980512
255976,0.06428436822801778
255977,0.04166830816110624
255978,0.0134107356087165
255981,0.059063372694020344
255988,0.05750067906306992
255990,0.024537628952180923
255992,0.12181145133058102
255998,0.011816816588851564
256015,0.07539633276990892
256016,0.034064571740431954
256036,0.06400925060379997
256045,0.04892235610776656
256050,0.07231569093015071
256066,0.3435246193379241
256076,0.07964769749861161
256080,0.02117175481551254
256083,0.11971793924477511
256086,0.05121686484623949
256103,0.03725584409997675
256108,0.015306575185452375
256114,0.0361970466767419
256115,0.13827796528247613
256139,0.057915087504804605
256141,0.028178063880043125
256146,0.021165035263620128
256150,0.03776755475864985
256177,0.062832872297486
256179,0.021851819868265017
256194,0.0905204700242748
256195,0.11150134488223484
256200,0.13289814227000624
256204,0.03498353646807119
256205,0.1665302164892219
256213,0.056818432292731084
256222,0.03564454439512494
256224,0.03461985262464245
256235,0.08730338057409476
256264,0.00910124966872123
256268,0.05234806407551745
256276,0.08398116013060457
256277,0.02982536821624992
256282,0.0158170735322177
256285,0.011711683819415782
256293,0.020222892231576785
256294,0.03830344707790227
256296,0.10226253908657872
256297,0.015273719173655926
256315,0.03756649359099152
256317,0.026509817945441362
256334,0.24691766190553066
256339,0.038631406184027134
256342,0.36103865445996774
256345,0.08814032997650109
256348,0.10648880177119333
256350,0.1237841349429731
256351,0.045855627946483915
256357,0.07523520321996768
256375,0.18785080676498694
256377,0.06382339069696094
256379,0.0414004444332707
256392,0.008170519024895358
256398,0.015428467050438717
256419,0.04728368144792036
256422,0.010806233252227052
256424,0.013845276626874434
256431,0.02151088664465901
256432,0.0231257779869372
256438,0.13721084878562198
256459,0.015054296008382474
256460,0.3666710192845689
256506,0.235013558520073
256507,0.027956658884262783
256511,0.028844713957569424
256513,0.11683033396859704
256519,0.034005008213689875
256533,0.04024276106283911
256539,0.06193910648603988
256590,0.039003212299763536
256606,0.21607990623000406
256614,0.15856968095569424
256642,0.09542667649638639
256644,0.008082767316887611
256653,0.09182083096532781
256663,0.013315207707754285
256666,0.06919075228175442
256669,0.03706626772522182
256678,0.032049644175343485
256685,0.08292285269776814
256705,0.018944470877030238
256708,0.057388123699023005
256713,0.050025071400152984
256715,0.05488141290521294
256718,0.06647076957829273
256745,0.09444561644698624
256752,0.020021603086615904
256753,0.0705924631573869
256754,0.04098229077366089
256763,0.014635808253453071
256772,0.06484703523433673
256773,0.1689412930419616
256774,0.25736051295255213
256776,0.32288406488267474
256783,0.1513850891769586
256790,0.038270195777903804
256801,0.21098441593113731
256802,0.28756757201961347
256803,0.09622498206059552
256808,0.015249835204242607
256809,0.08128931772725138
256810,0.10466876400449324
256818,0.05509697608542419
256824,0.015595116092809037
256825,0.033000559071394195
256826,0.016941513873730142
256829,0.03365653124483138
256834,0.0655986495564418
256843,0.2829631728931533
256866,0.20999147805576285
256875,0.0260570355474687
256876,0.03546398056866828
256887,0.03814265901059949
256888,0.03519985764943341
256894,0.04352486032373512
256909,0.02737979965289398
256918,0.19739034337374733
256927,0.08443198114789346
256931,0.021246592978399023
256933,0.10576052161840599
256937,0.16106911895359333
256950,0.07991570131720255
256955,0.019115587126930754
256962,0.05970855245525593
256972,0.023077471259843933
256985,0.058171585037917826
256987,0.15062722014927682
256993,0.013468456911112344
257000,0.11709034399017448
257017,0.01778525786586113
257019,0.055977664505719435
257020,0.20424979253103356
257022,0.04155009441404644
257023,0.05866257535418319
257025,0.09669400114868047
257050,0.06797905333099485
257056,0.012318124689212936
257060,0.09422873411659989
257064,0.03261075544000826
257066,0.015347745232319555
257071,0.060935917144597763
257073,0.020937197467544813
257076,0.010580281252196918
257084,0.06882486777620962
257088,0.0996048964667284
257102,0.08100645667789698
257118,0.0415132845828111
257119,0.09108591337137445
257120,0.03193143150275885
257131,0.07065076442664235
257145,0.13453656113813048
257150,0.0668416382582074
257154,0.18396483247467177
257169,0.06695955546588156
257192,0.12629537872191993
257200,0.0285006410052316
257204,0.024265310642207376
257205,0.1137399440074092
257213,0.03888265566542975
257216,0.038816760007051296
257219,0.0307499338783396
257232,0.07760352214776747
257234,0.03809507536571359
257244,0.1471763953073275
257251,0.023237649823392797
257255,0.04111525139296976
257260,0.01747805847023902
257263,0.24319972218874675
257267,0.05264945878339277
257277,0.03363186443381469
257293,0.027870105524426286
257294,0.04392575475349858
257304,0.012057738125655687
257307,0.010779667010332925
257312,0.03606070345984076
257324,0.15314094688604565
257325,0.05841179946657049
257326,0.060047615381014934
257353,0.036708599732017996
257354,0.016713032527527257
257369,0.0420600214768741
257372,0.03363863581825067
257375,0.03695224212819688
257388,0.0699447300196774
257393,0.01646531031199106
257395,0.017472262827995657
257399,0.06329647355443893
257406,0.03308548556458263
257409,0.04203701621608569
257437,0.06790671517001737
257441,0.028437172775055815
257442,0.0955983978499236
257473,0.020128767009209972
257476,0.03420377627979811
257477,0.25100436153545835
257483,0.19298515883890344
257500,0.10499584700896335
257506,0.11192809314886017
257508,0.026755509914450176
257511,0.20297259067368204
257514,0.01599195227864125
257527,0.16911312250787663
257528,0.17746349963719793
257545,0.06203920329332119
257546,0.051428205394637806
257548,0.029706969362400443
257551,0.02122704809572922
257564,0.09162840164937054
257565,0.07160769269041936
257567,0.08906495354808959
257572,0.02899468953631968
257575,0.1695383481637549
257577,0.32757766952868117
257578,0.01828864874344863
257585,0.013609425629871197
257589,0.23951627911114795
257590,0.06900679433922846
257594,0.014854182222209996
257596,0.0166352140890107
257614,0.17994781959435946
257618,0.12599832548639966
257624,0.17123170852984865
257632,0.015522126072464174
257638,0.031254740158154735
257644,0.1322054574029705
257650,0.08655655936106879
257653,0.058259757689153625
257660,0.1836874577542409
257663,0.05216727171762366
257665,0.09833128518943288
257677,0.15654181286381286
257678,0.03370620870304408
257690,0.11884345118039424
257700,0.04464185043927629
257711,0.07528990893600977
257712,0.1303736832344961
257715,0.048537321532097256
257718,0.0071536137199504895
257720,0.08032088060900927
257740,0.16475810275429817
257748,0.06529362194162928
257765,0.06510312455093978
257768,0.10341301212193753
257777,0.023561734366555454
257778,0.03881229590620739
257785,0.10751290805387163
257789,0.08410499680641816
257794,0.08791698113809349
257796,0.03374801596957466
257821,0.017136641500682368
257823,0.2397813308414193
257832,0.03977918762811357
257844,0.29429539886369815
257848,0.10787081688705664
257854,0.02943763707158151
257861,0.19931895451944037
257872,0.022574722236886283
257875,0.04961645147725749
257876,0.05376859853051432
257883,0.010831849602597803
257888,0.014563917129066033
257895,0.07798747698999113
257900,0.03123527227417002
257906,0.011920132514047128
257907,0.15819802232249083
257920,0.16954053129946395
257921,0.10348826871108693
257926,0.029678829972003398
257932,0.020924115790115272
257940,0.0109923510769574
257947,0.11733118394276262
257953,0.15531008171376956
257958,0.008997146711189608
257967,0.16473189915669315
257977,0.034564226421435626
257986,0.046564734035817144
258012,0.1313469442200038
258013,0.061325568277274825
258031,0.03332360426308794
258034,0.021746795280835306
258037,0.1959256844893768
258051,0.15009239102793323
258056,0.02025326301747008
258058,0.0765180467152826
258066,0.06914961887675776
258074,0.03268552771339206
258077,0.013170935814168717
258090,0.06383046262607052
258109,0.02715786741726243
258114,0.028937420026079023
258124,0.034862546692297075
258127,0.10763066014120674
258141,0.013763980872121856
258148,0.05390836299467723
258151,0.12430027373979644
258163,0.06147644616740019
258166,0.026402968636403852
258169,0.021461906378986664
258179,0.11304534729157752
258190,0.12006152802480152
258193,0.027870456788619772
258207,0.3540587097280714
258220,0.039707183115930744
258222,0.04272678217764081
258223,0.02964306909558336
258225,0.007850028417800529
258227,0.011645747648101532
258231,0.07919762826625486
258233,0.222940233406359
258249,0.007759353185149823
258255,0.025357391170963646
258259,0.03236079030856022
258276,0.05504792893833502
258281,0.4812867335826783
258302,0.030364368926789335
258305,0.11361016171224156
258310,0.07873635125857334
258334,0.11306762240464899
258335,0.05809089084303382
258338,0.01984773463957812
258345,0.017325666387590217
258360,0.01541410280105823
258363,0.07308596169519105
258381,0.11115614131343371
258384,0.06336400242968127
258387,0.03961247593455506
258400,0.07819388817783424
258402,0.026677566984618165
258406,0.1985330616010934
258408,0.27923872999662963
258432,0.011956329416618623
258443,0.00895483209196327
258461,0.01346725780664496
258488,0.06980780189439426
258489,0.06342009681370737
258508,0.10474586201738229
258524,0.013720906259820033
258527,0.02040669212514543
258545,0.013899324284012858
258549,0.10281532311970354
258560,0.21207214633481003
258565,0.04646396519224752
258567,0.024114169362721656
258575,0.06627484973086618
258590,0.012957034219994518
258591,0.04877639019253347
258592,0.05138250419410964
258603,0.08836232166687759
258606,0.04450926495712487
258610,0.060346379069567
258627,0.03827032449775445
258631,0.009251215889394569
258637,0.07732569435702857
258638,0.0848467315919332
258640,0.09137710970166091
258645,0.010762329724315518
258651,0.04935827017430387
258652,0.1045137340697446
258653,0.03121666128560728
258662,0.09740107393796439
258663,0.014340461171965975
258671,0.017555685834548012
258679,0.01708510417109313
258685,0.04042859874132809
258686,0.3070194444927983
258697,0.01071598086952101
258705,0.3562604361921287
258723,0.14791198226958419
258724,0.017098044887015523
258734,0.011113669336852702
258763,0.04951186860666436
258764,0.022938416485148768
258771,0.025712226986696132
258773,0.05905050178891101
258782,0.09947808983450583
258784,0.010330394382726172
258790,0.08608306527731265
258811,0.03129590389301964
258817,0.05927482192311106
258818,0.07740145283178625
258832,0.14247418703393552
258837,0.19924257110549484
258841,0.052733562880173515
258842,0.03536298918474294
258843,0.08948792018056703
258860,0.008280160537799628
258875,0.025839720126719014
258881,0.05270272691039676
258887,0.01183744725403368
258889,0.05075338931016997
258924,0.0918305513042211
258925,0.1627509985388088
258948,0.03273073314504577
258949,0.03659185584742746
258963,0.10168397633313223
258964,0.022517571171856897
258966,0.40461036842312603
258973,0.08921493295992504
258974,0.00786591957644717
258979,0.08334459739635997
258989,0.08162771711222384
258997,0.02045191674226966
259001,0.0858081809766304
259013,0.24317276755322453
259018,0.04664594766467509
259020,0.4523758382376322
259031,0.08155881750015835
259044,0.12356450383449517
259050,0.16324411323221463
259064,0.05160346963224783
259078,0.07711052557259959
259088,0.2737767987182626
259124,0.01609934909054611
259125,0.05079630760734159
259135,0.047938331234500975
259137,0.08670531006154872
259146,0.04300704147821108
259148,0.2329779222476509
259168,0.08797874810163253
259178,0.03673096413003293
259194,0.036010700992393084
259198,0.01953436269212314
259204,0.03410324233982588
259209,0.026965937861953754
259223,0.01951458152435443
259228,0.06187191683757377
259234,0.4619469399224583
259237,0.020190515174094974
259246,0.03353192715682962
259247,0.013912705076100911
259249,0.060770063251031466
259264,0.018406105091517928
259274,0.054339745657895545
259281,0.11954929848920229
259283,0.06701975811833735
259284,0.08915775324458194
259285,0.042330824308034504
259286,0.012622714803766751
259291,0.07109839597864104
259304,0.026863150314741787
259309,0.022718407092329015
259322,0.04996812594952772
259323,0.3148282455107713
259331,0.07476613842329649
259339,0.027383712860446895
259344,0.03708967570880356
259350,0.08095624040720828
259353,0.04133049626328411
259356,0.03550462793723803
259365,0.15365971033125667
259377,0.07579545796207865
259397,0.02216006620107422
259403,0.07296643936975142
259411,0.02128601414977048
259415,0.048388865825125166
259420,0.16310716131310682
259423,0.07108788903838968
259424,0.02889855035240825
259431,0.023530480808947332
259434,0.06897862422396028
259438,0.04425483777041969
259439,0.033361062443905694
259441,0.012004355693860751
259452,0.03880880680489901
259460,0.04894329250413053
259471,0.039515830727589685
259483,0.07152369659714923
259494,0.030823162670064144
259496,0.03132921199654731
259500,0.10505397194187581
259512,0.03255365411842287
259526,0.04044539553187346
259528,0.06192347241427476
259548,0.033398792124287965
259568,0.06261331669781466
259593,0.09633831244658135
259603,0.03735713698903471
259611,0.006706387529999693
259620,0.07016152272455731
259621,0.25219999354872474
259623,0.08993286043833211
259633,0.03654556338737775
259648,0.01941838425924474
259678,0.02666872933547276
259691,0.014544566516916477
259693,0.024486438956342997
259708,0.19057676339397756
259720,0.06936925257109221
259734,0.02403274041721727
259741,0.1120753222191412
259749,0.026497956409476227
259750,0.007681980083163155
259752,0.007634573065460535
259755,0.047603330320378265
259759,0.05469096329616015
259776,0.049801565395114884
259779,0.05842376968399807
259790,0.1276969075808366
259797,0.02270451799170437
259799,0.06349293609035818
259804,0.06328065609033505
259807,0.10106343452512676
259810,0.06744713434644234
259811,0.31412119415577944
259822,0.01766507861755931
259833,0.018702587008837993
259838,0.015509792573939429
259844,0.14675543149002562
259846,0.12330078416134689
259848,0.03851708050635473
259861,0.061958853173498626
259867,0.017988738500297804
259876,0.041328701575018285
259880,0.023979186566054064
259897,0.1154102980194115
259908,0.11040756751286074
259912,0.020625516016830645
259920,0.07009618211021423
259922,0.019535756836657498
259928,0.07878502725414405
259932,0.006513986429297766
259946,0.010997007598736678
259962,0.17635282837584565
259982,0.02466729974931833
259985,0.011795050517550735
259994,0.0786470398555448
259996,0.15002541088677554
260000,0.02794957567170479
260007,0.38835416077218177
260018,0.0627266137332676
260021,0.12512971581734506
260038,0.02676895433874526
260051,0.21599474471112462
260052,0.031377909297785604
260070,0.04056444791661078
260074,0.0330724064365622
260080,0.02455618254985909
260092,0.03616470997201276
260097,0.011366293609765741
260101,0.006922969686501664
260108,0.020111150532754536
260117,0.0636624932838503
260129,0.03554265544908487
260142,0.019013829231167168
260145,0.01912516464501887
260146,0.08080931905502285
260147,0.06575251157693959
260148,0.1704336721536029
260153,0.015787895049809778
260156,0.04151374225963408
260171,0.025329399503089205
260202,0.007592808102590019
260221,0.05765145799841357
260222,0.06892622070464748
260226,0.15154021541201204
260227,0.14527626324945478
260247,0.03565916532514201
260251,0.025179229230479584
260261,0.009446352249132593
260264,0.03914578812993618
260266,0.04244014898064751
260268,0.03339529939916456
260289,0.02557348211293506
260301,0.0542305205832649
260316,0.038966934608622675
260348,0.06252316518848586
260359,0.0853127917466327
260364,0.11302806198058718
260391,0.13074053697629717
260422,0.10659253919016723
260435,0.03798308194564367
260438,0.13232979975803216
260446,0.021672406423654082
260447,0.22781351724707913
260458,0.05889460633707306
260461,0.17508113326418678
260469,0.04050830002902457
260471,0.0684584750400542
260482,0.206672809463054
260484,0.04097684987210823
260487,0.11846509680093033
260489,0.049369534613030196
260500,0.10435840121511737
260508,0.027214428222441973
260509,0.07851541356387004
260512,0.06836973461634513
260525,0.029869545183072953
260530,0.04611026260163201
260533,0.03932162651825171
260538,0.15914007652969359
260541,0.3035966600970289
260546,0.04462236027710937
260551,0.015100642427648452
260556,0.0979269772178683
260561,0.019999728973890053
260566,0.01605501377349166
260572,0.07318246077600629
260579,0.21169959474700056
260582,0.2226322710039379
260583,0.05819376554696292
260584,0.05549438816583096
260586,0.07847325541249656
260589,0.07199698812589576
260608,0.09533674485296087
260632,0.026718324736623562
260634,0.02733871244366732
260635,0.1560397241932109
260645,0.034225393691592165
260659,0.04898357956521449
260665,0.08509403395296312
260673,0.04842862118296961
260675,0.1344968549406389
260676,0.04830435797429898
260700,0.21556521791368286
260721,0.33375578651654314
260723,0.09986865734058692
260732,0.013725635185679633
260738,0.015491676427611335
260748,0.0745118615341774
260782,0.10772334067001638
260806,0.05218710947480378
260820,0.04765004395521148
260825,0.13021550655759254
260830,0.047736067927710624
260844,0.10179381407755914
260858,0.06074600466935054
260860,0.05821367151803564
260863,0.07440004641190413
260867,0.014417995124930598
260875,0.04425916982462755
260877,0.15425521033953032
260902,0.1878538812107523
260910,0.031065895673036695
260913,0.03589731689568927
260923,0.046728948459040964
260926,0.236271159357837
260936,0.03804064437429058
260937,0.23532946787026274
260948,0.10343308040197215
260949,0.06158251940392185
260959,0.042395055069485287
260962,0.2550891980377654
260986,0.069385862379126
260988,0.030603027355064538
260992,0.10444363261672054
260997,0.024229593689051983
261007,0.11297498575768744
261031,0.02081846576393766
261039,0.13700597302182527
261044,0.042712122666060545
261055,0.06333227809270105
261058,0.06263273707540612
261069,0.05091210404883391
261079,0.0906583759434625
261084,0.015108873952474277
261097,0.11195949635693392
261101,0.02356587351690506
261111,0.12076454729740076
261115,0.03746784500937733
261116,0.18003340722327543
261121,0.015658403447041475
261124,0.09279581946392901
261126,0.03562327337265896
261132,0.01870865697805327
261161,0.010142362204460966
261162,0.03923115139774661
261175,0.021495851954243306
261187,0.08928899903122187
261191,0.052298343127318805
261195,0.015109180790924978
261197,0.11569246287534743
261204,0.03912160680136564
261231,0.019496169519114297
261248,0.0395854528358406
261263,0.04807271423934274
261268,0.10676589013857749
261273,0.09538948227217733
261274,0.04488734959331092
261277,0.1297309536756349
261283,0.05151661507319867
261293,0.08317752406335348
261302,0.23355352204742447
261309,0.02528535736800888
261318,0.030425100680216956
261340,0.12974760082878936
261346,0.01725923382934509
261355,0.02554200659383058
261357,0.04455104396381679
261365,0.04498659730307979
261366,0.19806374751217162
261376,0.05373536816055638
261380,0.09314805644457802
261385,0.450195492903645
261403,0.04651572508395747
261416,0.19177148827319707
261424,0.03573446544084123
261425,0.08057345206459407
261431,0.016191016473442975
261433,0.019354149301576792
261435,0.10816831134802618
261440,0.06385945583729487
261450,0.012208974462413315
261456,0.18574538377877076
261464,0.08343377478512724
261465,0.05337367326005802
261473,0.02080693332397391
261475,0.06729221015755914
261476,0.09960137589517322
261480,0.01708325908681573
261481,0.03494075124246314
261495,0.04264090355081312
261500,0.024967290067256107
261506,0.03688677107540585
261544,0.01544712280223095
261551,0.012113671573563906
261566,0.22002749599289123
261573,0.16340891112502665
261587,0.0382676043901716
261592,0.024320066467156898
261594,0.013317660392385071
261626,0.025238432899107936
261635,0.01591025875393087
261649,0.010857064016548172
261653,0.03636369299511216
261660,0.09090313451520032
261668,0.043962591576786114
261669,0.03106296050973451
261676,0.01864146040489966
261688,0.0386490754468724
261691,0.023505185041419734
261699,0.041091002688554965
261704,0.08763408045966653
261718,0.278381104636803
261719,0.026290842784960387
261735,0.045163041301095656
261742,0.014928438649274536
261746,0.18493690151210493
261749,0.05972586230758341
261759,0.10371072013975002
261763,0.04890773023747767
261772,0.04963543315505474
261795,0.04694599968831807
261798,0.049129834278629186
261804,0.015745283830416425
261806,0.03239902321528682
261813,0.12380017019258703
261814,0.05647579227447849
261827,0.008779064863982755
261835,0.011583543610922625
261839,0.06109916487409444
261840,0.09600161880864144
261845,0.020899280347119912
261846,0.03183594157876565
261850,0.03126963912077244
261853,0.02563306029815101
261870,0.14797021083297
261871,0.02317252998630856
261883,0.14572156105996914
261885,0.02842935859428835
261888,0.10824153697895744
261892,0.01299557510232027
261895,0.029096232885008365
261906,0.01606011237797117
261912,0.2394840595416566
261918,0.01969835399135684
261926,0.03982579784255055
261930,0.011161265792937344
261947,0.030708775180343345
261956,0.03865811346134755
261958,0.07234289517247192
261960,0.06873486808286211
261961,0.2555816637493325
261965,0.04453320267150238
261967,0.43721267335129377
261968,0.014845487279580082
261974,0.07424360209534413
261980,0.12405530651853353
261981,0.08370144059745123
261983,0.052424691437634396
261992,0.08874431357127152
261998,0.07913583936449992
262002,0.04399727188968067
262006,0.03906336576414746
262014,0.009179377117211349
262017,0.035054702143611116
262021,0.21119982560965334
262038,0.08732977986213497
262040,0.03848353337461816
262043,0.03862719520289114
262052,0.0574483255986351
262054,0.029599820300263043
262056,0.021139860261622564
262058,0.023724408254907244
262062,0.17650742002958686
262065,0.14938451379689544
262067,0.0330307780352566
262070,0.05642955594228909
262078,0.02459057530007571
262084,0.028304339378682465
262091,0.5120856146483536
262092,0.07604204261881871
262112,0.0582193446549763
262114,0.02736392757632934
262132,0.041977011061784794
262140,0.29684663182854304
262152,0.20546519806514796
262159,0.03804403641496504
262172,0.0596198335401171
262180,0.030865618422728197
262181,0.03755320989666045
262188,0.36981886853976587
262202,0.02290869830821464
262206,0.027450790755518154
262213,0.11953520971332578
262227,0.06541191455467635
262239,0.03956137522722572
262243,0.04502584410678166
262246,0.0336063535769282
262251,0.01677673931444141
262269,0.007651368529503468
262272,0.051871418845107604
262276,0.05799750982541316
262277,0.06749206558637308
262278,0.10653571041383565
262281,0.014356129791695354
262298,0.04751079647916476
262308,0.011534100873780246
262316,0.01687416215483141
262320,0.007091760548385735
262321,0.24772782449937353
262337,0.15064809362369136
262354,0.1269300908468623
262362,0.06142208598591329
262364,0.05692610220874547
262365,0.023455267682653866
262372,0.0603341514798447
262373,0.07539119745558523
262380,0.04720605655889155
262392,0.06167788123937333
262399,0.055975761376158784
262407,0.2181775579322383
262418,0.17849866140324325
262429,0.1326660521515046
262430,0.007349139525219715
262446,0.13230877270069366
262455,0.007549470595434505
262459,0.07683340078184105
262475,0.037350834673348876
262478,0.17882318216847584
262492,0.043951153066125
262520,0.017267786996054434
262535,0.22357111352680278
262537,0.016044711893614796
262538,0.06709113182751572
262541,0.012911653666249572
262554,0.3365422319981496
262559,0.03988084962773432
262561,0.09583884406389405
262562,0.031206378240513127
262575,0.20373320590471128
262576,0.05096391863903904
262579,0.035086932562043205
262581,0.3357687283932888
262590,0.09056528064120255
262599,0.03518444227375816
262607,0.04101248139626571
262608,0.07416884315207442
262613,0.058036162995906124
262620,0.06983823209676512
262621,0.5046644090801921
262622,0.026365885510052922
262623,0.15902285440632724
262629,0.02099391308732669
262633,0.07014772295429524
262650,0.02173954801158905
262655,0.07515398415975072
262659,0.08752192284963202
262660,0.1042237002327216
262663,0.07508471069969405
262665,0.051297882776752304
262666,0.022289098613292133
262679,0.07827701213625513
262681,0.14155049189574553
262702,0.049984604007732594
262705,0.030149743781490778
262716,0.038235850024678095
262725,0.13201913804750628
262732,0.028706597101553627
262743,0.04524192763596534
262749,0.08074121143551749
262752,0.11273372624875846
262756,0.06658603781898169
262758,0.12749882997997597
262772,0.15590980424081188
262784,0.06239424229145504
262791,0.019420591259159854
262793,0.21112007473047123
262802,0.25868671818140404
262814,0.21005973707968856
262817,0.03226932187345619
262820,0.024626648248834527
262827,0.05152813006205387
262832,0.030843017498144873
262845,0.02141010904834914
262847,0.025515158607465317
262859,0.09531566656394619
262862,0.33037383055826663
262864,0.047964408158687515
262865,0.14475278619635656
262887,0.008951608763876986
262914,0.03508324394656406
262939,0.034347588859723166
262943,0.18746493774740838
262958,0.1085939226360793
262963,0.07706315523429881
262970,0.030359421021106378
262979,0.18765549945176258
262986,0.047012644169606585
263004,0.0354437566444934
263015,0.017342227580274136
263016,0.04786396158343498
263028,0.0792039601013955
263029,0.19389781115890248
263031,0.024505097538025645
263044,0.07176332940054113
263046,0.04295410274490621
263056,0.08007676835394874
263059,0.0325860597472872
263061,0.21085171341354908
263077,0.06917228723310363
263087,0.030627198792814905
263105,0.11270514514026662
263116,0.18114587537656654
263120,0.027031866180214532
263127,0.5206485116578258
263137,0.1649187503655027
263166,0.02663106336743646
263175,0.038404383575758094
263184,0.07704469998383955
263185,0.04352810670495791
263205,0.03405697674560046
263208,0.022376058357794847
263210,0.19811748838699655
263220,0.04477774819948284
263224,0.16412138342525406
263228,0.039953698564225565
263240,0.0166493032893602
263243,0.16144283389187677
263288,0.04097012278079028
263290,0.06801855218349347
263306,0.016973378903829953
263312,0.021082142530818283
263319,0.02674943033456525
263326,0.01596306025823999
263331,0.04775945922724051
263339,0.10965443826347235
263347,0.028721718967775138
263353,0.06153079058956133
263355,0.06999314836331387
263368,0.12068401742925107
263408,0.044484380102205914
263414,0.026731457673356593
263421,0.06630896615532833
263440,0.016585736840866488
263458,0.03795819349139798
263460,0.05116302083159267
263475,0.06550957471885852
263477,0.04724292473545556
263479,0.09872628236241632
263489,0.15339811815607315
263492,0.12070881419054402
263493,0.04930142527500987
263498,0.03200842389081241
263510,0.057098024831287626
263513,0.06224929914714465
263514,0.02627897775126802
263517,0.13184630077545303
263518,0.028280634406040332
263548,0.024392209318137605
263561,0.06102092184812129
263564,0.04784891048359323
263565,0.112392422636499
263576,0.009492055610779138
263580,0.17202437875128218
263582,0.01850789525866032
263584,0.01767220557321243
263593,0.3777836735950362
263594,0.07053041971158418
263598,0.03864942184875927
263602,0.06540349430925413
263611,0.01575098525182133
263640,0.2374363414895724
263642,0.039920156525701925
263643,0.06312191520053174
263646,0.048438789230049746
263658,0.04928770235727367
263664,0.028697207894550717
263683,0.021701236148118985
263703,0.04736828823528101
263705,0.06640795337352802
263709,0.016249019045044992
263715,0.009356595716909163
263728,0.027630929961043986
263732,0.09479442530671406
263735,0.07764768703583641
263748,0.13201311162389504
263750,0.009451310401459488
263751,0.09211219207667759
263759,0.03757084885875845
263763,0.03060553206942558
263765,0.010370321047451347
263780,0.020769696413032463
263783,0.07538001094155639
263786,0.1289901632827814
263794,0.07786414600338534
263799,0.013343695662996556
263802,0.07772446809397762
263803,0.06966186343002886
263820,0.11037797141207775
263846,0.11821301367927906
263857,0.012046063574759337
263858,0.022540397678656534
263860,0.08616019487546853
263864,0.12363859556702025
263870,0.013928399360129434
263879,0.042373926182812646
263881,0.031067523250882117
263882,0.018128229917126724
263895,0.029077075419811128
263909,0.28453657652260494
263918,0.08010371647079621
263940,0.0676634737172475
263945,0.01318415782833737
263946,0.11139712823667994
263947,0.054437094522951215
263948,0.036088011105145285
263962,0.15449374853405407
263972,0.2022849846086155
263974,0.010964800838886719
263981,0.016261517172893064
263984,0.06287611746860028
263992,0.272560814559442
264001,0.02747039730053749
264007,0.11309615477321727
264010,0.011686423869093916
264011,0.36935535616602405
264015,0.014042883645991145
264023,0.06741459861638704
264030,0.07737280194494003
264033,0.015066115065214648
264037,0.027868400317323974
264043,0.03932654024438361
264044,0.030481198672854377
264045,0.2609314675789708
264050,0.013924921908618439
264055,0.054323286636498436
264059,0.01598164094311642
264060,0.19763049222228132
264062,0.10188279104023318
264069,0.04665165092380773
264077,0.03883690163536498
264078,0.018054079326400487
264087,0.038249830511367294
264094,0.15306774859637767
264095,0.1932244959400677
264112,0.054563197301634454
264113,0.12596235927560298
264131,0.021971477998553333
264145,0.02595128980432779
264148,0.041008875551340064
264157,0.1630547270449786
264161,0.033379648438760484
264173,0.14618026982743915
264188,0.024582283010183233
264195,0.05938679636631225
264198,0.10153784357926876
264199,0.015043774892605114
264207,0.027283697695620064
264209,0.023021747797103965
264226,0.009821276440469229
264227,0.06504231275066426
264243,0.1210873398143368
264246,0.3616178763754788
264252,0.014190012689877202
264254,0.06124239063192665
264259,0.043467684450518906
264274,0.028444642550392668
264280,0.28184844067095466
264285,0.03230978104847429
264299,0.03252381143574898
264331,0.013286073957817283
264334,0.015557053863946093
264338,0.03965032275257546
264341,0.015366049874779941
264344,0.09646240320435268
264347,0.36213578610904906
264350,0.08169582231853853
264360,0.020412178810258433
264365,0.04757110932510887
264367,0.022845975996684833
264378,0.1367998123749517
264381,0.21711198435265064
264397,0.04012889890904879
264401,0.12161828609204224
264405,0.023832547590329146
264417,0.13260793585004715
264422,0.04255583233938519
264423,0.11362651276151196
264424,0.022843905980564332
264436,0.2596756347792019
264441,0.03434946204716426
264451,0.03861625113424948
264453,0.022877892000540245
264457,0.02490376562155097
264460,0.03819464747568912
264464,0.11058847074252241
264469,0.1218169793587795
264485,0.020616016116078724
264491,0.032967322616219645
264505,0.05345351000697128
264535,0.08336620132795634
264538,0.056083461609038356
264541,0.02428750184278303
264544,0.0167147506680923
264545,0.08201186635270573
264549,0.10284234645662427
264557,0.17453704538244458
264563,0.07598895051475996
264569,0.009479927019011883
264574,0.12658915225135334
264587,0.06634342489440723
264608,0.03972149293881627
264610,0.18197537489325272
264621,0.027491985629020447
264627,0.08700804731530168
264642,0.13089070210151452
264644,0.012037039793421035
264655,0.04441387492452463
264660,0.04431617831855051
264667,0.16906485716966102
264691,0.08407864733906302
264694,0.15326433286802668
264695,0.018536069883277162
264700,0.030563298251703182
264709,0.01698202443601882
264712,0.06874133417817695
264714,0.02483205454295267
264722,0.040949309022362615
264728,0.033965815139388594
264742,0.0701527432065067
264744,0.06960696946666989
264748,0.02472268536717562
264760,0.043350407910660124
264763,0.2848557017322988
264771,0.036651960513213185
264773,0.02287743041110709
264782,0.16290266628184344
264786,0.11399457823214228
264787,0.04218141801113913
264809,0.04438752923990895
264811,0.02446885054561048
264822,0.04590337948489899
264823,0.16124254542442273
264831,0.05077492513783359
264834,0.11371722452933093
264841,0.029895172895034038
264848,0.13328592848275161
264849,0.11975152354565238
264863,0.3465909669999675
264867,0.04311195274284714
264874,0.09917649923098423
264875,0.02060063482282094
264877,0.04619351965568068
264897,0.20806430702339174
264900,0.19144718593670085
264906,0.027747697973239803
264909,0.06832860269633027
264913,0.010761644818489962
264922,0.04317844991314139
264924,0.035019987124877895
264927,0.16630702135746045
264935,0.03297716943663311
264938,0.5477118645916356
264968,0.025883264411852687
264975,0.09473671832838716
264979,0.01761079943709855
264989,0.03600105809922207
265001,0.1249783777742845
265009,0.09022673185192343
265014,0.05156728410399758
265016,0.02857963590927061
265027,0.27368570575100043
265049,0.04752708012063706
265061,0.25060290833598103
265062,0.02564803270713647
265068,0.030841876642362105
265072,0.11967436643095757
265100,0.040530291962187916
265105,0.016332246425614576
265106,0.04340642785880587
265110,0.025153630899305293
265123,0.048830831361341184
265126,0.27037341659060077
265131,0.09322271515488724
265134,0.04281423723299353
265144,0.03859059270181686
265146,0.2271562021200627
265154,0.06484509179918138
265164,0.1736647228585346
265170,0.05448136070483875
265172,0.010276265886534389
265173,0.02901576810001935
265178,0.05609777975092796
265187,0.127488579053648
265191,0.13574581556419857
265194,0.3111449045705785
265216,0.022287878374268804
265228,0.02828658792984235
265231,0.020189372718883894
265232,0.025868107564437238
265233,0.04510113817796782
265242,0.09821622497081112
265243,0.024277092121674382
265246,0.02258885655347571
265259,0.10631957322349991
265265,0.4376203588453447
265266,0.03031787795180584
265268,0.29087012544826274
265280,0.023124171623517417
265287,0.01010978172403157
265297,0.02365494375439344
265298,0.1287655217035171
265300,0.030754476507938455
265301,0.07684799226447435
265305,0.17247269822841466
265307,0.03102726029259671
265314,0.04772082651842477
265320,0.024525587823604818
265331,0.10319994429466542
265333,0.13117957673934597
265336,0.020565098299785173
265337,0.09985237737891237
265344,0.04006365615033753
265346,0.009221755471332213
265371,0.018521176417458117
265380,0.0593901809763548
265386,0.02636182403534071
265389,0.04544288333084441
265409,0.12544176965598677
265414,0.036029728327348055
265415,0.0327674806617253
265419,0.01930288176824118
265422,0.05503471534758951
265457,0.04839797184904186
265461,0.05860146103177738
265463,0.14162189706106054
265468,0.1568953118661415
265474,0.16416358593945157
265478,0.02310446342842317
265480,0.4802533149745515
265488,0.08574450246987027
265493,0.05866970831842466
265510,0.11650407571086299
265519,0.2007237914732819
265521,0.128388759476904
265529,0.03551862316152077
265533,0.15534999973092634
265577,0.034512317370951576
265591,0.05194357132489113
265596,0.20647020650211914
265607,0.023142946117861964
265618,0.055215419514162166
265619,0.02582380196059929
265620,0.022765170850385104
265628,0.09311900883340406
265661,0.032414694158178214
265669,0.029769655669578607
265680,0.07982059721308568
265707,0.15360626829339558
265714,0.06493272943610694
265716,0.017452163913700507
265717,0.22361821610967933
265718,0.05231418393414882
265723,0.08715324032846175
265730,0.05009891931708978
265732,0.029692109843050978
265744,0.14424192142588776
265751,0.08618932217031347
265760,0.15272711931225175
265777,0.06907602493373959
265783,0.045461114465005587
265791,0.06665357708852385
265792,0.041399844735171526
265797,0.044317201895756685
265798,0.01906941009367461
265806,0.029612340952957394
265815,0.053634172116399384
265816,0.12127878005280296
265821,0.02390325714452029
265833,0.01002552277926112
265854,0.02786993141980297
265856,0.08580792990098088
265858,0.024359342495123653
265862,0.21466068406025685
265863,0.03323886457450093
265879,0.061496090569552596
265881,0.01832625064407483
265894,0.048628564310157156
265895,0.7394208566429915
265896,0.053474668416512
265898,0.03791329794553981
265900,0.06118383880091408
265907,0.018865890419557437
265910,0.11343516384311923
265917,0.04881031644014383
265941,0.0663127373941259
265955,0.0432667014437418
265957,0.07167004107968163
265961,0.03252726693297438
265966,0.025225390988000203
265969,0.19248249393903671
265974,0.10938089141456549
265976,0.033131900563897115
265979,0.13899603159503945
265985,0.08049587559981652
265988,0.04352507479151754
265990,0.13120520272159816
265991,0.13678995461359342
265993,0.047326086139398524
265995,0.18358484118330576
266009,0.09455107271050811
266010,0.02782319752271552
266014,0.20930766787053293
266020,0.09630587237353871
266022,0.12392176342005995
266029,0.059810330045474466
266045,0.02114103647233983
266057,0.22544723783832726
266060,0.15274562910891398
266065,0.02362726702387523
266071,0.02164375976538633
266072,0.022215537014652113
266074,0.017999504776982866
266076,0.04381537963900905
266089,0.023203557883064163
266091,0.03348730570629257
266097,0.0638108783660866
266099,0.07416452351655808
266106,0.13034456908711212
266117,0.05707152563105972
266120,0.07636092428716618
266129,0.03005262388885597
266132,0.042196153416560425
266139,0.1911599657718285
266140,0.08910876763184619
266141,0.03842471535689438
266146,0.24259006188580418
266149,0.019009950496506535
266159,0.018556099743239057
266165,0.020633615267196197
266171,0.1434974294088031
266173,0.048103491501506196
266177,0.11400436716223386
266179,0.026769791507999307
266186,0.01795095971210087
266210,0.19878561048939064
266227,0.06449413538841471
266266,0.03039899124681735
266291,0.03148084062800278
266319,0.14567859586509949
266321,0.04361817386129489
266323,0.021920190092327183
266329,0.032534290688781914
266331,0.07416966166071205
266333,0.20934858960136757
266334,0.08382864069726431
266338,0.03266647269435272
266340,0.07186045820322713
266344,0.1068151709250521
266354,0.0279882377046421
266359,0.06863293191066487
266362,0.043193495905064855
266364,0.033676820430579374
266365,0.05872130092306627
266379,0.03322070329106986
266380,0.09382906761650595
266387,0.016345475114249282
266393,0.03505583615017534
266396,0.028467131980755143
266406,0.0324572371707702
266418,0.11400543884058587
266424,0.02638828704717338
266440,0.0734306749358955
266442,0.0352958008923828
266444,0.09278818566936793
266453,0.11866918743229243
266455,0.042967844640509956
266461,0.018595610570457107
266462,0.01681743228119075
266465,0.039670781507120376
266466,0.11789149618714141
266468,0.5220460652810778
266471,0.11252976939143902
266479,0.0219588788539248
266499,0.15014543891720522
266536,0.10981602909213484
266543,0.04195409712959907
266544,0.06016547388453515
266556,0.08279475315290658
266561,0.023421954880663703
266573,0.09652424314387342
266578,0.09856009448066538
266590,0.14669926803756653
266596,0.24531387641512048
266624,0.11838725140920356
266629,0.03631893793605423
266635,0.015013164721508286
266644,0.008404995896298267
266650,0.052430321409435196
266659,0.09187568437898143
266666,0.03851612617945957
266668,0.04850479236479312
266674,0.15730537452428564
266680,0.0533889895062241
266686,0.14766849393016016
266714,0.07477768798410328
266730,0.02722707028833992
266734,0.08697235899419123
266740,0.2599275025777326
266745,0.026102704057997757
266749,0.08280470021992087
266750,0.020679402855578875
266751,0.06311674047535581
266752,0.10208327543983611
266753,0.03699855568886582
266759,0.12160763858962428
266763,0.03387096024786498
266766,0.026739271162699915
266783,0.07798383688499352
266805,0.011433105228294372
266812,0.011150107068648555
266813,0.1258067568264655
266816,0.09174560529998041
266819,0.07281776783890895
266820,0.4567318232426004
266833,0.05809427763439083
266842,0.06987730233420819
266847,0.05424228824202888
266848,0.02634851515574846
266865,0.18199740089528194
266867,0.12077778967130197
266874,0.08196735311159309
266885,0.03725299806821261
266888,0.011728985975377913
266890,0.20232565697231747
266932,0.037720207443093325
266941,0.12692598026994992
266942,0.039522455018512696
266948,0.015312785167506806
266959,0.011615214261261834
266977,0.018764991256447684
266983,0.0449489467699148
266984,0.07401822336524014
266999,0.1792536915335552
267000,0.1518612929746743
267023,0.24880934801405896
267031,0.05711312928506007
267035,0.022307003071854143
267046,0.04994624813788717
267050,0.03632285690099265
267058,0.041533842931417236
267070,0.03978835708461946
267079,0.07117827228991017
267080,0.060815778138122986
267093,0.05914877624982216
267094,0.07767146490004094
267102,0.014213441782309568
267107,0.026141705093159377
267108,0.041224766205834026
267113,0.058957510486938945
267127,0.05555867788374794
267136,0.060619811304043654
267143,0.012302890816738701
267155,0.17823442924106492
267180,0.011748231851027094
267182,0.022952367321791636
267184,0.024734804657215424
267192,0.04955293486100545
267195,0.12112284853168886
267220,0.028103315379918066
267228,0.01750115962056968
267237,0.11529205048376162
267241,0.08481953268813305
267242,0.21187092028603108
267247,0.08448159711917433
267259,0.08401628163666125
267260,0.19911001131106704
267265,0.06796298329087641
267269,0.2327588041759992
267272,0.05743083700772962
267275,0.028726899313508844
267282,0.2555476579897121
267284,0.4961044443642354
267294,0.05831286346353459
267298,0.018485788298568163
267304,0.1286079380114141
267316,0.10525509343440285
267324,0.03931327386486354
267327,0.046243806406643315
267333,0.018664405119047014
267338,0.021172962418819056
267341,0.05774548178987179
267342,0.05112063335235283
267344,0.07265014259859978
267345,0.17548105224938954
267347,0.012811937728630448
267361,0.12506626840494253
267374,0.024175850722855455
267379,0.06943868170134894
267380,0.02722864629400836
267382,0.06891425843838359
267394,0.04883628679981062
267403,0.11398895506152487
267405,0.10072399556238962
267412,0.02968479177112892
267421,0.2357347472190806
267437,0.04819472199425105
267438,0.020019553291532675
267443,0.01318730089604064
267446,0.03384731568544841
267460,0.23631803879012553
267466,0.13963011825050117
267469,0.024320668202720344
267474,0.03696572165063761
267488,0.038031564778174466
267490,0.026783522518736613
267496,0.10121765905950214
267499,0.09722314235446985
267501,0.059596831775241055
267518,0.053702894224280665
267522,0.2752199811829844
267524,0.04436263527002979
267532,0.05134690719987773
267535,0.13825407618537625
267547,0.03386888681338355
267550,0.0202777012750754
267559,0.09517025950958355
267581,0.05275873901737115
267586,0.0553644768788512
267588,0.14527110898551188
267592,0.0393747342315935
267597,0.026128848350245745
267600,0.01581924899511818
267608,0.018675633925809957
267620,0.034506814523183646
267625,0.07133241606356674
267628,0.08404332367716334
267633,0.04097323572705797
267639,0.0430068605063188
267649,0.04088009281307853
267659,0.08707696948560631
267662,0.05497859077344072
267671,0.05797209349660614
267672,0.012864801137258164
267677,0.032169377938866324
267679,0.09431749158175459
267682,0.02965518381127041
267687,0.05159890314709574
267689,0.0182987057677855
267690,0.028575926524393093
267707,0.10366303096809908
267709,0.015541334494504165
267716,0.016902350129806818
267738,0.03222049775894663
267744,0.06986699936827605
267752,0.02638918621166425
267754,0.1712648558326908
267755,0.24072440700179604
267757,0.036516837903401926
267758,0.10941773458047753
267767,0.2837708611302958
267771,0.03700803385211414
267808,0.13704619852686512
267815,0.09914088500235446
267833,0.10535773978160827
267841,0.06380239457915676
267843,0.07238788082874972
267847,0.047678404646506606
267857,0.012490621565500609
267869,0.14505221168675148
267881,0.20917319364722425
267887,0.05909759553265016
267890,0.022918299477767183
267892,0.3171193409364521
267895,0.10440705618020714
267899,0.05020654898386386
267906,0.0438697431001953
267912,0.0745895611712385
267917,0.09566639923359642
267927,0.01840582730742384
267930,0.019802575900993543
267934,0.06211795591199707
267950,0.013244530330915497
267965,0.07484178040676795
267966,0.03623384018127188
267976,0.02206473277163249
267998,0.024949743901238854
267999,0.01827326108310308
268012,0.03935855985654998
268013,0.11077716368115041
268014,0.026444418356622458
268020,0.04799978306841066
268028,0.29739432359103835
268032,0.03704499966425437
268039,0.03339829887068076
268041,0.029445646779738113
268046,0.019459938971876332
268059,0.10587545060707707
268064,0.10709155258853655
268066,0.04745180265912633
268073,0.22583936832478
268077,0.014699970576743202
268085,0.01717349694485299
268090,0.16410503220636458
268109,0.13803910918588658
268139,0.118409714479105
268151,0.05895813033807218
268153,0.03336074862378478
268155,0.13792704949416104
268163,0.025573560295840844
268166,0.00645612386416979
268185,0.008902111828772204
268189,0.03651595299886582
268190,0.030314190251365454
268192,0.047312867896201025
268211,0.09163012200389661
268213,0.046553099366977366
268214,0.022471164115039202
268220,0.04536976327049895
268225,0.052603347396805146
268227,0.10864296413270165
268230,0.043156279674799666
268247,0.22015377419813953
268250,0.07672531494415413
268268,0.09048642136388667
268269,0.026610865184811434
268271,0.20712786169422576
268274,0.09935172231822469
268280,0.11596044354087985
268291,0.0861087551310344
268299,0.022300953784418286
268301,0.06014729051502886
268306,0.02958228161289712
268307,0.06273997356251396
268310,0.02584272737025424
268317,0.2809522863096836
268328,0.013441783228812655
268329,0.00547151723105912
268337,0.0551825119924062
268338,0.02815969021633006
268357,0.016255142586180923
268363,0.049922274496655775
268373,0.025275902368613497
268380,0.05366381815887635
268386,0.07103341210004818
268394,0.021395141610038308
268407,0.010560403149515155
268411,0.06626573105920193
268417,0.04143291511850309
268421,0.17185060767098384
268422,0.08435955706833519
268426,0.10298862577871393
268427,0.06157438630942966
268439,0.15088918070947716
268445,0.03137514200330912
268446,0.024253746975895368
268459,0.07284061017142268
268465,0.07851241015048122
268466,0.05255078866805898
268495,0.017411959899858376
268497,0.06205587949642195
268504,0.0847129733546087
268508,0.16527975607317907
268513,0.23887747335617165
268525,0.030276562932287664
268545,0.04484016565664544
268546,0.022305857320395635
268550,0.016425719075481845
268568,0.025805823860842347
268570,0.2332440152444072
268590,0.028579333041662398
268591,0.1569408686560894
268602,0.05329460184011908
268609,0.01909097723742006
268616,0.02031658546264483
268623,0.10266612750400941
268645,0.1486500690559791
268652,0.09901668187262319
268668,0.11598300645185673
268685,0.011068281979144699
268707,0.0194598976997567
268711,0.09990573287346603
268714,0.011976563626732894
268736,0.029930443049768225
268746,0.26266839185173774
268747,0.022684359329500206
268749,0.10015156857617302
268760,0.11758370324448425
268761,0.008137285179950417
268764,0.2550667907042118
268781,0.01033672175259301
268790,0.054000035832699016
268799,0.022603521367866156
268809,0.039622750894349114
268814,0.051825831221016534
268817,0.022124877847338735
268822,0.005724676178842545
268827,0.07604246944760493
268828,0.03561844924596973
268829,0.1018513429715629
268845,0.054168837723577876
268853,0.006792172703460774
268859,0.021451394718454975
268900,0.01004503749781313
268911,0.039068970663809176
268913,0.2537898713055078
268917,0.11927461731620462
268930,0.06512634126556954
268934,0.02432009563667029
268935,0.12377347672635702
268938,0.06527387607521465
268948,0.007062491160588888
268950,0.08707539834032069
268958,0.014043436003385121
268975,0.038424299533879984
268982,0.03764256253231242
268983,0.07107310005597138
268997,0.03674457986389609
269009,0.05062181564432625
269012,0.059510848409330325
269017,0.10180714615736836
269031,0.08760739716445157
269038,0.1689519370425523
269041,0.06465562359649858
269045,0.07216159118412736
269050,0.01548675576254531
269056,0.016028292366742594
269058,0.03516165774048928
269060,0.03896696683262996
269067,0.16727288430314124
269082,0.0649913248123613
269098,0.11084825233692672
269105,0.02931515472798652
269117,0.13684177265254102
269123,0.14865735482412426
269128,0.045495197400770716
269143,0.08684646624001778
269149,0.08035119396500537
269162,0.2495602998177212
269168,0.04662471178119312
269172,0.18040087883798686
269175,0.13170600010074257
269189,0.059937001905136345
269194,0.02469082016840344
269197,0.04477158744146502
269204,0.17247290500586665
269211,0.02502057861306412
269217,0.1591145752095519
269222,0.05307757840542389
269227,0.036918219719183944
269228,0.07257323490769915
269232,0.07684420147571161
269250,0.14435382689951967
269251,0.044816807878282294
269257,0.1364917144798692
269262,0.018546238878020465
269263,0.05996354104595674
269267,0.02222125193478347
269275,0.04663388626907352
269276,0.030006524729270068
269279,0.020116150714588547
269293,0.23995311539884928
269300,0.0815761281792659
269305,0.05209566353831895
269309,0.043189679781414116
269317,0.14208161669074681
269352,0.25411018849950057
269377,0.1266244229945294
269378,0.02605742146603781
269389,0.03816998076659559
269392,0.03743036444034072
269394,0.04491666587449107
269402,0.17697675914740024
269408,0.014803243240311424
269410,0.019744552240600607
269417,0.028644832707116475
269421,0.1720483174554619
269462,0.08642822006643834
269481,0.022986816360924603
269488,0.1452753052881628
269489,0.030744107818524807
269491,0.08171025675701162
269495,0.018369845835314397
269503,0.007763364946469905
269510,0.1341723760744432
269515,0.18569755661235238
269522,0.023334732616637675
269523,0.030688393304628903
269536,0.034467381165185614
269537,0.04859267413519708
269549,0.017530818611815463
269571,0.18897220340912296
269576,0.01802535421931827
269587,0.1664900355421426
269595,0.0479209250717358
269601,0.05792104071763572
269610,0.5779578498822836
269618,0.050032900886479166
269620,0.09515688377096616
269623,0.0174233691643354
269637,0.06003064565957815
269642,0.024271817732322412
269652,0.06763749011235133
269655,0.01891223239433738
269661,0.11678500170255376
269663,0.04749023580927504
269665,0.009776312025262222
269666,0.08549084792521171
269667,0.02493571016945329
269673,0.1160742230685248
269693,0.08149294915119563
269701,0.052545428408275634
269702,0.033139021720126983
269704,0.17550403716091134
269718,0.05225154959932486
269727,0.01597627193437146
269732,0.040920014391370774
269736,0.062384780847130325
269738,0.05529137456113774
269741,0.022372348463560253
269744,0.027419360275801115
269749,0.24489245410841615
269750,0.04079859465784769
269758,0.04944933307621479
269775,0.07343368060522165
269776,0.07025947045035436
269777,0.07718529795221452
269789,0.02699706962739847
269794,0.05778350728270801
269797,0.0821376241833558
269807,0.21964189425109787
269813,0.017762721010224677
269844,0.08610223708060431
269848,0.11346679228413796
269871,0.024070672326363757
269877,0.02495762003495506
269878,0.052219143589953415
269887,0.03657305119606962
269904,0.026077986187607625
269913,0.28056503746131706
269938,0.08596455966411577
269941,0.12229419525793753
269953,0.07337529329291477
269954,0.02478007637465541
269955,0.05141962428939359
269958,0.14778167694089586
269960,0.039535082059226165
269966,0.05009158378164523
269975,0.030853621355594156
269978,0.05623667279754517
269989,0.12757976147345737
269993,0.026558837804055158
269998,0.016331687999407846
270001,0.11824144928178418
270020,0.044916860363785366
270023,0.12791263350650728
270028,0.05649986180257788
270048,0.08978852589558299
270061,0.08611451267616846
270062,0.10335985096162537
270096,0.2499408392990301
270108,0.030658308174974627
270118,0.027058353674236847
270120,0.07665300444751402
270122,0.03618425811382056
270127,0.09721401611811809
270131,0.04619320386378377
270142,0.015464414199059029
270146,0.033082783161665553
270148,0.032191544336309885
270152,0.005142600619609563
270165,0.015434725717301433
270170,0.014868208246710384
270188,0.019774217962786805
270204,0.10552595957329344
270235,0.051883520138823656
270243,0.33088459511726
270254,0.07691441330904754
270265,0.03386745639143405
270270,0.16459023395385122
270287,0.04349259335918641
270295,0.024121507355685846
270296,0.012598138653477751
270302,0.03330429059725383
270304,0.1702733478843713
270307,0.020862599001387552
270310,0.1623579202939019
270317,0.02213350557518469
270324,0.07739834612713688
270326,0.025911927922595543
270337,0.032752916183675505
270363,0.11021665355350557
270371,0.019416842827741754
270373,0.015655510650889402
270375,0.025274541626201345
270376,0.029458299764872832
270379,0.019464655742394726
270383,0.2481126766433281
270390,0.038849633360291895
270393,0.03901447730732677
270402,0.016629707425773608
270410,0.0758240929035849
270411,0.04683512667564385
270412,0.12226773091187461
270415,0.024914547926793217
270417,0.23307610831494524
270436,0.17884799883340186
270440,0.022808747622104955
270449,0.028557417406337503
270450,0.18188209575613226
270457,0.18315781111831436
270460,0.02137676771756511
270461,0.02778006028431725
270467,0.016820628565562445
270473,0.08294418229758234
270486,0.11076783746539073
270488,0.054128099158584304
270513,0.0362732060666742
270518,0.10222161056450517
270522,0.019280371760602818
270526,0.04798986806914951
270532,0.04284579534749572
270545,0.18906702105273196
270548,0.17827353826155576
270550,0.010097555426902851
270562,0.13651400212293532
270564,0.022609401158190587
270571,0.028591976109718132
270572,0.11440363753085717
270574,0.06284717641568223
270575,0.11225482505759497
270579,0.05300861236809187
270612,0.1904657744581741
270613,0.16557686177751507
270622,0.01260107990267957
270636,0.037799410305269975
270643,0.023162318807357463
270644,0.023133261795496116
270645,0.01846363169512198
270658,0.1783520649418012
270661,0.03219708526327236
270665,0.08665587420035545
270676,0.20810965482960184
270685,0.08077484671079535
270695,0.06012511161307403
270712,0.04269582423686795
270719,0.027831896066767167
270740,0.02509688599028573
270753,0.026460100539122858
270756,0.03833364670672612
270759,0.16115233214147867
270760,0.021280579600984152
270764,0.058375243725307925
270767,0.02027434744194886
270778,0.007490016745390798
270782,0.10955016802356643
270794,0.1378482093659513
270795,0.2564519982922324
270799,0.049427036829630656
270807,0.11210693960545134
270821,0.030605080121694748
270826,0.0657250654211457
270829,0.07821875360294517
270831,0.03637599925528292
270843,0.04081356807084624
270844,0.1452712642568844
270847,0.04922224720910663
270854,0.013798807753878574
270856,0.10815658879933826
270861,0.010395212175715839
270862,0.07805977753014104
270864,0.1388092418905802
270881,0.0452686986531009
270883,0.10701326060739409
270885,0.23224007151449177
270888,0.06309852468298656
270894,0.007476463927097904
270906,0.05679675314329685
270914,0.03661994298445081
270919,0.04590663039877829
270935,0.05658570388788732
270945,0.09592477517925903
270957,0.14115830366139148
270966,0.05522760205416731
270970,0.11119965909355475
270971,0.15967331677860402
270976,0.026854665969965462
270977,0.2958880406763696
270978,0.021417381265466526
270979,0.052086831087871883
270982,0.05247458475472838
270987,0.0879035269675583
270989,0.1897543312406545
270991,0.06400053505907707
270992,0.008075871476710246
270993,0.015987377372651452
270997,0.26248504907990494
271010,0.27086704703821723
271025,0.021766035894794068
271037,0.05039191287632963
271038,0.022392364104845946
271054,0.025167132020366894
271056,0.17240999128615841
271065,0.030745743484734012
271070,0.047427374869301445
271095,0.01887597348102226
271099,0.014869979093523451
271102,0.013953466690464062
271103,0.0570280584813394
271105,0.22791935877860364
271106,0.06832577170516321
271117,0.07398230113297083
271134,0.10066052711757678
271135,0.14156857842916312
271137,0.11019551194524474
271145,0.16676929736217516
271149,0.1687841765078857
271195,0.030897264142426786
271199,0.07552840514421869
271200,0.25483321137162573
271220,0.03345850964884642
271233,0.0739269029488203
271234,0.0924961851671353
271236,0.07011092206643751
271248,0.0171249572587864
271250,0.25346266097910286
271251,0.05830663914169721
271255,0.036867915235105124
271261,0.027650988361912363
271269,0.03239776056482259
271276,0.03253634585491313
271296,0.28330790589927257
271304,0.14742207112158665
271314,0.00901504362671448
271318,0.02592835629726673
271322,0.01153511619859724
271325,0.0438074968684293
271354,0.04865760501332849
271355,0.03341966407980448
271359,0.03828487872403712
271361,0.02781283189537488
271363,0.5817102049427746
271367,0.11547683106435154
271368,0.031665754668264864
271369,0.022961690318069307
271393,0.32097546321611864
271409,0.1083604534976897
271415,0.029116549544068684
271418,0.13725022195411166
271429,0.1067173678474106
271431,0.032934351739519835
271432,0.28253207632712846
271442,0.09079905341275778
271446,0.106185597980517
271448,0.06534915669269853
271450,0.42317180033981405
271452,0.028261839702343815
271460,0.05210604422698013
271461,0.2558744321858577
271472,0.03018182201251171
271496,0.052477358553037604
271515,0.045073597760686805
271527,0.08495206740288655
271537,0.056931513630091746
271544,0.06748523411581112
271562,0.04952196595443536
271565,0.026984455898205792
271566,0.1437706670912569
271567,0.04667825056352056
271570,0.16382646671301346
271576,0.05720511600280245
271582,0.15641667040190896
271586,0.09259413881530532
271593,0.06529084707960107
271598,0.03364732600850639
271606,0.03303553887309865
271607,0.03438794951862613
271616,0.17685277646665976
271617,0.06785519599567646
271624,0.05594083583924736
271638,0.03624933515241666
271652,0.039142610246545306
271657,0.029283643070906862
271662,0.027511256066214303
271665,0.017716313498981683
271667,0.033967217301729816
271670,0.08299935666837473
271675,0.06681277070332957
271679,0.19459506725369835
271682,0.08152788382301188
271696,0.06738621147881463
271699,0.014473231643973116
271733,0.03125305256060715
271739,0.05697951145719486
271746,0.007676337542936915
271753,0.08894026296940123
271756,0.13946467420940778
271762,0.09530662855527382
271777,0.027371025448207367
271781,0.020518170024440868
271785,0.025455120146701683
271786,0.042732582987161045
271790,0.029150028107258502
271801,0.058972813491319526
271806,0.029960149169363452
271807,0.10196954388624119
271810,0.09349717740865693
271811,0.03317826997488597
271815,0.0791855610043308
271847,0.010164401825179133
271875,0.07668839189936574
271878,0.1553239930622965
271880,0.1064477518681519
271883,0.027034026479125305
271911,0.1826249883542313
271912,0.08518243766781257
271914,0.11677171951952539
271922,0.06906722178467714
271933,0.014290131174261032
271945,0.02847894856461776
271952,0.011939776447472674
271954,0.060658865284613527
271961,0.05530369074211372
271967,0.024286728113588358
271969,0.02345909301645424
271980,0.0812263667586614
271989,0.022663714397091816
271991,0.11490484027477253
272000,0.03123828842983286
272004,0.07535937217834601
272010,0.043635873304996894
272013,0.13600692683148813
272029,0.13155809869384463
272030,0.04310708644361702
272031,0.023237385667655458
272035,0.014064972285854637
272040,0.1926806096268731
272043,0.02997111730880893
272055,0.10411442069141161
272068,0.06536297889568743
272075,0.11974865041574581
272081,0.01346297355497391
272090,0.029852463425857182
272104,0.017500573721864303
272116,0.01878292132201637
272121,0.008965399050451928
272129,0.040554787767852235
272143,0.057040716682187985
272146,0.039221398376932705
272148,0.3654843675763326
272152,0.19472207117050377
272167,0.04636629594205704
272180,0.02988546687968189
272192,0.010811203540323146
272201,0.02024374901506401
272205,0.03144366822623006
272209,0.2091630813119158
272211,0.04160594502407797
272228,0.03147533116479948
272233,0.19558428546573642
272235,0.08848316772705182
272249,0.3052163515021558
272267,0.0699093125048895
272270,0.02855983372171187
272276,0.02752370085217423
272302,0.08614205407392077
272303,0.024396291291781176
272308,0.09801545719572517
272309,0.0837980801495278
272311,0.04471065503418807
272313,0.0159090784956759
272353,0.042834771462607
272366,0.04827420409650741
272367,0.05536407039645318
272371,0.05320656466849977
272381,0.013612676527352006
272404,0.10685047597590291
272405,0.0482416054256474
272418,0.11843448350371505
272419,0.02819520096204354
272425,0.03892140096736874
272438,0.04610963434284758
272444,0.032338180296850594
272445,0.058909873923063405
272462,0.022841267347354186
272474,0.025122740991491595
272478,0.18834456169289449
272479,0.09704941097972389
272480,0.054455257851782735
272482,0.033586781302520685
272511,0.15897810290986725
272512,0.021852620624057597
272516,0.03136231209270356
272517,0.039506429440168384
272522,0.048971225615387755
272537,0.06991320219394447
272555,0.031192935188699672
272564,0.17341777283631213
272566,0.04041316415409518
272573,0.020627597453721704
272575,0.01988066868264417
272583,0.04301054871282096
272593,0.029193875276688944
272627,0.04710328413774006
272628,0.09700631514636938
272630,0.020347200528280027
272632,0.02416837314344461
272635,0.4346027731530563
272636,0.041878204488849796
272661,0.01971419319945463
272669,0.03134652737546173
272672,0.019697030030368566
272681,0.13417802760594125
272682,0.04754428402173907
272691,0.04728731659362442
272697,0.01990136806953942
272706,0.07218932459614051
272708,0.026314498016339984
272717,0.06441356320187422
272722,0.030173135267785457
272723,0.010371286204444347
272737,0.007383065921128517
272744,0.015102782305557571
272752,0.28028910917168876
272757,0.01873173739763581
272760,0.01883113756298863
272763,0.02524726261954964
272768,0.029733325764760624
272779,0.013020320153940097
272781,0.20880049430437708
272787,0.1388242926578506
272795,0.061188057776357434
272799,0.041415701426539636
272820,0.1710405941493092
272821,0.02716439104667576
272829,0.08696814378911893
272852,0.03262765316592997
272863,0.07782049098836288
272878,0.06356934789985307
272886,0.013826729118279554
272891,0.10822013034571511
272903,0.1037120407171014
272914,0.011315461458601949
272928,0.07640671805364521
272937,0.11675209179984501
272938,0.07329652970523351
272944,0.11464057978312461
272965,0.21836564747227893
272967,0.06687863855417842
272969,0.15820539131483527
272983,0.15785764474905514
272998,0.17844156231835157
273002,0.1237819657296827
273005,0.02252466951048154
273010,0.05974605056663451
273011,0.018389114939725046
273017,0.02371612211092215
273021,0.13404823921239106
273023,0.19051230074235376
273027,0.05013945590552166
273035,0.014089631400673833
273047,0.20359707253698625
273053,0.02539529782710102
273060,0.36284009695569663
273062,0.050758277898125786
273074,0.0615572931085138
273078,0.0346909616405944
273079,0.03233346091664605
273087,0.07612243477906425
273107,0.028658605174046944
273109,0.009313928124299481
273112,0.018907896310437274
273113,0.06344155411278324
273117,0.04965767254336234
273121,0.29687503707835505
273137,0.055715459273071366
273156,0.026050715253572547
273157,0.1576851967995607
273177,0.10913796057644937
273192,0.0232057635759189
273193,0.011308747536934111
273194,0.08776392174719608
273198,0.10649893840290076
273199,0.02417399061685789
273206,0.06553525077033105
273213,0.03328459902617521
273235,0.03507684588886236
273244,0.09294348735017478
273247,0.15873772071865638
273248,0.3614823681533013
273254,0.04401295996272673
273259,0.020231868272234804
273270,0.02308018975158558
273272,0.056157888415744
273287,0.06365040754043563
273289,0.05840634687759373
273294,0.009268711919728417
273301,0.0707042803390241
273304,0.09323513816483925
273313,0.08758072150021982
273314,0.05681376019966365
273333,0.09355000019574797
273336,0.20059651088342928
273343,0.018094253575129376
273353,0.05030810223799519
273359,0.027959008647670702
273371,0.021000109741884095
273402,0.07613473688191492
273415,0.016208559144327072
273420,0.394273524493733
273424,0.032694863537561576
273428,0.020746844688009712
273429,0.024538773499477032
273443,0.10552199123432518
273457,0.028088760637145306
273458,0.025222576258853838
273467,0.1766940642113674
273477,0.04067566807602577
273482,0.07480433810500527
273495,0.027104713277124576
273496,0.010488138376457533
273503,0.0731823470571998
273507,0.05933207391653101
273508,0.11128354548531413
273510,0.019302839989495956
273524,0.06837340018037506
273552,0.013179216890511516
273556,0.08034067257124164
273566,0.058473680198619885
273579,0.047407542335461655
273584,0.06896568586645792
273595,0.062267279635250514
273606,0.038975944497217994
273623,0.06363153394171323
273625,0.04648638504104856
273638,0.17259020243821394
273660,0.017995736019754023
273664,0.041651458063568916
273683,0.05907920568233298
273686,0.03023834635212653
273687,0.09137769655966799
273699,0.07582778470188646
273700,0.3087801169924735
273719,0.039330127837965814
273721,0.1267628345965111
273728,0.07431479531864756
273764,0.015947662361673522
273770,0.019581538223847297
273774,0.15382671611361437
273792,0.08934003602595861
273806,0.009846519032850613
273807,0.11082380248722903
273818,0.024743203401632947
273823,0.06617225045107335
273835,0.5121420693654654
273856,0.034401941790987815
273861,0.023792442658440948
273863,0.04851208557754769
273864,0.15355479410103123
273874,0.13752227958694618
273879,0.16920296334438623
273892,0.12426645483626908
273895,0.13651227101485647
273899,0.021168346924081177
273900,0.07739068335934592
273912,0.12716622249888604
273921,0.015561403878178892
273941,0.044738692702016296
273946,0.023751413618084343
273954,0.1481799720399831
273956,0.033346494357454216
273962,0.05649693856149701
273968,0.03934105851467846
273985,0.10115243499346253
274000,0.19270730667566965
274003,0.026269356126877256
274004,0.03017468684801458
274006,0.02492445223099252
274019,0.31081532415558644
274022,0.19236293114013078
274023,0.12664427131954972
274034,0.10224526317479245
274043,0.03790796934274921
274052,0.07375368280818212
274054,0.41567786255271155
274058,0.17332553189157826
274063,0.14026709749589808
274070,0.042871837027835286
274072,0.056968024502367445
274081,0.03936950412553004
274108,0.171784721758593
274118,0.5116477136124788
274125,0.0352871316849399
274129,0.025038807236258852
274140,0.08338378173200076
274142,0.04483745635584251
274146,0.03160019977503789
274147,0.12522527371607867
274155,0.007088109749787651
274163,0.07404745108138368
274165,0.039307599896712286
274174,0.02476847550971214
274182,0.17017929702992227
274186,0.048444044562527225
274188,0.03793774422081429
274193,0.07367758520599345
274198,0.06293657801006854
274216,0.0447220517501997
274219,0.013657117223724972
274225,0.17605121743163824
274229,0.04257699454081093
274248,0.03526884611358829
274268,0.027592550664153025
274274,0.010816343233832732
274286,0.019876792459419357
274289,0.08968285739370735
274297,0.028321403849917482
274302,0.01974883735624592
274326,0.06940101376819513
274346,0.04654061732529222
274348,0.056393980942555856
274349,0.04615312090358183
274350,0.029622262053676563
274353,0.052920097720780004
274359,0.24726795861707743
274364,0.014245142168917924
274368,0.02102042178785881
274373,0.03818753746771283
274378,0.08779545428401819
274389,0.012330000611211898
274390,0.04645135720961452
274391,0.011787052260467239
274392,0.03602476822985828
274396,0.20087954095526533
274408,0.1407264621449943
274409,0.04866099404322509
274424,0.19778480102493426
274453,0.11962100377021385
274460,0.02237013302947364
274465,0.059133005154221985
274468,0.015502180228464314
274481,0.18506393645416577
274482,0.007027285322661995
274484,0.11274996011060591
274490,0.1291219965065247
274509,0.029430737823438177
274511,0.03281107324521534
274515,0.07931605667737186
274521,0.0472728989718605
274523,0.0939271991758267
274525,0.07680677752496663
274539,0.03798307268008889
274541,0.04704902396725073
274574,0.15214486027774882
274585,0.02463268621705548
274587,0.17533594910602882
274594,0.060262685825374154
274600,0.10492030997754707
274605,0.042157291617248197
274611,0.024553272621526456
274619,0.24438709333746492
274641,0.11368191746299955
274666,0.24600186984148287
274688,0.03562543377602347
274690,0.10827641123735046
274699,0.0472401180784891
274703,0.07148713364673373
274715,0.011772437020138814
274717,0.0486991259345293
274760,0.13354123628769207
274774,0.08213989087915885
274791,0.17686007760905365
274801,0.022080212104217206
274804,0.08495920033567324
274808,0.27781973253908165
274813,0.026335080290122236
274815,0.10580869718570202
274818,0.029600827500503052
274820,0.014043660496097093
274829,0.06279325046232581
274847,0.21608209450958557
274865,0.043268275011383334
274870,0.03019637938686844
274881,0.15872945879233352
274890,0.1489806837077864
274894,0.0460009071239216
274902,0.038439831701631844
274905,0.07878015320297715
274911,0.04118773541504415
274912,0.13794379390201694
274914,0.02209574983153748
274927,0.030431970323722413
274931,0.01545310637572054
274944,0.20745869728408495
274951,0.14709913034425684
274953,0.10234035270137865
274954,0.02952281819989512
274961,0.017943490902934917
274965,0.11034473366360173
274972,0.10326068103910575
274978,0.05099338973778277
274984,0.03871858445021786
274993,0.02433527015476566
274996,0.019433190166850016
275043,0.012040163479556082
275048,0.0648621066676726
275052,0.07507038415081921
275059,0.016443064183938528
275060,0.02533530767596134
275071,0.04543354424399543
275077,0.08283641824346406
275078,0.06602783359004002
275091,0.017471235432663886
275098,0.14332089691691272
275111,0.06387346539937463
275120,0.18653765873604017
275121,0.2405210781791376
275125,0.05238946015600981
275129,0.040819067554247614
275139,0.026624335262141103
275150,0.06007010478606801
275153,0.05180552537898512
275166,0.1616206462403001
275185,0.14623811344186088
275199,0.4373894905573589
275201,0.02116695637128699
275203,0.032301401817154726
275216,0.10434682777049728
275225,0.18156380928132088
275226,0.04680707556011088
275232,0.025050453258423512
275254,0.08024271165148193
275256,0.42879810069544716
275272,0.10738003729264389
275278,0.01619107929052
275280,0.03486143354383937
275286,0.06612022098104467
275288,0.025533879508101764
275299,0.010815919304830742
275306,0.09084681600647825
275313,0.023117624261814972
275314,0.06443594389898867
275319,0.26921409768081966
275324,0.12397641546673285
275330,0.0400613546610169
275334,0.05080312572399695
275335,0.1376013315082789
275337,0.11640495019669589
275339,0.13495780120716858
275351,0.04526578951036954
275352,0.07184160833112946
275367,0.03884513293466208
275384,0.041561829925589405
275392,0.024627711192071543
275393,0.12388435264089177
275408,0.09881884559263843
275411,0.062153443002072095
275413,0.27449518448561067
275415,0.02655362400305179
275416,0.06072060749098513
275422,0.020915685843409523
275424,0.053654805911901554
275438,0.04526551327518931
275440,0.04833904780465195
275468,0.020202611932775554
275469,0.052715854284736824
275473,0.1648954679260132
275482,0.033167724594576835
275488,0.019391498874146616
275502,0.06356349044754868
275503,0.035314554958500055
275511,0.08991008857672933
275518,0.04686046929222038
275520,0.01164917100091946
275524,0.029825422825714765
275531,0.10414487087641616
275537,0.03471875593659982
275558,0.0450318014861687
275574,0.042288207443741316
275576,0.1160903974337493
275583,0.012042789684820395
275588,0.2141596569130126
275605,0.43226168369421425
275612,0.14537625983896288
275627,0.09764006442243377
275633,0.02174886049529419
275646,0.16459118013946855
275647,0.07153302114305593
275653,0.2057571362389449
275661,0.06230245411741217
275683,0.04662397038416297
275688,0.04502001449866479
275691,0.09244311386219531
275713,0.08573294066625221
275731,0.020136584281076585
275735,0.2154564328837305
275739,0.024129618759765072
275761,0.10944564225529058
275762,0.0439809928001587
275767,0.05066285713703829
275768,0.12604319172534847
275769,0.18522121480202702
275774,0.027727191524548847
275776,0.014681743670795448
275783,0.017071709967706898
275800,0.06997296061220477
275805,0.256692058682481
275836,0.008502872305828331
275842,0.039929410952348504
275855,0.2838700896022456
275860,0.015230782668565467
275870,0.09550115475427706
275884,0.1482087134292734
275897,0.04759282557381294
275899,0.013951692545416209
275900,0.04345997397349981
275906,0.09053528789305308
275912,0.11872829237252441
275922,0.15720291605624817
275929,0.21895219574803915
275931,0.14745259003749772
275932,0.020600623646105265
275936,0.2171152773420097
275937,0.031180129628696335
275947,0.2538495096807267
275949,0.22185419722485072
275954,0.17778503845031607
275958,0.021257443629511798
275966,0.23913659806198068
275967,0.03767903903018045
275970,0.15650630640652963
275989,0.15607203305668854
275993,0.06553524051322751
275995,0.033646875620786595
275998,0.042147831221402476
276007,0.09073565270730435
276011,0.06485675558590749
276029,0.2215587966010551
276047,0.013107593226470867
276048,0.05737998120221169
276050,0.08492032331761726
276054,0.04665646269489254
276056,0.05100934719381832
276057,0.14982231422002257
276060,0.019376240692454378
276084,0.011217597737441512
276089,0.04448318908408072
276118,0.01774106248652633
276121,0.14758871930226564
276122,0.1009980660320382
276130,0.02437353951048722
276134,0.0819897452707431
276135,0.03413415041013008
276142,0.19658045420425665
276164,0.020746831494762783
276195,0.19411231015123787
276210,0.12503786869301453
276235,0.030983850238558524
276238,0.04319032588537285
276242,0.028864270672034696
276244,0.12446408217322441
276247,0.02101464188247356
276263,0.17621166873522018
276306,0.16497117018925173
276309,0.023835473955342443
276319,0.09027904767027987
276334,0.06499589801809767
276338,0.011490127532617965
276343,0.016612823120696587
276344,0.08182159452185334
276345,0.026431307135800775
276348,0.019988745111988657
276359,0.031779396523745077
276363,0.05320948301167766
276365,0.05017378339690956
276366,0.06275914951017077
276373,0.03616468251808766
276378,0.07044829783615794
276386,0.04354586867740838
276405,0.017891825651777146
276419,0.01752846016669046
276422,0.02249695019388949
276430,0.06045358681700728
276437,0.09641131765937991
276442,0.07355028137918738
276444,0.035393167512301996
276446,0.04859047328688723
276455,0.19213141659251948
276470,0.06253273513797808
276472,0.03189929800432972
276475,0.2445051731537066
276479,0.033773356599924156
276484,0.01469270824110543
276487,0.1386860729532778
276488,0.32116455723437276
276495,0.06072574772009166
276497,0.22709597432577533
276508,0.5330882857285425
276509,0.07556093566067078
276516,0.02373190116217292
276521,0.019361727618965992
276525,0.06069637421142387
276550,0.036773495809373676
276560,0.023591474156151163
276569,0.03345430952570894
276584,0.021557327184860937
276603,0.013750581481746904
276615,0.010885835323507082
276617,0.018935647252339104
276622,0.02434651794677945
276625,0.045045997152591916
276629,0.04064609211522808
276642,0.023375184337705992
276664,0.02119463776248512
276674,0.021295494783045654
276675,0.3043724785560487
276678,0.1195011268532861
276692,0.05967435490626883
276693,0.04341763096855468
276697,0.029583753133097253
276703,0.0654024345112261
276705,0.060588892343903245
276717,0.0581931990229515
276728,0.029742772231385967
276744,0.05100381311330965
276762,0.058229368348493155
276764,0.03042453638446854
276781,0.05266465833868228
276793,0.052478238326361906
276798,0.05228340982314865
276800,0.03893163832716387
276805,0.03226804028834105
276824,0.06781604460402227
276826,0.052638975385976935
276848,0.10416432719427375
276854,0.13431034032964598
276862,0.3746399775315609
276865,0.050412463522434385
276869,0.07391433783042425
276880,0.008731658951399249
276882,0.05135327189788293
276886,0.05644508471361726
276889,0.11349696298035197
276892,0.08139636035486543
276903,0.007376641383555966
276906,0.06361955353413316
276936,0.017762268394482052
276945,0.019178915439764337
276956,0.021371412286821365
276958,0.02263328858258956
276963,0.012135852986742898
276966,0.018851470143864082
276987,0.041356656920130984
276993,0.05272079932571712
276994,0.02128069933302206
277004,0.1368896363301702
277015,0.011879350778737394
277021,0.1365167586056189
277024,0.01845638297993003
277032,0.05170288488195954
277054,0.11695407907109054
277055,0.05933058862901147
277061,0.02932525835254301
277065,0.2243684983328823
277070,0.033022472967803314
277079,0.15427916453593504
277088,0.02963673582566565
277108,0.0635803563731918
277114,0.04497631509658319
277121,0.07684658589043286
277137,0.062077754835664266
277148,0.0683386113265846
277158,0.20488222928081246
277162,0.04427032202740392
277165,0.2450847418668432
277167,0.02337499906632783
277170,0.03289580492123
277172,0.027034763587711338
277177,0.04375619025806247
277179,0.1838605611124543
277182,0.04346232621927211
277185,0.022468358504380115
277191,0.04686684435597631
277200,0.1979649957883983
277211,0.02200729524302427
277217,0.027744540105806403
277221,0.0457589661979077
277226,0.022090574697561996
277227,0.06950491549308968
277228,0.15680322892830342
277229,0.03067272762521712
277244,0.37927895356532926
277271,0.033304186494821884
277274,0.08622475313705444
277282,0.017717144390578008
277286,0.017046965158634065
277288,0.06762860698621384
277290,0.011708983899984957
277291,0.015033887973039714
277296,0.02092039611894193
277297,0.021541322216251328
277320,0.04400047219383671
277327,0.2675918659405637
277335,0.16938386809683054
277336,0.05266445805702533
277338,0.06789654343304598
277342,0.23922313747985702
277344,0.04203008278229858
277345,0.05523318459411555
277349,0.0529419175404538
277356,0.027964749975752795
277370,0.031059517307426475
277371,0.14226814457093911
277379,0.1274814746461262
277386,0.33699143215261473
277390,0.12480305570149319
277400,0.03508687196022272
277401,0.19511700500663132
277412,0.028642505315290945
277413,0.11247065223369238
277415,0.029017895146679434
277417,0.1682105508463049
277419,0.0827347288138743
277422,0.16087412661806239
277423,0.02356850911658694
277425,0.021280200540785808
277432,0.04070378129351107
277438,0.025315483072707715
277445,0.03536477737691473
277447,0.12038160939026726
277456,0.023776496375320103
277457,0.043533874806862535
277474,0.07601681398028233
277488,0.060236950760834546
277494,0.040691277280339486
277501,0.05922278680483718
277503,0.05897426722738264
277510,0.07265278057348072
277516,0.0828891513749401
277521,0.2895099467743067
277522,0.022425179722530667
277530,0.05242454828322093
277531,0.21663032628169682
277536,0.06544060144777424
277548,0.04055556767777503
277550,0.041337578867343114
277554,0.029782233849564313
277555,0.07980501927863118
277562,0.06423480743590072
277565,0.09394279826218206
277566,0.015610671180406729
277572,0.15946633248864966
277592,0.16249389918378912
277593,0.022431303454560444
277610,0.075577511301399
277621,0.04019574939205543
277654,0.18006939024734342
277668,0.018661363672993946
277673,0.006932364621692319
277675,0.019842800791803457
277694,0.012863575185986466
277697,0.14618936121896
277699,0.022062375205106018
277700,0.014331882587372174
277701,0.025212155775589058
277708,0.21015468823078567
277710,0.021553552914816292
277717,0.12114491020087967
277725,0.04434778240730812
277731,0.06542967851670925
277746,0.18353949106486556
277753,0.03498613602728658
277757,0.2713214031272669
277764,0.045114185507436184
277772,0.07160455851536517
277775,0.15481401756286195
277777,0.022545239838127486
277787,0.03740822780086808
277797,0.022799696840091175
277798,0.07898496795264498
277802,0.21895894263447574
277812,0.034387206040884216
277816,0.06375013901708364
277820,0.011971477737295483
277821,0.022958554759680762
277822,0.11114579206286797
277838,0.07692569677593916
277845,0.015610153203286611
277846,0.023397022904141706
277854,0.09926026957673384
277856,0.13792315798036017
277866,0.2397119194121134
277874,0.07779197679538927
277893,0.17217670891194586
277900,0.03443870292427373
277964,0.03142049332742032
277970,0.029289878636344795
277976,0.048104989252642935
277983,0.06175883271837612
277994,0.021506962052572597
278011,0.045446862783320316
278025,0.23597187024694272
278045,0.21665298810871486
278048,0.18721823929885423
278066,0.027515525959952873
278088,0.05012035693756976
278098,0.027952930162447213
278101,0.12517798241242714
278113,0.035666279224774014
278114,0.05403380928992947
278128,0.041190839618173644
278152,0.07240626352918784
278157,0.0967603396563333
278168,0.12297117278768253
278169,0.038457620816132444
278174,0.04374293767744667
278176,0.00930603419896953
278181,0.16152327332606148
278185,0.09426455951071333
278225,0.04041454586288315
278236,0.2382926117231254
278242,0.032944345986148156
278244,0.02475012720068076
278251,0.035305055296558446
278252,0.049990052188064835
278272,0.27236610561229335
278279,0.015683517173001406
278287,0.22758246799690926
278288,0.07286061265704916
278309,0.0474836127621346
278310,0.06200257411630809
278316,0.07156781105191687
278318,0.6112740350891679
278320,0.05318534669896545
278344,0.26235450696306867
278356,0.09212054514543169
278359,0.02124275734014268
278361,0.023208260501626752
278368,0.03832127052706372
278372,0.025639751758364422
278384,0.1861615070746344
278388,0.017417482811072332
278409,0.11677923973422925
278414,0.05099758475807101
278415,0.14533475894285702
278416,0.04122129717792779
278422,0.028837404093268
278423,0.20837661292276977
278432,0.09599603844356204
278436,0.12104913108295223
278455,0.07353400954337284
278461,0.14197557917742756
278469,0.12003006228892904
278482,0.10773897335257268
278487,0.04826267964732846
278493,0.054951261242133384
278501,0.06416566499907804
278508,0.1564878260679365
278511,0.024124322221287374
278519,0.060276096829009806
278526,0.022500455496826555
278530,0.08005724337245695
278533,0.01817086623405333
278539,0.13746376192696577
278545,0.02773391751411597
278556,0.04004019454338793
278559,0.08549038330000444
278587,0.03406573007881076
278601,0.026730475560350277
278603,0.13267881152709016
278604,0.15908989752925942
278605,0.07627332496724329
278606,0.026659132978387443
278613,0.042251517425831844
278616,0.13933844354627425
278618,0.0676158416342098
278632,0.07688035363016356
278633,0.10551349399804003
278637,0.014533153129648084
278645,0.09663785955199183
278649,0.1520068930308457
278653,0.15640706188147607
278662,0.024192159263916498
278673,0.09839674040173566
278700,0.09067943561535335
278703,0.06950003036316199
278704,0.037950583826709454
278723,0.04665886935307316
278725,0.05526504237507325
278730,0.049529306096438325
278750,0.03500679241394978
278765,0.045572832733679305
278770,0.03793222437621946
278779,0.024839742140749414
278787,0.03938759161318611
278791,0.022701794307448585
278804,0.0359642062079452
278807,0.07823185628153123
278810,0.0581710072587672
278812,0.02901896119923727
278815,0.1979601839084839
278821,0.1561947680185869
278825,0.00982606312577487
278832,0.04054646028061591
278836,0.06144212119686881
278838,0.1457070996316652
278840,0.06866445900514011
278844,0.0758202756334688
278862,0.010721940367117207
278863,0.03661882965407273
278871,0.049816513357785815
278875,0.018669304373650733
278892,0.3426187749164719
278899,0.04752361012034502
278903,0.08044981253980969
278909,0.030986845238750376
278913,0.24376280857452545
278931,0.019513860008401603
278932,0.058165309368371026
278933,0.08413539106822959
278937,0.020749514553949723
278952,0.03529290780052774
278954,0.014215630225997058
278960,0.1726654914460985
278967,0.043674288107060005
278968,0.04299370437639737
278972,0.14255244412670826
278976,0.12863230840945514
278982,0.07709700247268578
278983,0.09188454463785536
279001,0.09062391515071068
279015,0.06112072149022374
279018,0.19099666681833288
279035,0.10156500817096971
279040,0.11583403498503608
279043,0.10154226088215171
279046,0.024513023073946597
279061,0.04203152212597816
279063,0.026054047901248815
279065,0.012586249768896168
279068,0.02277199816529776
279070,0.05371536313718332
279074,0.1665022406073568
279076,0.0657166915384938
279086,0.013975935525983302
279095,0.03102843267470215
279107,0.1538404958210725
279108,0.11980832862802152
279109,0.009484409451464879
279110,0.07805644645752453
279111,0.05648140949021056
279129,0.029663145141353313
279134,0.039350142877554596
279137,0.07377565426116724
279142,0.1791768386016942
279146,0.011241309985397008
279153,0.004839340539363099
279157,0.04169603873932991
279165,0.01784810616571634
279166,0.013510953338281778
279172,0.0616278182918205
279173,0.14033576304347908
279174,0.0854964656973553
279179,0.16076492962430672
279182,0.014473368711675535
279186,0.04763071472689097
279187,0.026824544816324042
279189,0.01852597826098903
279201,0.05744227306724395
279202,0.049817588622080106
279213,0.02528635584366259
279214,0.020881061789107105
279217,0.020633163043106854
279230,0.15718203829543081
279232,0.05932035154241977
279233,0.022048526235431576
279235,0.0653612307513215
279250,0.014444813117050974
279252,0.025712604825545642
279257,0.042930374454033485
279265,0.03844286635610032
279266,0.02755592154786571
279279,0.034548808872599784
279281,0.01832909948728848
279282,0.02539625711495681
279285,0.11015116051199213
279286,0.0754398731792024
279297,0.01971981116346115
279300,0.06201226544103935
279318,0.015711836979782918
279324,0.03906988471526289
279334,0.02601473415651471
279335,0.028892693312418546
279336,0.051952041729048465
279341,0.08986318782329208
279342,0.26659451438651127
279353,0.09675916015234536
279357,0.11453586998394714
279371,0.1432701470145943
279376,0.038050584840212946
279391,0.06588919845362826
279392,0.018937991649062694
279402,0.12304686349884986
279406,0.25532495873220223
279408,0.07389561087709677
279434,0.08803998584817088
279439,0.01764412412722267
279448,0.021590336345282585
279450,0.08795281920018691
279456,0.027697236662256437
279461,0.07303460050356074
279466,0.012027624667454736
279470,0.07041133795793696
279471,0.00822044932600799
279493,0.04726219659972089
279500,0.033407889094984336
279506,0.014039689773431379
279512,0.04729631875992678
279519,0.0692665868238677
279533,0.01752513085785012
279549,0.03035800092864748
279551,0.3781670297663978
279556,0.015558359808927676
279557,0.05092256130425769
279558,0.0842376225757261
279566,0.060815628689694534
279592,0.054171359239066345
279595,0.23512631048571725
279604,0.10264242627869263
279608,0.024227683606263574
279614,0.037871830665449455
279618,0.05690231706477726
279622,0.08306443981462018
279648,0.14722086718242824
279652,0.022501062814723763
279653,0.10120768486644724
279679,0.023498421394142203
279690,0.0678570098774918
279691,0.09177870872005668
279694,0.19581278770510546
279698,0.1320515215981054
279702,0.04784510706934987
279712,0.02680764738137354
279713,0.15353129948731406
279715,0.0193995824894139
279725,0.014956366377791809
279727,0.084976324609438
279733,0.039334590759719304
279742,0.07214683185727427
279748,0.023620197713172537
279754,0.02768627693214738
279756,0.15791592019497466
279776,0.11826202446661807
279778,0.05130228699183505
279779,0.015704911234256796
279782,0.14134839854223294
279793,0.023339263042328747
279794,0.03042791351075296
279804,0.2889930145945123
279810,0.012827986903502094
279817,0.5208615558297106
279828,0.08210658867180982
279830,0.04983620452608503
279831,0.07158174106034455
279834,0.0882258773638289
279835,0.03945126030374682
279840,0.02813472175482989
279847,0.04814600755565421
279852,0.06642134643666964
279854,0.09565680288736837
279856,0.05609813111661666
279859,0.0874191813701477
279862,0.03372881128012602
279876,0.09567852671274941
279878,0.046492768944788425
279889,0.012521123577364665
279894,0.05364718551331263
279897,0.03471926452924418
279903,0.04092347761616994
279904,0.030111066404027297
279906,0.050882634241007765
279909,0.286388043945067
279922,0.24153052252694035
279925,0.028523646934980378
279939,0.20040963366367165
279940,0.06593338731195314
279942,0.04674080324984202
279948,0.012216973913936429
279952,0.006270937184753767
279960,0.021154299669367018
279968,0.04444422837667119
279969,0.04688742159015098
279977,0.4705625851354618
279980,0.05547678325011032
279994,0.040685846641602984
279997,0.14326509306385327
279998,0.11391053139825774
280007,0.13313042881808515
280009,0.15893462918486317
280010,0.3842038433243054
280020,0.03642743790198135
280021,0.05717065465775879
280022,0.19748636368148215
280052,0.03425001195091137
280058,0.04461561758792962
280074,0.07748180953260095
280076,0.029320589130535618
280085,0.20677289373487387
280091,0.04186294521852847
280095,0.018068002617619868
280107,0.24207816592909226
280116,0.10035656071591499
280140,0.09663584414783633
280144,0.1939340440104809
280156,0.03743389529804736
280177,0.007528692797298623
280191,0.014764305515789965
280205,0.043331526302660045
280226,0.13390403007054716
280230,0.06330143094946461
280234,0.013981513878502678
280264,0.031086195788457605
280274,0.026647377155438887
280298,0.02758700690454219
280299,0.040019174744337645
280300,0.0720750871085543
280301,0.06155520004681449
280308,0.00821060514283217
280317,0.044233270617599976
280319,0.029393853513240732
280322,0.0373609392200072
280342,0.03954310308055109
280348,0.13665674540929101
280350,0.047970054728166206
280353,0.0972285092035219
280366,0.03991832298235955
280372,0.037647802722825856
280374,0.014288679922371948
280376,0.23902404285390888
280381,0.011476821649450518
280384,0.031192549986960343
280388,0.027021694166151366
280397,0.13051479255776957
280401,0.025406036466488945
280409,0.1493132485456052
280413,0.012416262743823351
280422,0.19806058922394065
280424,0.06502098836873958
280426,0.09231672660384851
280429,0.0801530960602514
280430,0.13438074500986333
280435,0.05511102212409952
280444,0.030939255723561546
280450,0.08421950717901502
280455,0.2769737423615787
280459,0.0201475543871706
280462,0.065591226567653
280466,0.21983892007288863
280470,0.022941415497475914
280473,0.053026397910490936
280517,0.06162504094923395
280524,0.29738275674570674
280527,0.028898599807113123
280531,0.019893375223877765
280548,0.0491638984047602
280558,0.4212004261812228
280563,0.037608120281423664
280598,0.10777315101380809
280599,0.1928153148243808
280603,0.020326814255313852
280607,0.028090085048059252
280610,0.2280860376529216
280612,0.1351347092349193
280625,0.031030639845647925
280631,0.028651882640925032
280650,0.13186150203622343
280653,0.46448327834978964
280657,0.04032217125917765
280669,0.020710852921638392
280675,0.031072343741574377
280679,0.11494763533208067
280685,0.008444081000435692
280691,0.05325659358281583
280693,0.019023298092084504
280706,0.08853120410866738
280714,0.028553929104428617
280719,0.25193523523784234
280724,0.05091582617486487
280725,0.014884627545614162
280737,0.04790507842591471
280738,0.06886310017823612
280744,0.016388755712369946
280746,0.21822009842073445
280760,0.150704720684438
280772,0.11495591694311036
280777,0.06013310642557598
280784,0.03434560827013954
280785,0.04713110397989001
280791,0.033502031275430874
280793,0.023273481840543838
280794,0.01913673108599217
280800,0.057244707241402085
280805,0.03504043429646719
280806,0.03370035890166673
280815,0.1485954026486414
280823,0.012965478482263912
280831,0.03766305794233355
280832,0.02191610328220253
280841,0.0634746649716036
280845,0.06390922716676901
280846,0.016615575661194357
280854,0.015359448134715275
280857,0.007908470609715897
280861,0.05611197383874145
280862,0.08550016944361431
280867,0.1076765504886816
280877,0.047288223344596994
280879,0.1319022356459561
280890,0.0338759586293365
280891,0.13278889096386645
280903,0.44892828267179874
280916,0.040705661849478374
280929,0.01907530615297917
280934,0.10862117175173522
280941,0.13803515117939003
280947,0.03823715426954825
280962,0.036065504503034924
280963,0.13293715881538382
280966,0.03935003731088177
280967,0.02619796975077832
280971,0.3621658331390332
281005,0.056439133664948654
281007,0.07394416009013961
281008,0.014077241392119123
281009,0.038347354549589936
281016,0.02403204732521065
281024,0.16325461238413203
281039,0.06891228775243691
281045,0.010205944906158232
281054,0.15386212540688207
281055,0.06179989595341204
281056,0.09529623208450372
281068,0.11717308223081303
281092,0.05250989786444725
281094,0.013945110341902557
281118,0.25983704941958946
281133,0.013760651835871192
281137,0.018236869162080824
281164,0.09813503163714607
281176,0.01443465533472094
281177,0.056839017572336864
281184,0.04541469469498252
281187,0.13745620081589546
281192,0.040974974023397046
281195,0.09034041756265002
281220,0.03745589993758889
281222,0.11021554107514529
281227,0.03669027844823007
281234,0.03665057783241251
281251,0.03918634523632776
281278,0.026108910513524985
281298,0.1949115396442196
281303,0.14222942260214427
281306,0.27869039140801527
281314,0.030815683407393053
281320,0.038817024786658064
281322,0.06908156281490331
281337,0.05806994564305665
281347,0.16305692473275848
281357,0.019084918141293407
281362,0.05397559294621605
281365,0.03817935515993776
281366,0.03574399037503021
281367,0.0627600141566364
281373,0.04112396825008353
281376,0.039128913251929846
281400,0.18997447481392082
281417,0.012963014567650229
281420,0.013235334403544683
281422,0.049183393159892355
281435,0.047350557897353714
281439,0.01639029629069186
281448,0.09268535905162098
281451,0.064266378963453
281453,0.012729857085560299
281482,0.02527277692141523
281494,0.13181481561289174
281514,0.04111229752075357
281515,0.0345313201661339
281542,0.12009412978312595
281556,0.059085758218811985
281568,0.046500140458661875
281592,0.035218306128337824
281593,0.004276267860738978
281607,0.14046095274802178
281613,0.03840564089717932
281618,0.3191946560075113
281620,0.09581041211704808
281628,0.18114461368921703
281629,0.035381526758614765
281633,0.038289788142184936
281634,0.02506694448904707
281642,0.049468262806891025
281643,0.04493781287636214
281653,0.09533516874362201
281661,0.04126255434432382
281671,0.04542872013982303
281675,0.03585785636030912
281684,0.01603173664103884
281692,0.08844746310444979
281697,0.015909623113910976
281730,0.07302563500320391
281731,0.06396028756944931
281734,0.0678507960876985
281737,0.015079636821948685
281750,0.17453915815722448
281752,0.07774913991348903
281764,0.06292263918688577
281782,0.058735047591543146
281791,0.024773017942681382
281793,0.10732747079178395
281795,0.041957986305336814
281824,0.06209487485603746
281831,0.05445633012713899
281845,0.02579527448264096
281848,0.02187187446034098
281854,0.03942757797076782
281855,0.0688981427534258
281867,0.028338421843768252
281873,0.02789909109698567
281875,0.015488000971334511
281876,0.16956495611377903
281881,0.009675137072552568
281905,0.026496285044340488
281906,0.0979665733220399
281907,0.02672006828387387
281914,0.10084544938546042
281929,0.028956658708244223
281936,0.19155299097591272
281938,0.011690511795880456
281940,0.019320342038508444
281941,0.04423703828390669
281950,0.026422210923649502
281954,0.03326044275037243
281955,0.10196740174750948
281956,0.08393008682346498
281957,0.02398501065269011
281968,0.07994112303774228
281972,0.15415650148792998
281974,0.03250699766085233
281987,0.021788852379470532
281996,0.10610777300414916
281998,0.02314974856253108
282002,0.024994416721557923
282004,0.06671034003116835
282005,0.027058676392139717
282020,0.06986166856813718
282021,0.04191466927659736
282041,0.07730689732982522
282045,0.07155719380670976
282046,0.019795442759263704
282048,0.0334483365018887
282056,0.1258631636516366
282063,0.03225907282355018
282068,0.11580551982268755
282072,0.09541902786267503
282100,0.07800246447362874
282104,0.06254577092250312
282105,0.03699178256171253
282106,0.04183306409099952
282108,0.03272659338748353
282114,0.1412674393986147
282132,0.08622938242821998
282133,0.03604679806069892
282136,0.08506286233807459
282145,0.24151844771003544
282146,0.2125538702028441
282150,0.04445129560905274
282151,0.049243806715967564
282152,0.12733440574555982
282157,0.22154520609673106
282165,0.039189611185982486
282167,0.02662667320145256
282178,0.02506318695415519
282179,0.041481814004661305
282204,0.007030319298310285
282208,0.02714176282767268
282218,0.03313397556441355
282221,0.4713317857094842
282223,0.015543103839959152
282226,0.010807566242487979
282230,0.027802647487903495
282232,0.06277165947684185
282235,0.01575466414248583
282236,0.045993472834235744
282239,0.052099301194349974
282246,0.014393116646484669
282250,0.19422322732905356
282259,0.02893938325400712
282270,0.022396865194377606
282272,0.009259117678506961
282282,0.26658589584580095
282292,0.05174136275088844
282306,0.05501254339056447
282311,0.04351188612963226
282317,0.17178323028481113
282318,0.027872635162975293
282331,0.02371700338868126
282338,0.1398176504760019
282349,0.03453715028322346
282350,0.25856268318408443
282355,0.023174479954477203
282359,0.4579434788272545
282382,0.021015585079935523
282396,0.1398137515495227
282399,0.10052768318792143
282408,0.028442038089428037
282421,0.04494982977528185
282427,0.05208839634275266
282437,0.037375510463700454
282446,0.04127299174246353
282448,0.014008299646994751
282453,0.02230554192482489
282456,0.05874133747229364
282457,0.146457698777552
282465,0.1660523682040841
282476,0.10377504554829874
282478,0.09709823162006706
282482,0.02312746748859418
282485,0.1312690830926958
282492,0.07252178380942022
282498,0.19912653513904616
282503,0.01804525506707481
282512,0.09796856334610017
282521,0.17848400936151376
282531,0.22437386576610424
282548,0.05377635963966521
282582,0.03141955297245891
282585,0.033669704091651306
282605,0.04533724854765453
282618,0.018677926721987675
282633,0.020219091380306926
282642,0.18773046867408233
282645,0.09862447709631444
282647,0.06440843675508244
282649,0.030364690091994093
282654,0.04812804240132248
282661,0.07603088361751124
282667,0.014486906053664029
282668,0.09711755739262773
282678,0.03163398442832648
282679,0.11643656648423516
282687,0.023562179089957704
282688,0.04654889056673547
282691,0.044493579879688314
282702,0.012197777734020289
282709,0.03312269010964929
282712,0.051271033684117825
282715,0.1917925207521022
282726,0.012724323559007053
282735,0.03884838085315842
282737,0.02143013424456596
282746,0.1990972239406767
282751,0.004435642109419384
282754,0.41900248487542757
282758,0.10602021736349121
282773,0.3478693371592957
282787,0.025780291449092038
282794,0.029653733092727078
282812,0.008533521369195744
282822,0.1637665307408003
282827,0.1010455055127212
282836,0.019576531692721895
282841,0.03085233340339983
282854,0.1174604831254931
282862,0.04463026688189734
282873,0.055172799754629145
282890,0.08869374413408417
282900,0.29975941772188114
282906,0.04706811095703568
282910,0.11248196028975349
282915,0.016489501709703182
282929,0.009460340903624236
282933,0.038519078905635655
282944,0.11605926602907045
282945,0.03437724765051372
282950,0.01034205173584862
282954,0.03726607133847487
282960,0.017691955074721797
282961,0.07059388766041362
282962,0.04808704513021115
282965,0.18569678989112648
282971,0.09383084583513915
282974,0.024366728014440682
282975,0.01302350068452807
282979,0.03264876512020584
282984,0.07595993224866739
282990,0.13071753997682423
282998,0.06731315208862546
283005,0.12541712876423153
283013,0.20311202124610314
283018,0.12638735941179535
283029,0.23475614877342718
283032,0.01732847196136531
283036,0.1389782185737429
283041,0.3289559828934585
283046,0.13824651610980665
283050,0.013788440778716316
283057,0.0687472406814592
283065,0.07104852331525004
283069,0.20008268607146731
283074,0.016588058655184573
283076,0.05037023649425926
283077,0.06743993847485805
283089,0.052352847815402365
283090,0.032678615533916294
283094,0.10248066502043482
283110,0.07907736360152609
283118,0.13600217946199888
283127,0.018562746369892212
283130,0.038172246903783194
283139,0.18752679771762884
283143,0.11082959137975185
283144,0.17676672722706824
283146,0.04288013129696768
283150,0.03336767782424849
283161,0.3905175592435744
283177,0.11126717583497056
283180,0.04188628783096363
283184,0.0508915589588894
283191,0.052858998573550864
283193,0.03670996397771759
283196,0.08029732318121041
283199,0.08364072363222691
283202,0.16383012350084294
283205,0.010701107694678027
283213,0.05855901901104621
283216,0.0346741056447165
283218,0.04555734207325448
283220,0.03557958432350162
283227,0.16865379223882276
283233,0.04227861138032243
283248,0.09242427753768372
283250,0.11161868385152121
283261,0.026881612048800445
283264,0.07069131165685598
283267,0.04347324985470758
283269,0.029247665744625645
283271,0.02542419324592313
283282,0.10942564451164351
283283,0.03680570586300523
283290,0.033311635809557594
283295,0.05383832687213289
283298,0.031728137738383386
283303,0.24863237148433884
283309,0.02355982219126513
283310,0.020769507210140786
283314,0.11743619674376135
283317,0.0253403491679177
283318,0.04227039329135267
283323,0.24338149655589877
283327,0.07653396881742108
283328,0.08046958546000159
283336,0.1329245785605076
283340,0.06126084948143383
283344,0.06068707364935696
283345,0.381831906097726
283360,0.031953753810382284
283361,0.0109838050350959
283383,0.2560325003959025
283387,0.050467252419714094
283390,0.013926942219454393
283412,0.033593159274489776
283426,0.019879530682670392
283429,0.1995559345059037
283433,0.07972790874858234
283437,0.025124119181900165
283438,0.010962490354352965
283461,0.04992513325384475
283466,0.021167412419074355
283477,0.0360352320458367
283479,0.07763749146561005
283483,0.037545513217590976
283484,0.022787443099762984
283486,0.024480298858248692
283500,0.02958972803955548
283512,0.14229404468723975
283515,0.03612758590593356
283517,0.40098959472961093
283519,0.015107974020188989
283523,0.04251204105783811
283528,0.12748286714289533
283555,0.08610991352291725
283565,0.041383961967821216
283572,0.04179043632747953
283576,0.02330720454940679
283586,0.21969438508010267
283590,0.04931522406703197
283606,0.044525441828832675
283615,0.018824984585476035
283619,0.0554304842576181
283632,0.22093461413100884
283635,0.04387908818804516
283636,0.01948686343769415
283641,0.08381933412927339
283642,0.03476270583699345
283647,0.030963853854825654
283667,0.012626926121587036
283683,0.06852220118585796
283684,0.0905049106170982
283687,0.08099075208597303
283691,0.035238664034975185
283693,0.12736824093378146
283701,0.026688378799450165
283702,0.0401520634308618
283711,0.19322618437417036
283713,0.39158643451462166
283726,0.040779514298726394
283730,0.03435515439036181
283736,0.04579171661784594
283737,0.11139388349841794
283740,0.02273208398061175
283748,0.046324956609708104
283750,0.07990580704530863
283756,0.013696687024155912
283757,0.010751609479332194
283774,0.2208373601385322
283776,0.09418450651316362
283784,0.09505993427632195
283790,0.28255357627747635
283796,0.011240166584832761
283806,0.04737866583247411
283816,0.0029929955323121124
283825,0.11914780654202807
283827,0.06876485996092893
283835,0.018573880693110324
283839,0.20029704003377033
283843,0.06936654583727155
283874,0.32726319051654573
283880,0.030453734581332242
283881,0.12864019112906286
283882,0.3393867407675484
283887,0.015756556614236
283891,0.07258454625490532
283893,0.06267528381264036
283895,0.01701671719160678
283900,0.20997612010098035
283906,0.06693657746172177
283938,0.01649350467852774
283943,0.02329303139710826
283953,0.2162979610361225
283958,0.12142304690987198
283961,0.005165487412632383
283972,0.0207310488218148
283973,0.045060508725496926
283986,0.10689098560953883
283990,0.00663677780141996
283994,0.2923673346295634
284000,0.010686083142948902
284002,0.1046474909135606
284003,0.06707652181753193
284035,0.1398011319735571
284049,0.010789374666702236
284055,0.013368706686573015
284060,0.02654870934703972
284061,0.07434971815120661
284069,0.11091656718956372
284072,0.06005340982799759
284075,0.07742224070299417
284087,0.039629791878820424
284093,0.021859756875847944
284095,0.03018505949268159
284096,0.09070812318914429
284106,0.02052529841030232
284109,0.05035500604084289
284112,0.03769601781744421
284126,0.05388502802824596
284152,0.03923111505146052
284155,0.03034970864430976
284157,0.03019552861038068
284159,0.07457390547251438
284194,0.07254741791680538
284207,0.045121132176088416
284211,0.022610547774578535
284220,0.15612344098473013
284232,0.08788917772164327
284239,0.17680753521919185
284246,0.021001912066511717
284257,0.1273771814275555
284259,0.03282832215872909
284272,0.04639856668430426
284277,0.05280630984015035
284279,0.25902120827927233
284283,0.04344322140099681
284294,0.027348603742426966
284298,0.023983418566605408
284305,0.10690058930615623
284309,0.039051525685757996
284311,0.023062106648981895
284315,0.01508830363725608
284338,0.20642529347625305
284340,0.1254845627110973
284342,0.0907204584553391
284344,0.01652946351765485
284348,0.030762542134200193
284361,0.08612444856388096
284373,0.009372751699828336
284380,0.3047159393570627
284408,0.01326162037117487
284422,0.014619333820494336
284423,0.058669805681396195
284427,0.11547073640737865
284433,0.17634672616832975
284442,0.012179269899795786
284462,0.20422848466622046
284481,0.18236787021905485
284487,0.02399899014804275
284492,0.01677423313979915
284495,0.04142394118729519
284499,0.2942368687037157
284503,0.09898669920232823
284506,0.0922619795424337
284507,0.012235728320744961
284511,0.3914054519618618
284512,0.08810364804687726
284513,0.017231146818684026
284520,0.07345713429923735
284537,0.02509700001064568
284557,0.13754827396264294
284560,0.04104181567065193
284571,0.09023459138931494
284573,0.2602804055251918
284574,0.01586297760677041
284575,0.02958662020988131
284576,0.0524835694322116
284578,0.05623050150526304
284592,0.04810707780523318
284606,0.1797554734592921
284609,0.06229579568442827
284614,0.017057466876659898
284627,0.01895527645436529
284630,0.12839611177013655
284633,0.01933894572032428
284647,0.03640302427826859
284650,0.036968852561546035
284655,0.07421417925070818
284661,0.010298953179776122
284664,0.025855171808629472
284668,0.015122074152807016
284682,0.05677629406358448
284683,0.1220392664717362
284691,0.03609685511797527
284692,0.0778752607065741
284695,0.07025841390790376
284751,0.2785224843141484
284785,0.05113691568358684
284796,0.00856417125994413
284797,0.01689046349784189
284799,0.023742353538206414
284805,0.024929966207562174
284811,0.024252721272227815
284844,0.023306403776244912
284856,0.1580011874226696
284861,0.05025792267476675
284864,0.026440696783919044
284866,0.05058385264776591
284867,0.02771075593434026
284871,0.012793024323194832
284873,0.01808863723547914
284888,0.22291251107609306
284895,0.0037016876422954776
284906,0.03684966954640004
284907,0.08027503402816531
284908,0.03607816133363985
284914,0.014071161595522508
284916,0.029841554764561656
284920,0.09855670802530385
284926,0.021647652485745912
284934,0.0498027059631283
284937,0.032740447595402754
284949,0.047302661658293846
284986,0.019408466097598786
285002,0.059219262483835466
285006,0.09706453019128777
285007,0.16619410403907972
285008,0.04513419686203623
285016,0.015241906459853637
285040,0.01865318850447093
285041,0.007934482720526798
285050,0.0685618202652402
285051,0.02133082320849301
285059,0.06612541381065247
285077,0.09969258942134777
285078,0.13528613166188286
285097,0.018404722176648874
285102,0.0573007204859163
285104,0.015783447046906773
285117,0.04406388555019569
285119,0.11101325441549678
285120,0.03575298192870569
285122,0.051418214929782935
285131,0.125061090487881
285137,0.0188471131477579
285139,0.04826923986271296
285147,0.02111684483398943
285176,0.02815633978962425
285177,0.06334900749900814
285183,0.04981230828572641
285184,0.013526189574631458
285200,0.011618671256744767
285213,0.11642882668495044
285224,0.05643582666091579
285232,0.045636451958992734
285245,0.1906538762034024
285249,0.014546753101157588
285253,0.04182346131828241
285268,0.02572880363772256
285276,0.014200207408042897
285282,0.19398338557141245
285284,0.260413007001392
285297,0.08732746047214664
285304,0.02625173329728046
285305,0.041557505800438044
285337,0.02364035979181589
285346,0.03272632186685868
285349,0.009479015778531875
285354,0.14797145157186714
285359,0.07677284412105256
285366,0.15294805160380154
285367,0.21055069225890982
285368,0.1727443840869775
285376,0.12458695443656145
285382,0.017665058516148986
285385,0.17699958053810375
285389,0.03442975935715211
285396,0.02701038844162368
285398,0.07851769192123408
285399,0.03593081993043734
285403,0.1055226891977478
285405,0.14095913472392868
285407,0.14639036279646497
285417,0.13800742564568
285419,0.089094857302139
285431,0.039414417077914723
285457,0.06835045549921874
285462,0.14217423228504367
285463,0.012553262726892245
285472,0.06554610302423602
285476,0.016394059489438537
285479,0.11583095318839641
285482,0.11501418430621035
285486,0.07566000049603352
285487,0.05220968060239829
285497,0.009595775215098431
285498,0.0526588037937002
285507,0.29728952107289636
285509,0.018429851298050234
285514,0.054477749577476996
285516,0.042509884144070725
285521,0.03709560962534481
285525,0.006551553125817301
285528,0.03302949365621874
285555,0.03900274513901201
285559,0.03372175963710985
285561,0.022877695361113195
285562,0.13236063018016747
285565,0.06750253973397317
285571,0.04172600897254905
285583,0.07885515331448886
285588,0.10794758106430806
285603,0.1080342444535492
285612,0.06745127117737112
285628,0.23719606025663498
285635,0.02720061715685306
285649,0.05815145578767939
285651,0.02465906951369942
285653,0.07691717853889764
285662,0.1090626647446176
285665,0.016320987276352495
285678,0.030110518200033777
285681,0.025139773501592484
285694,0.12149031054556877
285695,0.025446623829254816
285701,0.024476189608040353
285721,0.06960739813439284
285730,0.051432506736091885
285733,0.013718199651911376
285743,0.038513140953874814
285744,0.0751074256379006
285746,0.03574983965563292
285778,0.04965871008699724
285784,0.03236240330337142
285808,0.018851380795782077
285810,0.08022700656401448
285831,0.09717285021008652
285833,0.03922026715953715
285841,0.02322618418955332
285842,0.03950028346483561
285844,0.072306995766018
285847,0.041653859701609106
285853,0.017139434261061223
285861,0.08488815490850676
285863,0.022717204973453742
285867,0.06530027063641562
285870,0.40025768540183626
285879,0.0715729472320248
285880,0.04451716345860418
285882,0.025946405261536472
285893,0.008885134400578691
285897,0.07868115262682121
285912,0.0808655146610543
285914,0.04776023604954269
285918,0.06698051889229717
285927,0.20017705739358332
285931,0.07161135975840088
285932,0.07515153092468627
285962,0.11258264380902516
285975,0.10288237867707031
285978,0.16251896997451407
285996,0.04053362014053037
286000,0.06515263127512111
286010,0.03830605359416507
286011,0.11143374207116315
286018,0.04844543292318128
286033,0.061135223239520094
286038,0.29112270672902196
286042,0.039066184944430975
286044,0.07255576339639311
286047,0.01224087752795655
286050,0.1472780184207615
286052,0.02774364989547886
286056,0.16069919176611236
286058,0.020009252983013988
286083,0.06619994828061791
286088,0.16484055583606505
286094,0.045767574833276994
286107,0.2872296632729408
286112,0.31464484678968363
286124,0.013792848929810989
286128,0.07128206438450571
286141,0.08833599236206859
286146,0.15610834807991367
286147,0.09575148116806381
286153,0.00860316202065776
286163,0.040384209084825415
286169,0.04134312861739677
286175,0.07074513457355215
286185,0.01883974587783503
286194,0.05514207816303846
286198,0.09487692955123798
286201,0.026739890006954432
286202,0.22245693428637253
286213,0.043004526850591
286218,0.05805126964529466
286250,0.0153783511106736
286257,0.07093329813450823
286264,0.10830939850428101
286265,0.04734195039101268
286266,0.04611824490106374
286287,0.08984071624649541
286292,0.009424160115321881
286294,0.03126234338108995
286295,0.12397249036712313
286299,0.1772444750346726
286300,0.15680915488857494
286302,0.13015499858526566
286310,0.08650250011829735
286316,0.024082906576263215
286332,0.15240143726797567
286353,0.06654007292628306
286354,0.029172051564152427
286357,0.032155073008869155
286375,0.01570201023909338
286382,0.06777531380786915
286389,0.09007107391298078
286404,0.029692395672937407
286405,0.08701416136775492
286411,0.061336069132959796
286412,0.04830524640527774
286421,0.12182258289020297
286423,0.03906728314576669
286426,0.08153869785982332
286433,0.05877656406464281
286438,0.06000473593022054
286441,0.057426481883809145
286444,0.014801450939060367
286447,0.014062170671100344
286459,0.131787920995596
286473,0.08409508529941934
286484,0.038580713935451844
286485,0.40345690760426917
286501,0.06901097972276982
286502,0.07521303287125404
286509,0.032953251683417006
286511,0.2564969373258434
286516,0.30814619506834295
286547,0.21306944346416504
286549,0.0866640348999044
286553,0.0553137459643799
286558,0.05031915925614809
286566,0.037780871304899266
286572,0.07112259165803224
286582,0.033065718956363246
286587,0.014950405021094817
286590,0.049750063522777575
286594,0.0960837469083036
286598,0.03165666262915734
286602,0.028667245071704837
286608,0.16395002634943817
286610,0.05134517422719488
286627,0.087187351465416
286661,0.024354495576484413
286664,0.1649162643765082
286668,0.015447631890174788
286683,0.047948689281086004
286684,0.025810783352637534
286689,0.017038125923777275
286696,0.06051985734568373
286697,0.0235623406457961
286703,0.2070541557997166
286705,0.03428767486538461
286707,0.05138929846541453
286708,0.08970198395348968
286711,0.03515367073987009
286714,0.05417495276580223
286734,0.03981850368075675
286747,0.03333750090219035
286760,0.07560781894022471
286763,0.02801824930256222
286772,0.035977544154261604
286773,0.024318192213362684
286791,0.034168116092588165
286813,0.08413583328528998
286814,0.039435187225086245
286817,0.026037308977192003
286836,0.05265989524593154
286838,0.06595739262756929
286844,0.04364734693092371
286854,0.06430251944316821
286856,0.047835527298258046
286859,0.044650159724907046
286864,0.016757364831772564
286865,0.22264785523424346
286868,0.19766357608699614
286881,0.12184359118124759
286882,0.09331622407709642
286888,0.02165311776210041
286890,0.46412382656644735
286892,0.05849487739398836
286895,0.025254347537103202
286906,0.04484227970514397
286924,0.018708772075866936
286930,0.0234874719922507
286931,0.10746789847490525
286942,0.06603236671036684
286955,0.026907828506423377
286960,0.04560770876323132
286962,0.048227761157996346
286966,0.02868091975406052
286967,0.010380623165824937
286971,0.027511355045721463
286983,0.04020431790593913
286985,0.018252553820806525
286986,0.20212872979689267
286987,0.13046104589408286
286992,0.04780592198965359
287003,0.047407391531234355
287004,0.01769415572665214
287006,0.05578753103573557
287029,0.03843201767241109
287036,0.029586918910395256
287038,0.06216483315230474
287049,0.03270865617905029
287050,0.006366192305661746
287057,0.03850152563508316
287065,0.011824506917974136
287066,0.20407876679898523
287089,0.1813690842031508
287093,0.22931293127976637
287096,0.09685759893423182
287103,0.06048506069610042
287104,0.04866477247461154
287109,0.04004652292375664
287133,0.38442713098020437
287137,0.020581982697249916
287141,0.21575937453222588
287146,0.012083328978797242
287148,0.009420976571135555
287177,0.03150320670283446
287184,0.027030120348653437
287197,0.036749693415823355
287204,0.20211257360064908
287206,0.10620547705916136
287208,0.05754616222673113
287225,0.04535191993402074
287228,0.011958825535985956
287252,0.16614324721020896
287260,0.03013030571954594
287264,0.06738158541059794
287270,0.06202070827178925
287271,0.06097573195802619
287272,0.01300029247547773
287274,0.03479295574745971
287280,0.018475374181395245
287281,0.04966092623064473
287290,0.0372377569261823
287298,0.02155766765218432
287299,0.18761862285615924
287301,0.010792428629156053
287314,0.0658200189728834
287321,0.19785312765249213
287322,0.017968878594748265
287329,0.1153339503919194
287331,0.08997673155563812
287337,0.04570708940994713
287349,0.024723570707684474
287358,0.0879903459595659
287370,0.16798214391752317
287371,0.028386593898712946
287376,0.009826599694257023
287378,0.026871630116252498
287386,0.1408521096765604
287394,0.05340136611519282
287397,0.03217663254571482
287419,0.03504095274563244
287428,0.035578375466056765
287438,0.020743662061378426
287439,0.058247701804218135
287449,0.06151841288599465
287450,0.011922529370459671
287460,0.0411357607679306
287472,0.14352480527379535
287474,0.1432809344203664
287483,0.026202769803015256
287495,0.04856738475674161
287510,0.02795440227974677
287512,0.02357701398731793
287530,0.030566057130576755
287531,0.012229888695437835
287543,0.05703251276408563
287549,0.07527640012820683
287564,0.16705205559887393
287574,0.04291274812680762
287580,0.04931090415592651
287587,0.06443822548195174
287594,0.03802829982783487
287605,0.09184216817237523
287617,0.11221598524585358
287621,0.027227446986995897
287626,0.02810397320123955
287629,0.06051901382982512
287632,0.10581769839368102
287636,0.14538608798079888
287644,0.08557192583021396
287648,0.03974507753074944
287666,0.05982207553281513
287672,0.04306919016462827
287701,0.1026903048108776
287708,0.027324718331899745
287718,0.06473886819368574
287724,0.15789111973954803
287726,0.019252834076456633
287729,0.08311712326722168
287732,0.12109762358058067
287733,0.01639277986068924
287734,0.1981706575361286
287750,0.13734519333363288
287755,0.08435686346755662
287762,0.2542173300150337
287764,0.026050221816892677
287766,0.01554267268930062
287775,0.02218225316921573
287781,0.05725409999491038
287785,0.06267471032809105
287789,0.030354587120884777
287792,0.1879028221494999
287796,0.007467566981709574
287804,0.16562390119861933
287822,0.030489207175311152
287835,0.02923577345448293
287840,0.059598432472580905
287850,0.04681455041333724
287851,0.07447009308017216
287852,0.08857117110224406
287858,0.15682327488830822
287859,0.014769645549479566
287860,0.09766431196967777
287861,0.04734744944001308
287866,0.013720778953864641
287868,0.12893373035377081
287873,0.11111425475581263
287876,0.06389994806112867
287877,0.020672201485395336
287878,0.022874257224618437
287879,0.08728212352439599
287883,0.03234183821666587
287888,0.012219328665254481
287894,0.3669723278975253
287895,0.03967841629053796
287912,0.054601390509085086
287915,0.09413287883119092
287920,0.028718594843879324
287922,0.04250809728777141
287926,0.04400742653452312
287929,0.11656854357689367
287931,0.20126807531622254
287936,0.07205784735300373
287942,0.07779267184956579
287946,0.056127981599064486
287948,0.1554732706011005
287963,0.2178732964987029
288003,0.013981408514472353
288005,0.024340771055953687
288012,0.06556945704312431
288013,0.10002672816049621
288026,0.013714447119025235
288027,0.04414957828097975
288031,0.07458446846395655
288039,0.01819725918101996
288041,0.220853435068346
288045,0.12537652562521368
288065,0.13445844226464873
288068,0.06387697915324532
288079,0.08524123588315877
288084,0.4105164630557851
288111,0.13352020435689582
288129,0.10856339027095716
288138,0.5522012349662622
288154,0.17538782754029597
288167,0.012167427504622911
288178,0.06617999491594632
288184,0.01499987630024267
288193,0.012336271076549561
288203,0.08533205493141383
288207,0.2872524366772628
288223,0.08349598050458021
288226,0.16429097005090942
288237,0.020684218627156754
288257,0.2501535641493812
288259,0.04196011449512268
288269,0.06997879700132693
288273,0.01626253890439822
288276,0.04158020367131323
288280,0.0666380476038357
288283,0.07296890929661855
288291,0.09867757086863596
288299,0.05973366061829739
288305,0.058861967313808744
288316,0.020578574879983477
288322,0.039665762472880645
288333,0.020097461711118134
288337,0.10574357871666237
288341,0.024240362924118346
288345,0.0699443657991227
288348,0.02778569282625888
288350,0.08678131677482252
288353,0.09364168068967528
288372,0.06292587504645533
288375,0.2309626052437519
288395,0.014013682364437174
288408,0.07561559140033695
288425,0.050829575411660916
288430,0.19954757397494288
288433,0.032916601998114255
288459,0.06715575230621987
288462,0.09090288261263617
288463,0.07647182472961499
288470,0.029616147436915152
288472,0.1356489796291469
288475,0.048584149504348806
288495,0.2532937781358221
288517,0.1176222568379533
288530,0.24188084821542888
288535,0.10200637496052621
288539,0.02382576172573282
288540,0.021412927808554957
288547,0.3344414588718757
288553,0.056222167282932764
288555,0.32481757623238816
288556,0.056576494792206944
288562,0.026520670135874405
288564,0.03165266223096804
288567,0.11011063068748098
288576,0.02069400329900426
288579,0.018778428317167157
288580,0.11628658702012158
288589,0.031127837906904487
288596,0.18435999480055557
288597,0.11866678426254969
288599,0.0223966258691687
288601,0.01840344188936168
288617,0.02289245370983157
288621,0.19032512475796465
288635,0.024279411134341955
288656,0.0075698941589528775
288666,0.042351897966606405
288670,0.13182253044951897
288671,0.030910817776225383
288673,0.028699975933082232
288678,0.10958712126996248
288693,0.24074563485255218
288699,0.05070797693097251
288706,0.19233935499538024
288728,0.04876526048355019
288739,0.06422492561433238
288741,0.02932407692287164
288755,0.033292631387832027
288763,0.021449113676349055
288766,0.051646524281330784
288775,0.1589966433819469
288780,0.007798707114934031
288793,0.06918212505691927
288811,0.05711528442513193
288821,0.0504041395668443
288829,0.10555568106789748
288835,0.005541125757921736
288836,0.039852617112465405
288838,0.1855050614710639
288851,0.03959540162512312
288853,0.025861434426575985
288854,0.01624530358604972
288855,0.02381039225437541
288876,0.02279453979218916
288879,0.13933820526535712
288884,0.279599479251425
288886,0.037704054578340626
288891,0.030122735089776635
288898,0.04168851443227021
288911,0.21782376630175204
288913,0.014843191570018729
288927,0.02438121532871824
288928,0.02218443007587003
288931,0.08186657981524237
288955,0.03330175620968556
288961,0.026500038186783512
288969,0.2520287936889812
288971,0.07265181983581329
288973,0.0931455476632105
288982,0.03620724620687454
288983,0.024311704793021877
288986,0.04495793189266005
288992,0.07687729521149413
288993,0.03281677735070278
288996,0.07158087712701283
289007,0.12032895573608543
289008,0.05507006433441945
289014,0.028729012321520635
289015,0.028584067920512036
289016,0.0350010909988179
289017,0.026174752202234815
289028,0.013761676242059422
289030,0.1494343615931089
289040,0.039641494017520505
289048,0.026619359565182448
289051,0.06446946820181677
289055,0.006730578348145401
289057,0.015341975524567954
289062,0.09034303841303166
289063,0.11538784363657167
289069,0.0639069424997843
289073,0.02903251636538145
289074,0.02928235203371705
289085,0.037525635193272344
289092,0.03898760445160839
289097,0.030641401893872426
289111,0.06172850607354119
289112,0.12380853639138324
289116,0.06661271381651705
289123,0.02463194994354259
289145,0.4664119954418836
289146,0.09724839675873795
289158,0.10054949086881872
289165,0.11525580901177454
289166,0.06623505566459348
289167,0.09983542311087379
289170,0.1795298645581732
289193,0.04032560631479763
289198,0.02691003093185486
289209,0.07912331666894282
289211,0.08395020073368885
289215,0.047692486661056466
289220,0.0508291307883095
289232,0.05700466919674765
289244,0.10223939446302474
289258,0.0322918091896937
289271,0.04030797836180325
289274,0.05125535467075427
289312,0.09274052422133353
289321,0.142781663266268
289325,0.052668838199417964
289333,0.03982326309582376
289340,0.07063784315260503
289368,0.019977821869170374
289375,0.09872643856334275
289380,0.06984923863077636
289381,0.02632895834052154
289384,0.08556111901019409
289403,0.022508063316983774
289408,0.04836308665319602
289416,0.011969247242743149
289463,0.038559414694473985
289488,0.07457307207696272
289495,0.19374669314919205
289498,0.033051515315698304
289499,0.019597407385422504
289515,0.015539680143692645
289531,0.013390980492343742
289541,0.06776849237881478
289554,0.013703324559136266
289565,0.05629181533337664
289590,0.01562875958440004
289596,0.10408563651615163
289601,0.09514521011158265
289602,0.03094735308599105
289603,0.04089451633446352
289608,0.04296158717424136
289622,0.08929809690948556
289623,0.04127957015460189
289625,0.026403369974221914
289634,0.027991668172363857
289648,0.13580051998326184
289650,0.016170772227633187
289662,0.10076125306011594
289667,0.2850141206990221
289674,0.010394934199506885
289682,0.02053683748059451
289702,0.046915200811488755
289706,0.03023790484072513
289709,0.10257841510377011
289716,0.16214679262732537
289725,0.010262287070102703
289732,0.06363583234740795
289743,0.04044540915838879
289762,0.009739565821562931
289766,0.03311941961552112
289770,0.12518923552722683
289775,0.17485999186613146
289777,0.03425121069594198
289783,0.04133035118134985
289797,0.04795053275071885
289798,0.015296895852472708
289802,0.06967174638902005
289812,0.060267139321887056
289814,0.012145227621422571
289819,0.04528181804935965
289828,0.11117762071057075
289831,0.1573361542225421
289835,0.03839918383390457
289844,0.03770019241382337
289850,0.01664003779988447
289851,0.08156463332561806
289865,0.029816877302925864
289869,0.1449451683132707
289891,0.16823422582826167
289907,0.0562307406388155
289919,0.04174788217684663
289923,0.08269958903839039
289924,0.06738845274359588
289927,0.0618340896067115
289929,0.16020711655378167
289951,0.0200191693282012
289959,0.05800811543530979
289964,0.08070322397236795
289965,0.062152469491464434
289966,0.025956082453982586
289971,0.15867296395378025
289988,0.0660098310578432
289989,0.022614145748138165
289995,0.36019980254985695
290005,0.11165326421432405
290013,0.15049371555052768
290031,0.1485347169929618
290036,0.07218724422650938
290038,0.21443015819746106
290041,0.10542151772307631
290056,0.14885086777729806
290058,0.043972459064453934
290065,0.146012933634326
290069,0.061554682100113986
290070,0.026401328196662903
290074,0.18076422552615434
290076,0.0901564454274458
290082,0.05870438768029117
290105,0.03424326894778844
290111,0.011873458922387614
290114,0.054342181039932616
290116,0.08933205635759171
290117,0.05022514168284575
290128,0.07269621703499815
290130,0.06657434246468812
290139,0.05467862825218997
290151,0.035957616240489154
290154,0.012203779466118208
290158,0.14942976364449362
290180,0.17193686872505404
290183,0.0411037946389434
290190,0.15055436413025608
290191,0.168706890576846
290199,0.08760385468518884
290200,0.14254598605496763
290202,0.03421519709384597
290205,0.22187797960999955
290206,0.016260531090603852
290219,0.08264783146101672
290227,0.02136186333222771
290232,0.0377685204168864
290233,0.16914801921901362
290242,0.08189155065730044
290246,0.04750205899076413
290247,0.09223729779816055
290257,0.06876561185557868
290259,0.06628945240023647
290260,0.06307777501279735
290270,0.014521010569878923
290273,0.04260636124656063
290276,0.16597147108864424
290281,0.21916362048286095
290296,0.04984123847592901
290303,0.03005673889413769
290306,0.05865424467904945
290331,0.04039797929541904
290340,0.03419661636773251
290349,0.071886701265235
290355,0.05472188372921205
290365,0.07524329920189202
290379,0.17765773600517823
290389,0.014774403985897609
290408,0.046235686582299096
290409,0.21421601369743254
290433,0.11471522754882583
290437,0.07324147311306246
290440,0.05329644592961831
290448,0.06950005699512098
290466,0.03282510851717728
290467,0.03519270407247253
290479,0.02264032138930626
290490,0.05846402623562808
290492,0.012840498783216034
290503,0.0398271999177157
290508,0.020843282887890786
290524,0.10976678910823846
290526,0.0838410141958477
290527,0.04008133955792227
290541,0.06345663292069552
290557,0.09292148559281896
290564,0.05172660405775447
290572,0.02399010052060058
290576,0.14325503098049708
290588,0.016148551390322223
290589,0.052752245546013404
290595,0.06106838664029042
290598,0.030639088047766192
290605,0.1026881085046632
290609,0.008385889230950393
290610,0.04562323602972916
290612,0.07669371876507773
290634,0.04931608153716605
290635,0.10644439315797273
290644,0.3066221038270761
290672,0.15317680855394972
290681,0.044315761894494723
290693,0.06521016642957309
290695,0.03221027807783595
290702,0.029514686567560542
290703,0.021908145875123967
290711,0.30201397229103427
290713,0.23454951363824872
290727,0.09781879354620863
290730,0.031648030274262516
290734,0.0881827569147357
290745,0.0553335950847118
290746,0.07700352103947081
290751,0.10313448890174737
290758,0.010077399512956468
290766,0.06794823086901505
290784,0.06484276828491305
290786,0.010575318885683567
290813,0.5152417993769276
290849,0.10240226887186446
290852,0.012129151956108255
290881,0.39219082415604634
290884,0.012000760711373671
290885,0.05474739483241494
290889,0.023493760571140603
290911,0.07892839455623332
290913,0.21412829086560642
290923,0.02213062810510015
290926,0.006342619482688626
290936,0.0808520329366452
290941,0.08943091100635281
290945,0.04995844120684332
290955,0.011887306244882967
290961,0.041780262587621214
290964,0.05218389116805455
290967,0.046411425152705604
290970,0.026519824293338403
290974,0.037460689832169686
290976,0.03390034030266553
290978,0.01583701618191811
290981,0.031061894848568302
290991,0.051100579003333514
291005,0.025488607693723783
291009,0.02019792487819287
291011,0.058094260498898646
291012,0.19441789242585306
291018,0.2633312379505372
291023,0.03204683848018165
291028,0.05172202136725238
291034,0.07182851084283444
291038,0.05993651379317974
291039,0.1531209131908864
291041,0.18973078483353523
291045,0.04942004065999084
291048,0.1241357992142638
291052,0.07621489915595558
291055,0.02186018962002788
291082,0.04607129150020964
291085,0.11679451652589667
291086,0.01068256230791418
291094,0.04140542569719019
291103,0.05937816201159099
291108,0.040005413145078175
291110,0.06817811198141456
291113,0.021002874891313597
291117,0.021801849850055163
291124,0.05823084561975646
291129,0.03693871648796989
291142,0.0902053478859571
291155,0.24754754545538585
291157,0.08710309834943879
291177,0.023269403927514937
291178,0.024378078020653667
291180,0.018094692126791097
291188,0.4209114435320576
291198,0.05291986277090267
291200,0.012600540877238458
291202,0.05242947020543243
291207,0.01328716432709676
291218,0.012502716436649892
291231,0.11253929330239516
291232,0.05962069820024053
291240,0.01799296590532838
291241,0.10957635413378305
291245,0.0573206001666873
291256,0.008477482073573581
291273,0.13796175560373983
291274,0.09088169485469304
291277,0.09779952230093386
291290,0.1223177164989899
291303,0.05037165610249569
291310,0.02007100284079264
291311,0.05453687094752207
291319,0.2751674244684143
291324,0.08994936127946301
291331,0.03481754472824895
291334,0.022797652101474646
291348,0.1629452391309259
291349,0.3044420491855559
291359,0.023379840579650674
291365,0.012678918646431801
291379,0.05122871067602333
291396,0.011867907754726455
291411,0.047624725349004825
291424,0.05998462472704364
291425,0.00830663043846047
291428,0.08492337239206346
291446,0.15351596665597014
291449,0.013637639290339896
291461,0.07802156440131763
291465,0.01730977909965489
291480,0.10979450078967717
291486,0.04250194475083614
291487,0.02214628392048631
291491,0.010594730347143585
291499,0.013177859567451263
291505,0.08427810634311629
291512,0.07422215215187053
291513,0.027814319390215145
291521,0.017005333988438207
291523,0.00787281032588124
291543,0.10196122801675288
291545,0.037855649026714636
291546,0.1919377216789548
291550,0.04000697143866357
291552,0.026049307600833942
291561,0.07482261194788284
291579,0.030951547615569175
291584,0.25211263915933635
291586,0.019243332965457424
291590,0.043097417441554
291592,0.6343118358566663
291593,0.02234969040262813
291599,0.07433680892555986
291615,0.014901760082816639
291617,0.013771253692998083
291628,0.07448103751403279
291654,0.07259426501098717
291658,0.1872089744265405
291659,0.025505553228949852
291661,0.08208489576966349
291671,0.06538505547429942
291677,0.006547137993299719
291689,0.16501585474236977
291693,0.026341289517667815
291695,0.026548429686265133
291696,0.15440318620306126
291697,0.03611921166647312
291702,0.055294290631118674
291711,0.010906007647865302
291713,0.0308031027226357
291715,0.05666220845845549
291718,0.03622494372553269
291733,0.041190123206250526
291742,0.08340595422359873
291748,0.02628798594653211
291765,0.025374652058118383
291771,0.057940961334482365
291773,0.11856907127763759
291788,0.02932160187977658
291789,0.10531834558908079
291796,0.11004798551261792
291800,0.08608858889185446
291817,0.027951229914705326
291822,0.31388756336053875
291840,0.21518685633049106
291843,0.03576990866418865
291855,0.1944760652464021
291858,0.013892095854579496
291870,0.057200833284129914
291872,0.013772904117956522
291874,0.03607927766881915
291883,0.017255951569287595
291888,0.038808523961707905
291894,0.05102369832670764
291901,0.01526764954001104
291928,0.1597687974473647
291930,0.013437613333003758
291949,0.017687429123147042
291951,0.060521384167690616
291953,0.025926185530691245
291955,0.035689885063959974
291963,0.2953398802132387
291969,0.07531672804701446
291980,0.11033457249999211
292010,0.026666985420137047
292022,0.0615307517902918
292023,0.04901267513086527
292031,0.02651950097172625
292034,0.03815921799307133
292043,0.04529157558092927
292049,0.05196642103616606
292055,0.055533322462797755
292062,0.10574681282780186
292070,0.02743498670642205
292072,0.189539552283934
292073,0.01629446313441261
292082,0.15552238802796062
292096,0.05098083805810433
292098,0.05195847909159865
292116,0.03674104846957238
292118,0.07595743534621366
292126,0.10879891225458337
292128,0.026597178919300347
292137,0.12620334497059574
292138,0.02005301283859659
292142,0.09464671612116497
292149,0.17761548556916398
292181,0.2834599788989568
292189,0.011480141142875235
292191,0.06449815455724188
292205,0.039460684953535094
292219,0.06300158930687716
292227,0.024253378420100162
292231,0.1413245171440912
292238,0.03529800708729165
292246,0.024788462832661076
292248,0.09898454631151658
292259,0.05432523492552818
292261,0.05923678923578517
292266,0.05675032473654514
292267,0.025432429251835663
292272,0.06639543590676181
292278,0.3020302603946289
292281,0.03834632169695963
292286,0.05078677015125989
292288,0.2711763268656724
292289,0.019362887672084408
292304,0.05809868633742099
292307,0.04689271905438193
292319,0.10144247663750572
292320,0.04425062732595377
292325,0.05860901816107192
292326,0.15154581835189326
292331,0.021797507466021444
292332,0.009991941590726701
292333,0.013003058298133946
292334,0.07908897064945519
292337,0.02620741407822244
292338,0.2114773140799916
292342,0.02469239610764211
292347,0.025715415488509273
292350,0.03915049287191578
292355,0.027482901202535444
292360,0.030501916967912195
292362,0.016411201460671217
292363,0.18130542292589047
292364,0.02642840068446013
292383,0.2087952506025141
292397,0.06943033993659423
292409,0.16050970444410323
292417,0.08450097607240334
292426,0.01469764080294297
292428,0.035347939567954074
292439,0.2219798764245111
292443,0.1173352982683206
292448,0.04430145579916929
292451,0.04485070097625286
292452,0.04234184215083209
292456,0.016862950785800718
292460,0.026959570566558826
292463,0.0916388435498255
292464,0.23828580738103744
292476,0.13063564673242978
292480,0.04423544894571216
292483,0.028503308961921027
292493,0.031203877323460173
292501,0.20675246355299315
292506,0.026136581528012858
292508,0.017260588401588315
292513,0.07225494547446798
292525,0.03024791692928927
292533,0.09029841111875378
292540,0.11110710875094393
292541,0.00717180403312293
292544,0.010232118863249547
292549,0.0396956798395012
292550,0.052744058141498545
292557,0.10503410559005713
292558,0.013947014448423806
292562,0.03921271046425712
292564,0.007293288142641125
292583,0.13293462185619256
292612,0.05266090813683718
292618,0.02309226050541592
292623,0.2020367204971958
292631,0.010574557559250129
292633,0.1476037249491279
292641,0.03732531999798197
292643,0.022664147898340727
292649,0.021239142827590214
292650,0.046469871367129253
292651,0.11743414355424779
292655,0.02760511803037379
292659,0.037010163907733644
292677,0.023432132816261282
292693,0.028168663595707678
292697,0.026897834547854285
292700,0.08362914581087431
292702,0.056062180037606116
292710,0.015897122198884374
292727,0.19492616651819666
292731,0.07121695496235839
292732,0.0414210513336343
292734,0.017538152500683357
292735,0.00979196265621759
292737,0.020452925991307026
292739,0.05191303908884447
292741,0.01556332669994447
292767,0.011520915781982657
292778,0.019613529841243406
292807,0.15997182230289916
292813,0.12867485972792084
292834,0.1749104448623597
292837,0.015789368619397486
292839,0.012377375527418851
292844,0.03694411437508737
292869,0.03527453816552957
292874,0.017052906633381295
292892,0.04176015352302591
292894,0.05971566202825984
292916,0.1925266832725992
292921,0.1574886312236979
292925,0.10820952519216095
292929,0.11345133291596415
292933,0.04575634691321612
292935,0.08690124339818008
292938,0.030519720578900476
292945,0.20052980431927087
292946,0.06545465341291634
292953,0.07421164935370145
292966,0.15212597693231233
292968,0.030627829953592967
292983,0.027309181474197686
292988,0.057070795637137545
292992,0.017274972794265465
292997,0.033207800088632236
293002,0.04241210128761352
293013,0.01889927697353316
293030,0.16919723793338606
293043,0.2501793131461942
293070,0.31255714982507965
293093,0.017572652808543532
293103,0.048130957850002744
293104,0.007720885190992464
293117,0.3360037147038383
293123,0.07020656978576725
293126,0.2330707190352595
293128,0.015720643330192494
293136,0.02546637421193304
293142,0.02306859816993372
293146,0.31352153031491786
293149,0.2971622566354845
293159,0.06107126871309912
293169,0.017968004359903623
293172,0.07300513719276354
293175,0.037335348486430796
293176,0.04127818808365863
293192,0.01461592720622993
293213,0.058005561580656215
293218,0.05553852417269031
293219,0.10584772484546226
293224,0.07595556665896389
293225,0.04958585670552625
293234,0.1261391193971243
293243,0.06236127759613735
293249,0.02814647826464197
293256,0.04553102393797889
293276,0.14788202532504313
293283,0.37453626292959263
293295,0.036824712084486
293308,0.03606766293953387
293309,0.17332379410025894
293316,0.05306108558353923
293326,0.05720106540531728
293330,0.01457720570798409
293351,0.0579208079258302
293361,0.026934840907538074
293366,0.17955225632810567
293376,0.0861954244261553
293377,0.03959726862651692
293382,0.06374810219693931
293383,0.07904314628418443
293385,0.06852485033788823
293402,0.1794896718920047
293403,0.054406687908311595
293405,0.026699994864917538
293412,0.052962611203665313
293430,0.03318151955796946
293435,0.01392383733792472
293438,0.02236021548115507
293445,0.04972792697951205
293447,0.09835843506910918
293451,0.08045134583978394
293463,0.01276650138390598
293471,0.02048793999467817
293482,0.08200089282270404
293485,0.018029214903352398
293493,0.07925874929867852
293496,0.02242970956023621
293505,0.23530215972755283
293507,0.03232859978918915
293508,0.05701990577613447
293518,0.043216817391685994
293524,0.03999991614205269
293527,0.047274933502175445
293537,0.028979525658775082
293542,0.08380751789385214
293556,0.014483875723388336
293560,0.20080282252379042
293563,0.17417924218917802
293565,0.012587923610461627
293597,0.14698388359185657
293603,0.014733092486420612
293607,0.04163634805062891
293621,0.029383673521728996
293622,0.03624424807545577
293623,0.11965712975349141
293636,0.17058552603053403
293643,0.03232001589189213
293659,0.1077904954285262
293678,0.022185585804286753
293679,0.08799025700942342
293681,0.05594714229788775
293684,0.06035176132095836
293692,0.03171736981635397
293696,0.018684593747519504
293733,0.010125593469538542
293734,0.016007500528108665
293745,0.09810804320633615
293751,0.027026394658838573
293770,0.14593728579192838
293778,0.09227886810245123
293789,0.013012685207594722
293809,0.02848426847433369
293815,0.015610732906602531
293816,0.11649750232429781
293819,0.07361113645830804
293822,0.04953647208660132
293846,0.2509023187081415
293849,0.01045948695430395
293850,0.034060620789920365
293851,0.13691266624522727
293860,0.019443673274835475
293863,0.17675306012079928
293881,0.2553660481144956
293900,0.056606131505005784
293907,0.04966995832413805
293915,0.01248130491041095
293931,0.020822191927280742
293935,0.06010056162646761
293942,0.05120103630575186
293944,0.2392313412866739
293967,0.05097473497367773
293968,0.13935881228509234
293971,0.007461254345266255
293972,0.05519873790233387
293974,0.07017434295990552
293976,0.1009534516988208
293985,0.01915997509577182
293996,0.4366412740914343
294004,0.02193727509715051
294007,0.13115340021901348
294010,0.030296377725107952
294013,0.11511448198429342
294016,0.12920455008360512
294018,0.10731026729171654
294028,0.12285412415192079
294041,0.033586796470980874
294047,0.02190215023599304
294055,0.05491909456791677
294062,0.046428920616910355
294069,0.036928613399573006
294075,0.13089317372244327
294091,0.009801773662298481
294108,0.026281021349312095
294116,0.08082047457466249
294125,0.06800036006141004
294129,0.027317310099422516
294130,0.011654589175462887
294134,0.01778731197623119
294135,0.1058841083603838
294136,0.07555347185144971
294141,0.042310881684877344
294160,0.01450651055053224
294164,0.10253929398571715
294184,0.1371292108446902
294191,0.05354661623238393
294195,0.05427294816917171
294199,0.009806094063981302
294208,0.1190467646293149
294221,0.012809486911365076
294225,0.09407765700414437
294230,0.042967781093447295
294236,0.09668782897491018
294256,0.02998200093924488
294257,0.0043231406503625325
294258,0.16915708224659523
294282,0.09099233118447392
294287,0.07606193043864677
294290,0.021064555497591016
294300,0.05029532203818299
294302,0.017092827013044543
294313,0.011456798501411122
294314,0.10119754587363522
294322,0.018927815943726757
294336,0.06540389946474488
294339,0.17521217052028865
294348,0.06992524395692695
294365,0.19733653873664986
294373,0.09714441380172271
294383,0.03511291155239364
294403,0.039641090481084836
294406,0.046497233353974786
294417,0.42727053130960324
294452,0.3051518542091506
294463,0.10560670448699869
294471,0.03774822323777428
294486,0.025603016913161677
294501,0.060029232110467644
294504,0.07486650564980107
294509,0.04244501398336391
294511,0.03584356682785411
294519,0.015579466572110543
294530,0.06652296660501622
294532,0.11641978213088422
294547,0.17458479278720251
294548,0.024102624307652018
294554,0.009357787402200054
294577,0.05914435319665663
294578,0.02342039303868825
294580,0.06686229159454454
294583,0.05324264199168452
294592,0.06194626224979112
294595,0.02661916388558562
294602,0.01832926475063938
294613,0.20526606761239416
294617,0.030363633386711573
294631,0.25589539289390584
294641,0.050144727487133736
294653,0.1327035167428656
294657,0.0643090275348949
294661,0.17712206232307404
294665,0.013641370301248915
294668,0.03764594327262264
294671,0.036369660960972695
294682,0.029217489649266674
294685,0.034635585411459134
294688,0.060234367359761974
294690,0.5526707880247087
294698,0.052747216693956274
294717,0.10345673542597394
294724,0.03131395475926957
294726,0.01616065356470901
294738,0.092670937956921
294744,0.13766576652344778
294758,0.07581472358662153
294762,0.020300302442710867
294776,0.06211550745232369
294777,0.026862755814802554
294807,0.07233936544036652
294816,0.056136633629306716
294821,0.01611077978916932
294825,0.11561865459733817
294834,0.025288948743240183
294835,0.04367342498532417
294836,0.05617140283008555
294840,0.06372547079074942
294842,0.1663437014466907
294864,0.016909610760152474
294874,0.08657843657539994
294880,0.06751583502081324
294881,0.018158077151979826
294897,0.02231672121395026
294898,0.0311437880795131
294920,0.07920619788083268
294923,0.14133862351141036
294926,0.038205124564207035
294937,0.0966121070068788
294941,0.08650997507198202
294951,0.15578440215397313
294952,0.013183032462218414
294953,0.02771622734162523
294982,0.04531340107803471
294989,0.04535200522681654
294995,0.23459350529604925
295009,0.13292105056506956
295010,0.0645806878953968
295013,0.030708855312589687
295016,0.027067529376229114
295022,0.14824260384404309
295024,0.08831475099453495
295040,0.26216242211915974
295045,0.026251732350241974
295047,0.06449870158750404
295056,0.059460799485091954
295073,0.11990827608345574
295080,0.05357216267064638
295093,0.03029414959722037
295094,0.16483435344273553
295095,0.05511812486903634
295107,0.010304828162236199
295116,0.07849273593906078
295140,0.02352366448200958
295150,0.31034002694580526
295154,0.1325387638829951
295155,0.18705202789187586
295162,0.04273787838103501
295163,0.02263037132012339
295168,0.18307554462519332
295176,0.016215155663706283
295182,0.02729446322242108
295183,0.13585033009622063
295216,0.034025700488615605
295219,0.04133328640847454
295239,0.0450349589305862
295246,0.01802803227263181
295255,0.08973126536601167
295257,0.08776643992999289
295261,0.007258896978232447
295263,0.024782473630172407
295265,0.060464499865650743
295274,0.10307313434982708
295281,0.07231103257592174
295286,0.0986339640804976
295299,0.0612221453895898
295304,0.01372036949797337
295306,0.01634232844962052
295321,0.05102058580835004
295339,0.030559102636721014
295342,0.021667764511731614
295346,0.18052551680320014
295348,0.0757490822721809
295354,0.018028413061209038
295367,0.059481857029698715
295372,0.04186816812056118
295373,0.039717869623748854
295374,0.0332110769272391
295387,0.016799176783091844
295389,0.07765317554658654
295396,0.07530671036278308
295415,0.07398463468594392
295418,0.06244924894217124
295421,0.03331221128683682
295425,0.030224594359195656
295431,0.026601444787095377
295434,0.022926321259675548
295443,0.1464441315450874
295453,0.03281372172317308
295473,0.01708521235945782
295476,0.04451358118187375
295477,0.12564206399860434
295488,0.09539805757978573
295499,0.11337817985451315
295504,0.0073005549960284705
295505,0.18556867881580305
295524,0.017193221378069168
295529,0.065639519104041
295533,0.08257724829884958
295534,0.012460539345857046
295549,0.04414615767638923
295565,0.024091605482895625
295584,0.08803125619756055
295585,0.04174126028281813
295597,0.10367923505530814
295599,0.10153231876767738
295604,0.021094061911869855
295616,0.06521056080606683
295635,0.05104280015434308
295637,0.011392020457647005
295670,0.010985713306061035
295678,0.034024581096141926
295701,0.020721703639573215
295711,0.12033537183515931
295713,0.11663855246160401
295734,0.18398501752183927
295739,0.033723729262698954
295750,0.0503440040717417
295773,0.4991222231336556
295783,0.1352434530435216
295787,0.019249076438675555
295790,0.05780126394944318
295795,0.04938335758624966
295820,0.027840886095756558
295821,0.051673260076437126
295826,0.03428618818447302
295836,0.03625442129354266
295837,0.10824151622657255
295842,0.06131915421640743
295848,0.025608197800554768
295850,0.08089907171307424
295869,0.04689941439530633
295871,0.08130865055195886
295873,0.0621943419815945
295879,0.03342815180187119
295880,0.12320332881347662
295892,0.05268070333276487
295904,0.38334817526999077
295907,0.015170480026231673
295908,0.04054058178560484
295913,0.04440054762699712
295918,0.08375937444346897
295921,0.21196401235679624
295924,0.1871400781619487
295949,0.02217307172012299
295953,0.04186649994603978
295961,0.012294910700256
295968,0.0845623366053225
295971,0.08506949230605258
295985,0.042756276449313534
295986,0.07151964645930878
295987,0.036076398886114885
295993,0.10315528682129514
295997,0.13637818635729565
296005,0.08351355267291646
296007,0.053018632566635554
296012,0.09254383969728242
296022,0.06815955644729092
296024,0.009935762695920232
296032,0.03307952317603893
296034,0.017736256473180546
296062,0.015394358471180628
296070,0.040336365343161026
296074,0.042228868212701415
296084,0.022015626834488065
296087,0.02003486713766143
296088,0.08054620125594178
296089,0.07586518563321729
296143,0.01906842393912271
296172,0.015350218314793967
296183,0.04670233888359852
296185,0.018969073483346876
296194,0.02483550996516788
296199,0.28897466619474854
296204,0.17525946092913863
296206,0.2046309684577433
296209,0.13185090224803644
296229,0.1501764097930898
296239,0.008365651616792117
296253,0.03929814118168804
296259,0.31704998160674935
296264,0.013830565627756013
296270,0.3242254824230133
296273,0.0729031803297058
296284,0.12216123629359947
296285,0.16905822090581396
296287,0.01536563170276536
296288,0.040813353402219435
296292,0.08525063983011413
296300,0.041445138595348596
296301,0.043401039870249195
296321,0.3742686783914279
296324,0.0862528878569654
296335,0.23033453258019293
296348,0.022186323061688933
296354,0.017429248216474666
296369,0.1994627899332637
296376,0.037037535549361275
296391,0.040732588992115765
296393,0.10869357306518357
296398,0.0484057013914887
296428,0.11082542453305161
296432,0.1275627283533913
296433,0.05120212583121489
296449,0.13404376797079548
296450,0.09887191032029603
296490,0.08155517643576306
296498,0.09872423196782923
296499,0.03418597125272838
296500,0.03967324346176721
296509,0.10274425999380674
296514,0.029832485968817445
296518,0.03719745384854881
296527,0.010156679755508291
296532,0.032676267352716226
296541,0.013418397731854655
296544,0.06846829214359162
296546,0.0076982939260224915
296573,0.2725192923932369
296578,0.030799540598733938
296589,0.05484526868205496
296594,0.09137777553167081
296616,0.09817310000051513
296623,0.038357911966387874
296624,0.05817012638272834
296632,0.011260965336243349
296633,0.06713967868573963
296639,0.15456246591976752
296647,0.05530927374599486
296656,0.2271792086167581
296678,0.021700135941915492
296679,0.09005670761896692
296695,0.034724160919344174
296696,0.12887931191757881
296714,0.03722666127347869
296721,0.04797297133361942
296739,0.014509567606615422
296744,0.3708310031021086
296747,0.09917850076280582
296758,0.042870766680554034
296760,0.014192311140851632
296766,0.042894992386891456
296769,0.011285898327903703
296776,0.02425446090364385
296780,0.0488387567718042
296782,0.14471413933310973
296790,0.09725900332921228
296795,0.0420195332071243
296801,0.009143533383614361
296803,0.1425324427561696
296806,0.06638195143031836
296811,0.056707094050653356
296813,0.012012346254964244
296818,0.23868159243766165
296822,0.04381197741529878
296839,0.0780933199015457
296848,0.0184740045111982
296863,0.15735554686306807
296871,0.035045250161247696
296872,0.17214237299734925
296877,0.05998686126151598
296882,0.13975061915813433
296885,0.04040881319830309
296903,0.1548060577182317
296906,0.07171376689359632
296912,0.021153556588006824
296916,0.03086171945284604
296922,0.05543530860623906
296926,0.19476930978413254
296927,0.031902886213015465
296935,0.058955901893188556
296939,0.022966258458146628
296942,0.04260919362486594
296954,0.10128593642084488
296968,0.03934453586841956
296971,0.060225884829882885
296984,0.05798308376950924
297004,0.022990336468185713
297011,0.13769108960162108
297017,0.0387857594637777
297019,0.2195437298602888
297021,0.02569709549822318
297025,0.0366009528872272
297033,0.07452368727359826
297038,0.22896354190725546
297042,0.4199452959864977
297065,0.039352897653040626
297089,0.017910778787160783
297093,0.14990690900215997
297098,0.0788532094981012
297100,0.01108273269188289
297111,0.056600532503806276
297115,0.13500211392079994
297121,0.09698948886418218
297123,0.17965004647823932
297129,0.028638030424545928
297132,0.012501417730595822
297139,0.0601490795328931
297147,0.1523775883873768
297148,0.36117775574385924
297161,0.05218325937979919
297167,0.018008118181090892
297171,0.04813657529296461
297173,0.017554697063569918
297179,0.01935190503561762
297189,0.1568895554834988
297200,0.009451086917869294
297201,0.08987603505458208
297220,0.0775609417748448
297229,0.06690887241119262
297234,0.024205188002736328
297252,0.22611995336550528
297266,0.10101997965072046
297269,0.008662428692687926
297276,0.1478083484305061
297292,0.013004870605652809
297300,0.10776036772806105
297303,0.02132910608271739
297305,0.1497944967544846
297307,0.04622658401207207
297313,0.04218483817507735
297336,0.03720456044864367
297340,0.19248549441383098
297344,0.022439287841390033
297349,0.01044489666638093
297358,0.03302739358304291
297363,0.07448192422886381
297369,0.03730505803908643
297372,0.012841230787543203
297380,0.1310878916403725
297384,0.04497836905411023
297385,0.18401250664686133
297389,0.02458635948863916
297390,0.11437026550730846
297415,0.06964553458641885
297419,0.16001442000422997
297421,0.23799045785256723
297424,0.024494022259388643
297431,0.042850670435741305
297447,0.08312150722911765
297456,0.05838215970806204
297457,0.022327869055206777
297463,0.043713834668818834
297464,0.12267683547594385
297474,0.026132967571068012
297479,0.026058461106168093
297480,0.23572603578750773
297494,0.02076573978240112
297495,0.015592007071191861
297507,0.01507117608517812
297514,0.04419336377404425
297515,0.027347756149545814
297516,0.13092733505853155
297521,0.041063161518982386
297534,0.07286917077752397
297553,0.007751718858606127
297575,0.07010700026137767
297584,0.18875701311919713
297586,0.026031429497210302
297606,0.008920191869770354
297630,0.0372853240024838
297636,0.03329683760673494
297646,0.026174483779189628
297650,0.017249507808125324
297651,0.07150007289145936
297656,0.0178408692709714
297675,0.05768528194952624
297681,0.08752183170107188
297699,0.015836119746281338
297702,0.09744645690126658
297712,0.08629589315207234
297718,0.13692949486523937
297730,0.11457211947306868
297731,0.03390418186774646
297745,0.015267685953018717
297768,0.22780191194633387
297771,0.04562558144471639
297774,0.02746928175913435
297781,0.01246898927183335
297786,0.135625987050591
297798,0.19767086695413738
297809,0.05322135742011453
297822,0.03788935951621756
297828,0.03086535997965243
297840,0.03733012621394992
297852,0.051046124907592604
297859,0.00981548443468329
297868,0.03542355076686655
297883,0.07721805081473453
297887,0.024380478501647984
297896,0.05639152259062216
297898,0.02381536413803251
297917,0.2098367192131786
297943,0.008251618117973768
297954,0.06913196518063221
297965,0.017481574096318564
297992,0.012005703101004043
297993,0.047157635738520574
298001,0.0614327536019445
298005,0.10937527834529683
298010,0.013367030960146313
298013,0.01289374647962626
298014,0.178654235475326
298015,0.08349983287168476
298025,0.28307321225576254
298026,0.05653232722959817
298032,0.07570688737568165
298039,0.25248017215092744
298049,0.05645147548746035
298051,0.013074835309560951
298058,0.0708074416052626
298062,0.022164891079751753
298070,0.08406725921701291
298078,0.11911682010765537
298084,0.3575755818694068
298108,0.218309472431652
298113,0.05602506532630361
298115,0.12130070195609272
298126,0.026988807907662647
298131,0.010047819739855104
298134,0.05424028219466126
298135,0.057177730059779136
298139,0.008289615649143997
298142,0.013625865743348817
298152,0.021980378426283295
298154,0.021199942478352232
298155,0.029567173547322932
298161,0.17118332385255688
298165,0.10730894940290205
298166,0.25911855179378557
298171,0.06965497233945711
298179,0.0754746832824206
298182,0.03678984528232255
298187,0.017324344370647088
298192,0.05721518837109628
298194,0.03590949413831614
298213,0.10991322906255963
298215,0.1979923199749912
298216,0.03056932924985301
298217,0.023057100273941027
298223,0.0845267650181723
298256,0.03504266780679161
298275,0.017870426644616487
298277,0.07035510736842387
298279,0.02613530932577119
298285,0.09498527047109567
298286,0.22710664670519048
298296,0.023516992563441884
298309,0.1424959349881877
298312,0.03505892523241966
298323,0.027234027745443444
298330,0.016037307634627348
298340,0.05421681894648164
298341,0.01970218642745448
298349,0.045220695810871
298353,0.02153612275849343
298363,0.05637267216538682
298367,0.028068483843949235
298378,0.0748020689241089
298380,0.0426546185226164
298392,0.2428358263256601
298395,0.08982545291064581
298405,0.1002011218369707
298426,0.14301377477172164
298427,0.029585524060346584
298444,0.04508312309334213
298450,0.02326166200698143
298458,0.017402245293705983
298462,0.015148993854044283
298463,0.009583215999253098
298479,0.031278970721115504
298480,0.05455157225884892
298487,0.05724153839405205
298499,0.05730926592838338
298500,0.04896114076907198
298506,0.03424934750497701
298507,0.01722256373762297
298512,0.1103339077470156
298515,0.13149019653408608
298517,0.05824520850326458
298532,0.32693545830238796
298533,0.060040674175026364
298560,0.0627135564526347
298564,0.0414862033060356
298567,0.3675452810559203
298568,0.03829587054316176
298569,0.11482241033521567
298570,0.2840334859946496
298579,0.022852537941145497
298583,0.020842050795516487
298591,0.03906311434545906
298593,0.11341772340787339
298600,0.0233281075466087
298609,0.015554556957547263
298620,0.07593011314751086
298622,0.05734446604578135
298628,0.009656558973105573
298633,0.04826845020693529
298657,0.07226925959953515
298669,0.07163960574520159
298671,0.12722316401078027
298677,0.04903218087649147
298692,0.05246400002056287
298703,0.027888329396651222
298705,0.01351884899760163
298711,0.028885323803048563
298713,0.05227067729163066
298757,0.11533162615449813
298766,0.010257724105115943
298768,0.16711777724318294
298770,0.053297005313432885
298776,0.27977730542435897
298785,0.05043556989953611
298787,0.022112418444226442
298792,0.11781505137456633
298795,0.03815364559201705
298799,0.02944321323332011
298806,0.09830052697477548
298810,0.05892445891194849
298818,0.08293673780037714
298822,0.09364255352264725
298823,0.014585764088303938
298834,0.018510538989997775
298837,0.10244611202194544
298841,0.037569853215095754
298845,0.08732386335962464
298852,0.10594530145289424
298855,0.022565094964247447
298858,0.1080608037014764
298860,0.03232019290338785
298861,0.014442087433303968
298863,0.009097147581919759
298866,0.1241271173440689
298873,0.3405742876476685
298880,0.10411997863945016
298889,0.0275046136081821
298896,0.1923736696563202
298917,0.14146268012223695
298929,0.05447087665274773
298940,0.07092606226535911
298946,0.13130827983155452
298949,0.01313257049668446
298966,0.11668812066497765
298984,0.0939707269993554
298994,0.03752917184409821
299004,0.26541574478162744
299012,0.020874332443856725
299022,0.20602592788889765
299024,0.020166420489122885
299026,0.021477521588326838
299035,0.04309133557306785
299036,0.04224592349204692
299039,0.0310834295045004
299061,0.13135037332472674
299064,0.06797907566204123
299067,0.030174577706512797
299074,0.16449153928486793
299075,0.019195790483016045
299078,0.0513826324871039
299109,0.12524581212386035
299117,0.1583858085325024
299121,0.03030426242789542
299127,0.15368406057932926
299134,0.19070629612853213
299136,0.022809575929185463
299137,0.197787528826357
299139,0.1531581586291551
299168,0.010356698673315238
299176,0.014813681709769587
299184,0.10090904267679793
299188,0.1017420284189593
299191,0.17872899935008474
299208,0.11537291346960502
299229,0.026847700657751238
299238,0.0428655582679857
299241,0.14115852917062266
299257,0.08742070910776342
299260,0.0769444197884648
299264,0.05407863259866162
299279,0.06868803675275244
299308,0.020645203725110705
299310,0.030230007201787326
299311,0.043728152439771864
299317,0.12433265462907571
299325,0.055614294520736816
299329,0.04496614262445862
299334,0.11188735202646527
299335,0.13928951396078215
299339,0.09898109052534113
299351,0.07123218392224502
299352,0.007971177961714074
299365,0.10992434351702765
299393,0.05325883489069774
299400,0.03119125686229319
299404,0.0692818467145014
299406,0.09197122447621017
299410,0.20840345546597808
299413,0.11753120558839555
299434,0.2835760635456969
299448,0.018029872636285294
299463,0.06605116157950673
299464,0.17750559533533816
299470,0.11324615389374829
299480,0.03901107818071067
299488,0.01130020481993372
299496,0.10447740350910234
299501,0.07679834906255936
299504,0.13891396834033004
299532,0.05475228113479512
299536,0.04441806193069213
299550,0.057237638529445675
299554,0.05048961731516151
299564,0.08446776911701215
299577,0.052403449407309836
299581,0.0432937650330288
299594,0.06268089442903506
299632,0.018244391420592303
299633,0.11813458480623357
299650,0.2647382426819684
299678,0.05076291988709529
299682,0.09075081225795727
299705,0.06391360183447009
299719,0.13903368493675491
299720,0.05503213666543548
299724,0.08984056422722977
299730,0.026578188567014632
299750,0.04174382380692174
299766,0.0598356760900267
299774,0.07973344321332636
299787,0.01972112350706223
299817,0.018381173452806935
299818,0.17430920443019562
299826,0.03418425761334801
299833,0.02811590696131134
299845,0.11292287046207469
299847,0.41626786980639296
299850,0.0825300375408279
299866,0.1410903946197417
299869,0.04261988805983093
299870,0.10437599480895171
299874,0.015694163115388203
299877,0.11950407464325788
299891,0.11766526933776147
299898,0.07617196317057644
299900,0.20716534432061273
299904,0.02005680786129999
299912,0.037913683929642214
299914,0.052271906402618015
299919,0.011461397923396583
299931,0.041152912879654585
299934,0.11403238825456005
299941,0.4183121273139494
299946,0.016607810441430143
299947,0.08933980226115419
299972,0.10360534352653661
299973,0.37107027677980886
299975,0.06387531542719013
299979,0.03498552174935819
299981,0.02535853998752921
299983,0.11220928815502039
299985,0.08227937736604074
299986,0.03507203016763541
300011,0.25921702797489155
300013,0.05190401103351227
300028,0.014398113416609876
300042,0.02474676272431296
300043,0.10506480706152384
300058,0.17584150326096065
300073,0.027457851128099585
300075,0.07286117637858838
300087,0.0072270243279816335
300090,0.04999984764579799
300107,0.0629797713332402
300115,0.02439396808824305
300119,0.014411731933862353
300122,0.25482004827472454
300125,0.08753486481784031
300126,0.04612497350277425
300137,0.49758930757312636
300139,0.054704897645631634
300145,0.10958876226811512
300155,0.036785122856099736
300169,0.009813084399926127
300170,0.031033662823528978
300175,0.02660382553777059
300177,0.10054822503673107
300186,0.020928932717766878
300188,0.013070614613920766
300194,0.03707347866640134
300207,0.11347640197316532
300210,0.1469661795523618
300217,0.10050437139932437
300221,0.02952075690560556
300235,0.018184589499929342
300238,0.010687891832360817
300240,0.3401685452345095
300241,0.02892370261432151
300249,0.018472571314061492
300255,0.08158234334314961
300259,0.049764043346794504
300272,0.035198285476141414
300274,0.07507662078789167
300276,0.1712925561836901
300284,0.012653918961475821
300293,0.01623755442753788
300306,0.03383828295831217
300310,0.10001092087060862
300324,0.08560636765451402
300339,0.00921924144610449
300346,0.03142829726044537
300348,0.03632911930535465
300354,0.014837090552281437
300356,0.013804423043356887
300358,0.034650376138898514
300363,0.03934216396971161
300366,0.09063063290386247
300368,0.12207518270087353
300370,0.09807326249571115
300385,0.05870687747769604
300392,0.3000696256001766
300393,0.025180818097648515
300403,0.09119965616398769
300411,0.07697838895557388
300420,0.032420002934870566
300421,0.03917576138838066
300435,0.17973422532600652
300437,0.04764140780989497
300440,0.06614395184786795
300443,0.046334228976331646
300456,0.2178729030939211
300458,0.08307114328542933
300459,0.06403632076634326
300460,0.021759460557866553
300462,0.08877197526615527
300481,0.05334930495501988
300486,0.22473847225009558
300488,0.03304398587975249
300503,0.06549238772051592
300506,0.04820679274891963
300517,0.055600316204120044
300523,0.017727533899556426
300525,0.014096891081782473
300526,0.14763180923233762
300552,0.05054176674499866
300560,0.05488333081838889
300570,0.027444824702655555
300583,0.07966382576755057
300585,0.08857584642488991
300587,0.05553293809756035
300598,0.11920368755081799
300600,0.031198319472518665
300608,0.09650787435535399
300612,0.03922647120239715
300618,0.03522643081326749
300621,0.09177066333419982
300640,0.02860936697804681
300641,0.11364967438521378
300651,0.06551105131793242
300653,0.017732955224993623
300667,0.029385621408308242
300678,0.030801794738762753
300680,0.04358808745235983
300687,0.03844616107481713
300702,0.30856394288086686
300717,0.05363701188319671
300722,0.01475011040510579
300723,0.030551328132469593
300732,0.08931842825414191
300752,0.07196296703814947
300761,0.21018060503002467
300775,0.09410263954285561
300786,0.2558762352705418
300787,0.013777310907562951
300788,0.038310684420002135
300789,0.0663110160332331
300794,0.08703229954461487
300808,0.07082590232353578
300834,0.02044284966368283
300842,0.0832396110411963
300844,0.17606963431039868
300850,0.05783171488175087
300851,0.3320641833201452
300854,0.017881666294493385
300866,0.027238855632727252
300867,0.02879818156748792
300868,0.0998183437618781
300882,0.11752828036652219
300883,0.025590953572461918
300891,0.07285192330329092
300894,0.009373966249350513
300901,0.1832836355958265
300904,0.06905068737604682
300910,0.0798963779024531
300914,0.16882356602932413
300918,0.07204556812494099
300948,0.3300573142008279
300954,0.039426728653293205
300958,0.12803435021686646
300959,0.024903127765168242
300970,0.014704469129547648
300971,0.03130706176524431
300975,0.09094889884776822
300981,0.05230701079820271
300983,0.048995896416451155
300993,0.4148190624837112
300996,0.01713737706182386
301001,0.013906541339586527
301005,0.03740486825585775
301010,0.17202482733992264
301021,0.5904108217715885
301026,0.04375261074049592
301029,0.031005706687653987
301032,0.0488651221344609
301061,0.15569206421247864
301073,0.01612366990811342
301083,0.032802007567566696
301089,0.060098376578150606
301093,0.08648867276013635
301098,0.07533684854769995
301103,0.10659801845497804
301105,0.1355735768319776
301112,0.28102506432084134
301120,0.03349729336895255
301122,0.03625819967771628
301124,0.09093024741012073
301137,0.02615873446194221
301169,0.05467617336667375
301173,0.09678348536360885
301177,0.11533423251869859
301179,0.00891618740715848
301180,0.11549952441219617
301185,0.02410857285301075
301195,0.1589010027278662
301199,0.026400137240519213
301201,0.024181416014213447
301206,0.040143128478057115
301209,0.0571247690380257
301210,0.04464859755276733
301216,0.1537049333270974
301224,0.21649052492177684
301226,0.03457156615075305
301227,0.04928985975143448
301243,0.032483179151025214
301246,0.01274714791632154
301248,0.040074381521626734
301252,0.007627458928887379
301259,0.19369402419904508
301260,0.025929287805213395
301267,0.012302142175801518
301268,0.07649452880616449
301274,0.01925009931472533
301281,0.04730372327268598
301287,0.04123094805802284
301288,0.020684915151366924
301299,0.014455020716523055
301304,0.02492240508544765
301325,0.079452694720371
301327,0.08153192160887104
301331,0.361290695266151
301332,0.047437478549370166
301336,0.027851293840417506
301345,0.20294832417827796
301348,0.01028359369574491
301356,0.06943979924591874
301358,0.0416802284840499
301360,0.009734138855426948
301364,0.05048480505856179
301389,0.0236566006296521
301415,0.015337626381107455
301421,0.2057376288498296
301422,0.033874404809382114
301424,0.05008509706517452
301426,0.024457632297407935
301433,0.07823043284001363
301459,0.2666235675644907
301460,0.07315622842786987
301478,0.030186564137237713
301483,0.026272252354384337
301493,0.027811157230388114
301494,0.012882641120043684
301503,0.036121403575982106
301510,0.09364475483204904
301516,0.012010992692956067
301530,0.11925102090093952
301531,0.04059423060833073
301549,0.021995843897104125
301550,0.050824381716509284
301555,0.06626168348350842
301573,0.09230432273675937
301588,0.03852111563711812
301593,0.09094519613603808
301613,0.07409922766084959
301625,0.11484437220268408
301643,0.06780375869300799
301650,0.01326520550813071
301651,0.07691674144763762
301652,0.032004753563755504
301653,0.11245436298468088
301665,0.042070154748442834
301684,0.07341678872422508
301686,0.268008892945502
301694,0.07460907869422453
301697,0.01868082369691114
301698,0.03582017620088703
301717,0.020020219921578535
301725,0.009432067611334687
301728,0.07153497230720536
301734,0.0231966525105544
301749,0.1904886440492239
301761,0.21442651812541821
301766,0.09796217070880406
301775,0.08118058100593403
301782,0.10769428194600679
301784,0.08021218292561828
301787,0.03125561845010743
301789,0.20251494503280798
301790,0.06381721984209382
301804,0.09910122596952402
301806,0.01972916035400103
301817,0.05359319183955608
301826,0.031183211934289197
301837,0.06307881478843996
301842,0.05962806727927277
301848,0.02329398428933324
301859,0.23458210592006984
301860,0.026096055528254572
301867,0.0519234969986563
301877,0.011671990225382782
301883,0.03615618666963791
301902,0.035618906798874105
301908,0.054391091343303936
301916,0.01653410142621351
301920,0.028711921006770055
301921,0.021011714473180086
301931,0.01600085597630902
301939,0.07746110411636747
301941,0.06665750302765429
301943,0.016716252567845268
301949,0.02318805667913647
301955,0.05813793058642977
301963,0.03131912675973711
301968,0.03719175301230707
301975,0.16808522511188972
301988,0.14080540949347453
302000,0.08152076999315915
302005,0.016889703638810646
302007,0.0679602198461866
302016,0.14591490330145124
302028,0.03413899995351749
302038,0.02351510731070579
302043,0.0170982448191393
302051,0.01608357750569637
302056,0.008592390834300325
302063,0.04106870102035397
302072,0.02296841085550111
302074,0.05246417542523983
302080,0.01964570224532762
302093,0.10847957596775343
302096,0.08259214680808694
302123,0.01250156876484933
302125,0.014593150814919777
302128,0.03338508551008791
302145,0.11370625326932036
302146,0.047871024056717094
302160,0.11154233556439673
302166,0.0312381807066806
302174,0.06763664005514301
302175,0.03572843012352455
302186,0.07108322211916976
302190,0.0636196732526918
302202,0.07378951561762448
302207,0.0798480857302446
302211,0.03269174836389474
302215,0.025390296879208116
302216,0.055777551618841126
302217,0.011952267250034211
302225,0.28701095128994625
302231,0.033578416238488035
302233,0.016829494708825762
302259,0.03129219352403639
302263,0.09142382642448685
302281,0.06577081081618441
302285,0.016139927050405706
302288,0.023333845840932614
302292,0.35901582132604515
302303,0.09613125329731928
302306,0.03668479601000614
302309,0.06583652969714605
302332,0.01636745072738509
302341,0.008648528958251035
302350,0.15699878137108741
302352,0.09078974974452564
302356,0.09319167576572301
302361,0.02440924433831669
302364,0.2041662008069932
302373,0.020055005612059282
302378,0.05992917826317433
302385,0.027214818922686873
302389,0.06536185080621425
302393,0.15737318137796114
302403,0.01593446392663341
302422,0.026709321952971533
302425,0.038230282398776454
302431,0.16521414804636836
302443,0.04863782584227728
302448,0.013165816278666365
302449,0.09968131341660408
302455,0.10655506848474075
302460,0.031989430157597414
302462,0.042007809773177425
302466,0.0233443528494771
302467,0.05042628006317659
302470,0.08421087307824766
302472,0.0631392685693957
302480,0.10049798188795374
302481,0.014929884621663364
302491,0.0626676608529649
302494,0.021668590013479254
302503,0.1359206060638198
302504,0.2535972889109576
302507,0.12491079209689944
302527,0.08848667777916985
302571,0.1022374987794563
302580,0.14255378422234186
302583,0.04218671647746636
302591,0.012002359584140244
302601,0.0364652387004103
302613,0.031203273800128783
302621,0.03370806045637694
302638,0.02297385867587797
302639,0.16278203869676527
302655,0.028219552393400942
302670,0.08644025760232549
302673,0.246890676684268
302675,0.038250694095500984
302691,0.042507786565250075
302701,0.04345310191797409
302705,0.02259576964950584
302727,0.02997983916876812
302750,0.039691963227354105
302751,0.039175342701025184
302757,0.09162978165534241
302758,0.23204974359625163
302761,0.12038674640583022
302767,0.07625455283459515
302787,0.02629355294324525
302797,0.031191202080623304
302799,0.1163291647914387
302800,0.05731089807621986
302815,0.04989899338732306
302826,0.33512278395519446
302827,0.026115474556773568
302842,0.023259288040008846
302856,0.02057963500377674
302877,0.049971676574583554
302879,0.058080791642329564
302881,0.041876515579957134
302882,0.06508339592821992
302885,0.09506701893197693
302905,0.03421824091529148
302911,0.011340411162359391
302916,0.12064777843589577
302919,0.15627276475122903
302947,0.04575847302912489
302957,0.07427402275594877
302968,0.031035295802255575
302978,0.09583680415062845
302984,0.07739433238166446
302991,0.009442333073479865
303007,0.06435563425308095
303010,0.027963388486451364
303012,0.09523103911914527
303013,0.16197069982267537
303024,0.03255835144321121
303027,0.04271937710786594
303034,0.01998247013256661
303036,0.1120905240670754
303037,0.04766379534951753
303050,0.037913572930785636
303060,0.11893070599221531
303062,0.0641088858987868
303066,0.013997048383948663
303068,0.13443867262206327
303077,0.2691796464395439
303080,0.018781956622552446
303082,0.08564952756301324
303083,0.01853299652671552
303085,0.050605621245791675
303087,0.045749526597884754
303089,0.032530677851522305
303103,0.017112375204357638
303105,0.019994686724422246
303106,0.125277857117167
303120,0.033242350996470126
303121,0.011618072296794868
303127,0.02134909623946831
303130,0.023429193429128883
303142,0.017503361900679235
303162,0.06698774960749979
303169,0.059404579210548765
303189,0.015505228018272766
303220,0.03029673194203076
303222,0.18135755884425245
303223,0.02874925372579902
303227,0.04589662948514408
303262,0.04461229089034159
303264,0.017318496399150052
303277,0.05870186742961487
303288,0.018763359902435908
303292,0.029404089217435227
303294,0.18771577602016581
303301,0.45496518053157975
303312,0.10407737184700433
303328,0.05584397265811082
303330,0.016972899801848573
303347,0.01824669507924185
303354,0.02517350311921574
303356,0.014320295002348236
303362,0.02175235679689563
303377,0.08322996770730018
303386,0.05008994773592554
303393,0.014687071573367048
303397,0.030625811194620114
303403,0.13068456453725721
303413,0.005695785420580362
303416,0.062249437412205344
303428,0.06377815297649915
303429,0.09385538150279138
303432,0.0551945488521558
303446,0.10989512357136272
303455,0.20941086926305957
303464,0.06066574237831407
303465,0.010691223890574432
303473,0.07094105305436432
303476,0.10318667525811764
303479,0.10761059089624254
303482,0.030579524087919703
303484,0.060836229905659664
303492,0.09171954498549036
303493,0.15860906168900502
303497,0.11401484023442959
303498,0.07077234800155675
303499,0.05784118420970049
303509,0.014454415814950914
303513,0.029843364000257642
303524,0.009300405352479606
303525,0.09957305919471296
303540,0.07689808714091098
303544,0.03744180036274812
303548,0.055763098074834795
303551,0.0347061196836531
303569,0.05152060081176264
303584,0.08602831843112763
303592,0.1502117857911744
303602,0.1814503323923129
303607,0.10192145891997742
303619,0.051872096072744206
303630,0.02364235453818984
303643,0.4017975437152308
303644,0.12168054135740308
303670,0.17210584851143274
303671,0.030265374937307667
303678,0.024088779201797868
303689,0.01640294642312125
303698,0.06886459915680165
303702,0.028367133836845197
303704,0.0349143070043227
303711,0.024051889316908243
303727,0.03924464343416366
303728,0.009695678004356506
303741,0.1743424258192962
303752,0.02761395165375035
303755,0.03302763162486286
303777,0.023072812620189925
303790,0.11458349061796289
303798,0.022443422510036636
303804,0.29345221514882036
303812,0.07559893267400412
303814,0.09689245508506378
303817,0.35691746595106344
303818,0.10228779597164989
303848,0.060612434711434696
303850,0.012591657042950911
303854,0.02145563079750764
303857,0.017426166211384687
303860,0.021664239822367433
303870,0.11519020294048335
303877,0.02206773761071216
303884,0.08815487482558157
303893,0.013181382336540069
303899,0.02510244754689995
303900,0.24651828292190492
303902,0.08654823044341883
303906,0.07369566016678249
303920,0.13001408488176402
303937,0.043204632992540445
303939,0.01916075699840283
303941,0.015158888526292082
303962,0.07592017785196908
303963,0.11143036916467877
303971,0.04137618696785561
303978,0.028273340400178447
303980,0.16319593769266175
303986,0.10698323961079684
304018,0.12772565968735064
304025,0.013790439149154074
304027,0.06387126118272184
304028,0.1917649162984796
304029,0.04274388810459879
304030,0.015035686835765262
304035,0.04440263898072599
304040,0.061662439427237654
304058,0.11427162791811535
304083,0.0352316918682231
304089,0.20104676903835791
304092,0.06322937836542558
304093,0.04585187105321801
304100,0.017236342281037584
304121,0.04011954061852794
304142,0.059791563598437306
304154,0.05309061365046406
304158,0.22631674639478291
304164,0.03805130758283534
304173,0.20932977221908466
304175,0.04658026663141836
304182,0.022303375598014902
304194,0.05618683335900949
304201,0.08781004754445802
304202,0.048154093272046304
304206,0.04299778243739971
304210,0.0535512110853143
304226,0.0112980669876638
304237,0.02525145165388086
304256,0.21962551478218612
304257,0.026170278287547033
304265,0.02123939159123731
304271,0.1446695548005947
304274,0.1076894039946953
304286,0.09082842073210637
304292,0.08133646210879647
304299,0.05330245309436227
304350,0.038171702168403474
304352,0.021220493631613147
304355,0.030443599794578308
304360,0.031728669407001406
304361,0.161582543907423
304363,0.10380640982691833
304375,0.24048269719301527
304378,0.01833674313091069
304382,0.20385677572716282
304385,0.21484320907187832
304386,0.08740783526524734
304387,0.052633421994612746
304388,0.027243044026810583
304391,0.1167578794032747
304398,0.07222355572197253
304406,0.013657716406719072
304420,0.04957429882935861
304431,0.029841775961832056
304436,0.35365503726384595
304438,0.017162405074314196
304440,0.0458327457227989
304441,0.01784312166567334
304450,0.016109657474508463
304451,0.17370454421361375
304454,0.05291393909952981
304462,0.2335405019078312
304466,0.19609799094735483
304469,0.21381207015201753
304472,0.0329814829321055
304475,0.14835964070945581
304481,0.02291734658292938
304483,0.03984316125756869
304485,0.06613590272927175
304486,0.017270270479522957
304504,0.04863908606258316
304505,0.042117595891195014
304512,0.07113215074381049
304516,0.15347993369825338
304517,0.01590101266381139
304528,0.015574088412757453
304530,0.03716794617653841
304536,0.01710324463544161
304549,0.028975901514670836
304552,0.09881650484643308
304554,0.1079218644733675
304581,0.04884590462678316
304593,0.018550178872502033
304596,0.3010645729718831
304604,0.030538905673185148
304610,0.101304928892527
304614,0.030867097871405416
304628,0.21312570967223127
304629,0.01707564161521858
304637,0.03538572643911783
304644,0.011366824423716207
304654,0.08856922726765713
304664,0.2678627031203036
304676,0.023761784689380748
304680,0.07319930194531644
304687,0.012996447049862705
304696,0.07429045241104565
304698,0.14793749274616547
304700,0.0681162960884407
304703,0.11473223804118847
304704,0.024140491466035426
304710,0.06547211085480995
304717,0.06829082817810186
304729,0.2571305420053987
304732,0.020110296488303078
304736,0.03817473238289053
304738,0.043280151537136345
304756,0.020054612827416565
304771,0.02135581246785065
304773,0.0229777299476058
304776,0.028482258723251844
304778,0.019006169468574925
304779,0.1401420236048141
304780,0.010770966341341108
304790,0.09028752035496204
304793,0.009159056374217904
304805,0.10564320948679098
304811,0.02234267525712104
304825,0.16201515873054897
304828,0.12453644234484207
304829,0.075466546036288
304842,0.09125800637559513
304851,0.0954263856416034
304857,0.029428953398291623
304884,0.09728902005289122
304891,0.040097358039016505
304897,0.11481973885576255
304898,0.06732875620361127
304905,0.03885952993948011
304907,0.13186177096335733
304917,0.02406314458093553
304931,0.02156306323033233
304935,0.0143396645604794
304942,0.04343870846622813
304954,0.13281084660504802
304959,0.00871792177112045
304968,0.0921013201495807
304971,0.024408458656860452
304977,0.1316232580078285
304982,0.031980047312849605
304985,0.043421816023211636
304991,0.023602035367270915
304992,0.11612697354349281
304997,0.13887409915683338
305004,0.0343381863301977
305008,0.02019203033630882
305019,0.04237355786108033
305020,0.1543920923674078
305025,0.03425557036263553
305037,0.06719428623183749
305046,0.1870047926973299
305056,0.01878571750522971
305062,0.01953970480217207
305064,0.2544220604640988
305065,0.04060626978985328
305076,0.07260970890407453
305108,0.05344420379104404
305110,0.024616590293890357
305115,0.13069753123541425
305121,0.232436662385215
305125,0.05778130929225611
305141,0.03758313805588062
305151,0.02451474000388336
305159,0.023192878564178003
305162,0.036655550329643724
305165,0.0433765080882382
305174,0.054767578951891605
305178,0.058043129660789894
305180,0.08352128071355466
305182,0.05209596003466902
305183,0.019902996848330086
305194,0.03960433885292773
305199,0.19490515265594704
305210,0.04990901818031407
305214,0.22997752266309
305215,0.06077463134610735
305218,0.052283658378860384
305225,0.03488278583647664
305229,0.03622403396672144
305231,0.006659706774667698
305233,0.06509039900945811
305237,0.010630078684565182
305260,0.0507368442597092
305261,0.05640029958578029
305278,0.05510577408402991
305286,0.15963565058134419
305293,0.022380498121176713
305300,0.011365084889166998
305301,0.10262105642801947
305326,0.21575350349434713
305334,0.03353437520013589
305340,0.07780865384077165
305348,0.029900822391387954
305352,0.04072630070079723
305359,0.022789339513204564
305360,0.009801019664362183
305362,0.06004214875741003
305383,0.009269645535029595
305406,0.07267477847974904
305408,0.11342473588501072
305412,0.29867216084333564
305413,0.05293993399239934
305414,0.23250684781924202
305417,0.02121301707712922
305421,0.05785651370519891
305422,0.02505890016725974
305447,0.024213104621682493
305448,0.1048854122699992
305450,0.03314212802854245
305452,0.0584367953246798
305459,0.017908017457030054
305460,0.0696353510944175
305474,0.040652342534205806
305475,0.022153127927933527
305481,0.16760004659972316
305494,0.05565008292110675
305503,0.09963805331854353
305507,0.018783703226092525
305508,0.17245790439241737
305513,0.06983060026162638
305518,0.056634315012671174
305523,0.06418815923196725
305526,0.06869963448212728
305529,0.031592471737915274
305532,0.08149222288359988
305543,0.1288189653374759
305555,0.029624617496871224
305562,0.028320264708723376
305571,0.01685611546417201
305578,0.10014283366556609
305579,0.005818181413235733
305584,0.037292274618285326
305603,0.03569852638174924
305620,0.201390132902141
305626,0.035612814309425075
305636,0.046000344572838005
305640,0.025828296895749264
305653,0.044424916719684404
305662,0.12748602623007943
305663,0.04039432381042843
305667,0.062136120029067224
305683,0.0697375638950381
305698,0.015850363873922264
305699,0.05669502774064998
305707,0.05936560956701918
305717,0.2893841351166094
305723,0.019281290728010235
305735,0.07265369325068421
305738,0.25645366003912223
305746,0.030090597900694654
305766,0.11530304481386161
305773,0.005147609847986955
305776,0.012162934098982722
305777,0.02138470935676815
305809,0.02898125964231191
305813,0.03949432300521724
305816,0.06347288219009492
305820,0.07376909113946481
305826,0.09600180347812301
305838,0.09303168625644805
305839,0.04006585907926209
305846,0.148522732033725
305861,0.05404291324815394
305863,0.1952863728133444
305869,0.046390313520445786
305872,0.06019351400532437
305876,0.011822026976314785
305881,0.22746131023670424
305887,0.040020265217629955
305894,0.057266658059765274
305898,0.024714073129974
305905,0.08306565856208437
305908,0.02591320363718396
305914,0.12084296913545241
305915,0.008499075582232089
305922,0.011239181772312642
305938,0.17103542133368235
305946,0.03257054703785511
305956,0.02795068794900874
305963,0.06427366496949549
305965,0.016719939256736253
305988,0.04838089887347165
305990,0.031323531030987346
305991,0.046996685523143795
305994,0.05467480242084395
305998,0.05085299521162577
306003,0.019544014187552826
306012,0.029130708800350485
306016,0.023938997391456922
306021,0.10791528803879341
306025,0.051074295916901206
306030,0.15687715738919022
306047,0.023032226800596002
306051,0.03946669905205134
306063,0.1412259210806356
306066,0.06681116611200441
306069,0.044043035831939054
306074,0.059934006443668406
306091,0.05777720566855739
306094,0.04854272296971064
306095,0.024885319018185345
306114,0.04057102009615078
306116,0.01238803871635301
306121,0.04846909442246718
306127,0.17540432188572663
306128,0.09503247985845058
306133,0.09355362126337119
306142,0.03933455582504985
306144,0.03818426583121066
306150,0.03213036140449084
306153,0.024399072695562123
306156,0.09597712754656804
306159,0.4768880650487545
306161,0.01619163395667748
306173,0.049713786314264694
306175,0.09021110597219423
306193,0.08738571807102212
306194,0.04753622538007628
306198,0.14150676962986586
306203,0.06610671045128036
306209,0.1575317045183443
306212,0.020076119572031106
306216,0.1410230916970547
306233,0.027151454806249083
306247,0.08766825529664857
306264,0.029818885946814276
306267,0.03806875127210481
306293,0.022338850319749682
306302,0.3412413804445963
306305,0.03215070914664157
306311,0.018294474993071644
306345,0.030719848961385722
306357,0.037945453460132804
306368,0.010740446782753835
306372,0.23429228223465492
306378,0.1370253434242766
306389,0.025413728847254284
306398,0.07495922474153346
306414,0.12650912532543082
306419,0.08637892465952252
306437,0.025478754653444603
306438,0.10728267015162028
306441,0.14803372799424214
306443,0.0936241836216016
306450,0.063326457899303
306464,0.04437169273141368
306468,0.16385412849134684
306469,0.009836740177023724
306484,0.09040855921273531
306527,0.0561422076712573
306538,0.0618775217153227
306547,0.15078629746729472
306554,0.10650016319040545
306557,0.1841905203309153
306560,0.022538220340386175
306561,0.0171029387985769
306565,0.007859258335093697
306569,0.043202665036806774
306576,0.03200652185924368
306587,0.04025670932557471
306604,0.03180686591510279
306624,0.030860188196209257
306625,0.16790691066425203
306628,0.10213654678285096
306647,0.06320878857790574
306651,0.08093856580600395
306658,0.039774828574112485
306660,0.20391651359150814
306664,0.028516102522869416
306670,0.24197421637100547
306699,0.07313640329979672
306701,0.04816913037717585
306712,0.022218056694439395
306716,0.05143631870520329
306727,0.02288626797771605
306729,0.052237635841671626
306735,0.0165091216366625
306739,0.031573425565024876
306756,0.05538480724583954
306757,0.04733634855557729
306767,0.06385094988720537
306775,0.023515258639754708
306795,0.0448784639449778
306799,0.1602640249822651
306800,0.02679988132694241
306805,0.059029678014903705
306812,0.013245452795428825
306820,0.05714853125173713
306840,0.07366252808098259
306845,0.09277480984705412
306848,0.02649873319605503
306856,0.10622511584846173
306862,0.04481811216350655
306863,0.03926203524407409
306868,0.3988388929256111
306873,0.34709823774512033
306876,0.11711387726164066
306893,0.045296294920806106
306896,0.293037641896134
306899,0.022255905011646884
306907,0.10589789586387022
306908,0.047465586536858825
306917,0.09094044386029528
306927,0.052413092213631454
306930,0.010536366620666789
306935,0.03482629484970338
306942,0.03408861364173688
306951,0.02499298625907351
306961,0.036867953755819555
306970,0.3600315036426419
306972,0.20370077180060844
306973,0.03563751339613769
306976,0.01949601462266521
306978,0.08151516689258477
306990,0.07184220115339653
306992,0.20686521880298253
306995,0.02699965413970018
307001,0.19652791059898606
307004,0.18218359832129483
307005,0.09062844981300332
307006,0.020466404777429652
307010,0.02630832152894568
307011,0.07534511721942332
307014,0.009542901137450245
307016,0.023679315382379912
307022,0.0130453864908172
307027,0.17709094426562838
307052,0.02370469523822312
307061,0.06403672240924513
307072,0.43590545431054584
307078,0.012831558619395243
307111,0.023551368942630557
307112,0.024343805769297976
307134,0.21488444602663476
307143,0.06547796568312522
307147,0.035849006199263615
307148,0.09091720526602748
307162,0.057703841063732136
307166,0.009825143205684301
307168,0.05681139000801374
307174,0.02331719717316512
307177,0.01286051629512677
307197,0.036233668426186104
307198,0.09799646476094681
307199,0.09285334479941848
307205,0.04116528240785653
307207,0.036736522317070024
307210,0.01288013927472029
307212,0.01969110651259426
307223,0.016993956500323225
307224,0.015789054878477614
307236,0.26450224477596207
307241,0.07825719395048883
307242,0.06793458862882511
307259,0.0402730465738937
307271,0.10135005563246394
307274,0.029228883493932867
307281,0.08491668066394165
307288,0.053913772171107384
307294,0.026052912007283505
307302,0.15128069092172525
307308,0.05657161806658041
307313,0.04077642140547799
307344,0.12857042554424358
307350,0.057547499552050296
307366,0.0750976943341256
307372,0.02565207510445222
307373,0.08028132735998648
307374,0.025838291650303078
307378,0.030180670252568046
307384,0.04069155968994167
307398,0.05641895273592912
307406,0.060881255444768495
307416,0.024162247612346803
307420,0.04341766154796307
307424,0.031883627464738655
307427,0.05378647592526749
307429,0.048600045099306884
307436,0.026751724550788933
307456,0.03262636218475345
307491,0.03584964861139163
307494,0.01819511863569944
307496,0.014776637853353237
307500,0.01984307873301457
307504,0.1236631042400984
307509,0.20437428524538237
307511,0.17395920207914428
307520,0.02077142738234034
307527,0.019673295360178734
307537,0.06701682005763632
307539,0.04453057726046891
307558,0.0497898617965501
307561,0.031078765764805876
307575,0.081414678340923
307577,0.033580845225431574
307588,0.060531942829872176
307636,0.054176834950025926
307639,0.298507217983039
307641,0.01172781788768581
307646,0.0782790663257961
307653,0.15302486355419354
307661,0.28033310639448294
307669,0.13811627588406097
307674,0.017081936514865247
307678,0.024410989871252703
307691,0.029707339106459507
307697,0.021135802197679916
307699,0.016060809414743086
307702,0.014275480702554506
307708,0.05813481031570047
307712,0.1238568255026292
307716,0.02333963322832221
307729,0.02722075474316996
307753,0.054921501609841356
307765,0.3312918654337774
307781,0.14356088074041445
307787,0.057233160792547366
307788,0.026195806559417723
307798,0.05237315836306764
307799,0.05149526993882302
307800,0.08714351379684711
307801,0.13541776493475097
307804,0.011424819800508664
307816,0.035759882245276875
307820,0.010865404781990985
307824,0.04560339327188152
307828,0.01155183713346228
307832,0.12313759930215912
307836,0.05853793852986322
307842,0.06617051153222785
307851,0.3812555877758625
307856,0.01777780099022521
307861,0.10145013126928006
307879,0.04472018221611289
307904,0.12000506079683482
307911,0.03853822966347383
307912,0.017367679197155466
307913,0.13328952547687528
307922,0.02461174817470268
307924,0.05839824308342805
307925,0.047664110283509246
307929,0.053537526719746625
307933,0.1879067837191481
307945,0.0414619478861157
307948,0.037943314834559316
307961,0.2568758489583584
307962,0.03391095695877137
307963,0.04511878238993862
307971,0.07388461039281846
307983,0.14340650989106055
307984,0.05634926183126952
307988,0.0940289045353398
307993,0.10657482809999763
307994,0.0632252760336754
308007,0.1123377934552554
308008,0.0403728967019482
308018,0.075689726559033
308023,0.011859843982123988
308026,0.041502298932555234
308028,0.03425366682789871
308030,0.05872004746545707
308034,0.09377125426543026
308053,0.03250276339204154
308065,0.06579050300095408
308095,0.007620599216473289
308096,0.08021468819399195
308100,0.018014925200349648
308114,0.034602205153349844
308116,0.23303924466290513
308120,0.03850264271481641
308128,0.0676625763787128
308132,0.03927142974364051
308134,0.05469951982682547
308140,0.0733377186692051
308142,0.08673221894900138
308164,0.024149447243452023
308168,0.13689837082265055
308169,0.2281580239046888
308171,0.13497703703625052
308176,0.02850314283209572
308177,0.04578303277092853
308179,0.016544697216829583
308180,0.46684046427214987
308184,0.042122202939553294
308188,0.063835449507495
308189,0.009418332429054294
308190,0.03230819717787056
308200,0.15793110635845065
308210,0.03143195205665281
308211,0.1188030152244176
308218,0.05470543659357696
308220,0.030115375304107066
308228,0.029678871535685606
308231,0.029794995856497215
308236,0.015444461233228271
308247,0.03890179084212468
308251,0.06682275484469868
308260,0.04586045184271757
308266,0.05664963109818753
308267,0.018462382797650778
308280,0.21836834370470012
308298,0.026387065678271156
308301,0.009907962665561548
308309,0.06290415055637197
308312,0.32088156545440016
308325,0.04371049621926014
308334,0.24464714727566864
308339,0.06183979314148298
308346,0.08437737036052775
308359,0.04121868958236218
308360,0.05217244040143673
308380,0.06774058389859411
308391,0.0841099888534813
308403,0.007210236054228399
308408,0.08709768162810709
308410,0.4254843379263773
308415,0.16571354404185998
308420,0.07393576795093523
308427,0.04033943784898779
308442,0.01606442108294584
308447,0.33624640563374664
308462,0.02881245160242829
308464,0.05616002108110612
308465,0.06389383938040807
308467,0.17613163189892142
308468,0.05787150633964201
308476,0.046343303261605136
308488,0.2026939628915071
308498,0.03065912356535804
308504,0.03598450374586293
308507,0.014654716611199414
308509,0.014211384633089075
308521,0.12100944077743256
308536,0.09643044773319756
308537,0.030631584942329537
308543,0.011656867993116422
308547,0.07830452180657776
308559,0.09306054374743632
308565,0.1243864698659341
308569,0.10616938018775911
308584,0.018848116272541852
308591,0.14836673490855795
308608,0.025694348619720524
308610,0.05656380716018134
308613,0.012804445356272617
308618,0.04911129348139046
308623,0.022773910471129567
308632,0.023805341687356766
308636,0.09641888738178192
308641,0.02346197484075376
308643,0.029388456987303035
308664,0.16756463223303167
308678,0.015755944595799563
308679,0.06204896250671876
308691,0.022383929307711346
308692,0.04890654736324123
308701,0.04546737869827966
308709,0.11888628944348076
308711,0.12484699289595777
308719,0.061029933878758866
308723,0.051794556581739815
308727,0.06950038491555498
308732,0.05681116848441481
308738,0.008959386377429913
308747,0.010747102672219457
308749,0.0246830355182343
308755,0.02676014556361097
308756,0.15678299350621663
308761,0.01503103083980475
308779,0.04336281501390514
308780,0.09175474592249036
308784,0.06539411058970193
308789,0.1280151193428819
308807,0.046824572763750696
308818,0.48538730779361067
308819,0.04555848425609564
308822,0.29675152726172105
308827,0.04767760045720851
308831,0.04848469441073354
308833,0.025915126330878367
308842,0.06002739791413676
308868,0.01589910511291936
308871,0.016107678168423505
308881,0.018352408202872515
308889,0.017057599992171747
308892,0.04521510485149925
308900,0.03824141873150772
308903,0.024898905739360475
308912,0.11062432040819213
308916,0.06279813974900805
308919,0.09800450794311148
308920,0.07291502344359894
308921,0.025363615560701623
308928,0.046122310614339024
308929,0.15273393298090215
308934,0.08919739072860397
308940,0.08043143303851752
308941,0.01728914847678517
308946,0.045908514624949374
308956,0.052576456440926574
308958,0.017819660662560466
308963,0.021879991563499426
308965,0.05037219726362251
308971,0.031012437272917137
308977,0.03043618878300687
308985,0.017754312961504145
308987,0.04935788492333676
308995,0.14422307203311016
309005,0.05347950956069636
309007,0.216879236875836
309015,0.01159774168503069
309016,0.13719256397983248
309018,0.047744377366168655
309019,0.13132063540517708
309035,0.03853919510463649
309042,0.08494728340730695
309044,0.01482910169823932
309052,0.1403468008046464
309061,0.04622578993502597
309064,0.08085898569717331
309072,0.07075888117452413
309075,0.0431739273253426
309083,0.07124695675730466
309099,0.2164128441067888
309124,0.01263787727155499
309125,0.09039617429974467
309146,0.023540230115743785
309159,0.016195560450928636
309161,0.02646650521344572
309168,0.16908863827340181
309180,0.023862335088178515
309185,0.08182870376015594
309195,0.03773618600140428
309198,0.01870680046810641
309200,0.0508145180726723
309202,0.053578000149811844
309204,0.052096850630976466
309213,0.18330121620562603
309227,0.1397437058685932
309234,0.024799121973098248
309241,0.05744700356833996
309242,0.043545353802151854
309244,0.06481165844108189
309246,0.08868841210685596
309250,0.070342906663317
309251,0.15610361967268613
309274,0.15517941348647196
309276,0.0670886636451824
309280,0.19475698113417544
309298,0.2735751820915583
309301,0.045081432349068265
309302,0.02718524824884026
309326,0.014253954591707715
309335,0.04029655685129739
309341,0.09580282302815407
309343,0.07364018582391696
309344,0.039849395198218306
309354,0.03437452586647483
309362,0.05933903297389609
309399,0.06104303933124929
309406,0.10945352619542087
309409,0.046308527749801695
309411,0.12258228770553188
309418,0.3848519001801087
309421,0.041165988320057925
309435,0.028168737202710882
309443,0.2275268988369436
309455,0.17695658269056097
309462,0.0637935370306871
309473,0.12328440613076208
309476,0.283284422861277
309478,0.019888048668405725
309493,0.013185192059483281
309502,0.06563483346712685
309508,0.2338258410919343
309526,0.14158907032739113
309536,0.008138180126709514
309544,0.02201323643790259
309547,0.03741441648158224
309555,0.015515464678110689
309562,0.03044813597058026
309569,0.13801232452946105
309574,0.07337984181259771
309577,0.032378130911100034
309578,0.09605483274709131
309579,0.09512143700494166
309585,0.04820066821610361
309588,0.0730034753765494
309603,0.06271482156806232
309604,0.026304167232038322
309617,0.056721357799887934
309620,0.013212799986890835
309623,0.02104220973915188
309648,0.16477075031794386
309665,0.08396205394081202
309682,0.02217364438394724
309694,0.042205539283131206
309702,0.03412862913002654
309711,0.019052197799227854
309713,0.09975397952593881
309729,0.010470964220642469
309735,0.029916889836136433
309744,0.04119378780120224
309749,0.08693533614697316
309750,0.013897060137383645
309759,0.04007640466040663
309761,0.06015448567013072
309770,0.07845430994051528
309776,0.059135819004246984
309777,0.023332499359482534
309789,0.03650703629631115
309790,0.016279327031296267
309800,0.09623252005941145
309813,0.046315234314773676
309814,0.0784096541456436
309815,0.23194059705913767
309825,0.07587913830743966
309826,0.03581200526686719
309829,0.016367238522114358
309831,0.008609403359966385
309837,0.010131884292930965
309846,0.08879342901858728
309849,0.16370276263196964
309855,0.025062763797057352
309860,0.14422141510643838
309879,0.05338490588325598
309882,0.2955261853892813
309887,0.04248863114208676
309892,0.0676219547494096
309895,0.10252517676571782
309902,0.016375126795672303
309915,0.058372238681343114
309923,0.020866210464611568
309941,0.2924507081419996
309942,0.10483558744328922
309945,0.05337319205359754
309950,0.09507437850262124
309955,0.0368983271201328
309963,0.025992531395150426
309964,0.02942057599565301
309967,0.35751480617647496
309969,0.07462152507929651
309971,0.016763013250808964
309978,0.13900561729473754
309987,0.11783829819538232
309990,0.22741762644290425
309992,0.042551126885683035
309993,0.07053298789965817
310010,0.06197378971128465
310012,0.030210546201475116
310017,0.017481803951836798
310018,0.031882461393484204
310022,0.042745639994726116
310031,0.026174004159825803
310033,0.029576978705756703
310034,0.08468266574760999
310038,0.10682108124187414
310044,0.17951283015725286
310062,0.03501092241900834
310071,0.0191668161933033
310075,0.04699413497555202
310082,0.06836151920159389
310093,0.08947398111195032
310101,0.010843593733443634
310106,0.008194507182279785
310118,0.14085743559513716
310123,0.02111592562839187
310126,0.008745560462009281
310130,0.039334385001512644
310141,0.0658262119684491
310145,0.16476481434599546
310148,0.05992574898044947
310150,0.02823460064053936
310159,0.07882838708746623
310162,0.04951217912268551
310163,0.0701372816857648
310166,0.010116596402069125
310167,0.02457499447847467
310170,0.06516378477539064
310181,0.04694921693086108
310187,0.04890141066236039
310191,0.015424345494560269
310192,0.0385005161951527
310197,0.16265601109162098
310200,0.015751908948075533
310201,0.2952060806975673
310203,0.016611848945469104
310204,0.014096411373450187
310213,0.05076664460709934
310215,0.0680598003861604
310218,0.19939058822329941
310236,0.11555189471060714
310238,0.018805985374030398
310241,0.03206250927019414
310245,0.22725509117864978
310252,0.04898347704947319
310259,0.033198453471095304
310260,0.1979587337963229
310261,0.02041929774862593
310262,0.02344052572671776
310274,0.041775744104067314
310294,0.28754679067034783
310296,0.22311518543105308
310298,0.03992589449948835
310306,0.08484971637136401
310307,0.06593545114959465
310316,0.01724879751549694
310329,0.10108585515535062
310338,0.09707728960480741
310342,0.04702418702071948
310343,0.1326698466254671
310360,0.08128235374276277
310362,0.5157810947864189
310378,0.025351297949275466
310379,0.044861120829728394
310383,0.041394751312447506
310385,0.05147245048804333
310387,0.10639372682908933
310388,0.024850582879735173
310400,0.04960999550686679
310408,0.10381266121222153
310414,0.05902638293160706
310423,0.010938048791382094
310424,0.1005638599377712
310428,0.13052552354564667
310432,0.06919928873836358
310456,0.023162121534826267
310463,0.21195688693632111
310475,0.0926715904919092
310476,0.058223957010888366
310482,0.05691201167588887
310485,0.021734550838672095
310490,0.0289748563302087
310496,0.014737956423618435
310505,0.07762289885945953
310519,0.03231690625801405
310546,0.04908604093168964
310547,0.03292371397741399
310553,0.0746933388323017
310555,0.018241024907150145
310556,0.3060585628740228
310568,0.017623591120680373
310573,0.05969812782468137
310574,0.03098129215607833
310577,0.05503470576961176
310580,0.04160460529316818
310581,0.020544918909000794
310583,0.07315993025027888
310586,0.04102908916348801
310591,0.05674390564727781
310598,0.03154040734109264
310606,0.06808843053231212
310628,0.02480280460073635
310634,0.08755283047585874
310638,0.050380041531623336
310646,0.009818632792505368
310648,0.1004440657042798
310654,0.013615899286553015
310659,0.133651520317831
310663,0.06283431629521934
310669,0.031330201010730765
310670,0.07045755066258338
310674,0.03125907346253482
310691,0.061063023394192395
310693,0.08809065622341902
310702,0.026376359905895007
310706,0.022381762873773633
310709,0.024109541942279027
310711,0.09404149767160866
310720,0.13168421671780225
310739,0.18604317341190793
310742,0.08924498816122917
310743,0.03985439415823328
310752,0.05721533150308539
310753,0.13962187824023436
310757,0.4088407549805388
310763,0.032279623873187537
310764,0.02293466613209143
310769,0.012412334370131364
310771,0.07876323837581825
310775,0.016257572651510146
310779,0.13959707690773404
310781,0.1018326253560059
310784,0.029375173625553728
310793,0.07890751082977307
310794,0.016702095844120895
310816,0.1909676863195429
310823,0.09125347200014584
310837,0.035121341399906636
310856,0.0407684388759364
310865,0.028793663210070215
310866,0.040161973610450846
310872,0.07842390680549033
310877,0.26235670482086293
310879,0.1305078885602416
310883,0.02003323971205916
310884,0.18950318013735196
310908,0.010086614293715268
310928,0.019796996799371747
310935,0.012847910454008502
310954,0.05077911811698191
310964,0.18419853666329694
310971,0.11885530355709267
310972,0.10620010120221576
310983,0.1331036961244095
310988,0.007557131118647635
310994,0.04984294444338042
311003,0.02135938503354972
311020,0.026093889338365754
311024,0.0851225018903984
311037,0.04166623013976629
311064,0.04514484295833811
311070,0.03378297356158329
311086,0.15966705632178912
311087,0.07123876046596433
311108,0.009098958108855484
311110,0.02901803164345955
311115,0.03743773067807191
311116,0.25192111044641585
311117,0.07948709513945483
311128,0.10329656785494762
311136,0.11125686247273686
311146,0.013241749502190297
311155,0.036939728009425805
311157,0.03580380672261792
311159,0.10039787511237565
311170,0.17788592592486108
311184,0.04832118944273495
311199,0.0142296230248337
311208,0.1076692128688967
311209,0.030779100703738686
311220,0.12437397438033934
311230,0.07731574520332747
311233,0.01094014446034732
311241,0.20949359166208292
311261,0.010375398076564075
311262,0.023779556735541177
311268,0.012042457056530348
311277,0.10739933986811889
311296,0.0866566319485012
311298,0.023778386258279487
311310,0.17412034397835463
311313,0.1629987047793665
311316,0.07156397643515171
311324,0.06901483500533004
311327,0.04745482549804309
311331,0.047208286563781204
311335,0.015500423748890577
311343,0.04221069237778509
311346,0.059863334381029726
311357,0.10320053535091617
311358,0.011866946517134526
311365,0.022469195843765864
311370,0.1075450245880517
311376,0.03795489635333191
311380,0.12299098110098768
311393,0.020842182556674693
311399,0.04566566371182934
311404,0.031449942951547336
311409,0.017546185320014514
311425,0.0700001816322488
311436,0.03883345593536014
311455,0.01795529589453848
311459,0.12462461327936616
311475,0.13596602428527146
311499,0.06364270853867136
311509,0.020700649584522297
311518,0.017435307704203578
311535,0.048431922524806506
311536,0.04874078300983012
311540,0.1116555326106087
311542,0.16155762012109212
311552,0.2898687241801191
311562,0.4101324931671772
311580,0.007836577481509217
311583,0.07393033173021718
311588,0.1070921032889822
311595,0.021095787436574084
311601,0.14622777902355544
311605,0.06977421627863802
311609,0.2930218194187657
311612,0.11114433409987466
311621,0.05384179393205986
311623,0.013246002431889857
311625,0.10644081267418855
311636,0.04433704336423529
311637,0.04132467670557777
311646,0.07562820827317755
311648,0.01175296600945812
311654,0.03637316289216881
311663,0.09247208083668274
311676,0.0713119389356245
311679,0.019899773875263416
311683,0.06727710686878065
311685,0.023415432667312122
311691,0.052634213771820905
311695,0.021363593150545708
311700,0.029939004518747397
311710,0.04409781717205116
311714,0.027653392522208907
311716,0.10728607933864451
311725,0.060097360193499406
311727,0.1297745021809669
311728,0.02159032100721176
311737,0.10213541032574514
311738,0.0332398497221466
311743,0.07544806366894927
311746,0.017181466106915542
311747,0.08086068534693744
311761,0.1598136018626963
311765,0.01657641024359275
311773,0.022719836858146297
311776,0.028670300475142692
311786,0.24181034418590996
311801,0.05256004806504185
311820,0.06507499411744389
311822,0.2587848696879191
311829,0.029577802512251995
311835,0.039589522245595955
311846,0.02801062758265472
311851,0.20071092051809253
311854,0.02375440870050044
311872,0.03334488318054639
311875,0.025656520162061193
311888,0.04207666991634544
311916,0.12063572103227133
311928,0.03982117490044815
311931,0.057241758384438624
311933,0.21065382101071323
311934,0.02821155852651985
311948,0.023971863296825574
311949,0.19116436157398137
311950,0.026997457896358806
311952,0.06082276911289022
311954,0.13759565061657522
311962,0.13764598542554252
311965,0.028000356014792754
311968,0.19670656444450882
311976,0.1028381910253197
311977,0.025800044886320643
311983,0.05850856656454374
311989,0.008984246035664965
311996,0.12739958101897245
311999,0.04277120167156232
312007,0.2760149024378754
312022,0.050629270662779544
312023,0.04468527315498194
312034,0.02773883853764493
312042,0.016211949318534542
312049,0.01719798980044433
312077,0.11270900409670223
312088,0.07502289103128741
312091,0.06998333190204814
312114,0.05467502794132947
312115,0.03971523861000094
312117,0.10749174803788056
312119,0.14814182806319748
312126,0.3407198981302858
312127,0.011299202007041022
312134,0.15867863598335655
312164,0.015315519649705199
312176,0.03711307187309622
312178,0.027273737925992844
312184,0.01775365444382223
312185,0.08889057391291176
312186,0.03825589525588048
312191,0.04780123041018609
312197,0.020042825328690842
312213,0.41012569173940827
312223,0.13811158413343871
312224,0.2562696873479705
312225,0.030319873296240023
312226,0.08212404043917187
312231,0.01417702045947198
312239,0.06672390798983509
312251,0.048514030428769436
312271,0.011974624978072054
312278,0.027643368695471852
312281,0.010313780203374815
312289,0.02573332908898711
312291,0.031123281784883865
312301,0.01655656600607419
312302,0.03581678106863546
312316,0.10932095157132411
312324,0.07459416548142998
312338,0.004606976439308092
312361,0.010085619439980266
312363,0.17753048876559072
312368,0.026957944671018988
312382,0.023605677114978275
312384,0.06728666242043412
312390,0.03505965417988428
312395,0.05705494215613394
312396,0.10501252608923017
312400,0.06823750581381548
312406,0.05699073388451464
312412,0.01593094180604294
312414,0.15418991195110673
312417,0.03790430509701896
312425,0.09689276762481519
312428,0.013503057082719512
312431,0.05682215402298321
312437,0.17490891729200497
312442,0.027746905125029413
312451,0.10374263472992204
312460,0.07086148508482837
312464,0.09703235399562439
312466,0.011015781924440029
312470,0.040310638437468745
312473,0.11201771326526802
312490,0.016918755007722372
312493,0.20655894361263605
312503,0.018178840594351535
312509,0.23241312097262035
312520,0.05313505936563594
312528,0.016400563541274473
312543,0.04553917918495451
312544,0.04393731092286305
312553,0.01964121595113678
312558,0.010377879964114642
312565,0.12040496417498756
312568,0.1716128069737079
312579,0.03884052359610069
312581,0.048858525890328186
312582,0.059749572380292375
312596,0.0767932567127659
312597,0.023219083589603298
312598,0.03178797099127376
312617,0.18418149302367257
312627,0.0727010282452758
312635,0.013901350195381842
312637,0.08204558113459748
312639,0.02345962392926633
312640,0.20369674300112817
312642,0.33453107250817543
312651,0.04112905497882141
312663,0.03491125280767974
312668,0.06810679573764256
312685,0.0156460237260012
312691,0.08580024111145959
312693,0.05131855738887467
312710,0.05260609530906807
312711,0.026480974422528315
312712,0.012405085281830978
312720,0.04859170194296573
312746,0.15170666638775412
312763,0.017123798992116523
312770,0.0828961493859505
312791,0.3001201998866741
312795,0.07350721444037157
312796,0.03308798920345796
312797,0.14240510812436877
312804,0.03967456383298791
312812,0.0353310087399112
312813,0.04661327145080042
312825,0.012711048459970762
312827,0.140646393773511
312841,0.051223457576664154
312842,0.23127587927203588
312845,0.019378666317833835
312856,0.03128354631675792
312866,0.017587192885672377
312870,0.35451916993323107
312879,0.08574894168186198
312895,0.019255428680733107
312901,0.05524299035696624
312909,0.01282205771012784
312910,0.02346281933725597
312916,0.021019544392947877
312926,0.05983358458322948
312942,0.0868329976053313
312946,0.10174945655283715
312950,0.03238638160485824
312952,0.05403276765057641
312963,0.027635751955642864
312968,0.10984504154626538
312976,0.024506078101621708
312980,0.09865508741335263
312984,0.07143081406791406
312987,0.07743509882308927
312994,0.024265722317501383
312996,0.12943741958887864
312997,0.08645409114255524
313019,0.018743237901906677
313020,0.012628174629642792
313028,0.036028790345619725
313041,0.3097804135755032
313045,0.009633279170128194
313048,0.08951224488117293
313052,0.10653310471896743
313062,0.07303261932979303
313063,0.07691032156839181
313066,0.03317700952832403
313071,0.03926832182191184
313085,0.028516926694198627
313099,0.36435401410254264
313109,0.1261609587094778
313131,0.018525749289151662
313139,0.06946205601611664
313141,0.06083970976303342
313142,0.18758221089479424
313145,0.24372848185965956
313153,0.1424111658273144
313157,0.00943783893578761
313161,0.08943524820781795
313165,0.04345556014201966
313179,0.23558961626988695
313208,0.17315502940118155
313228,0.30530860889483225
313236,0.044830050646000055
313243,0.02204601358269114
313245,0.038879417213294236
313249,0.024653527606156043
313275,0.03092203422577512
313276,0.0911947981783352
313280,0.03888839754612818
313284,0.3243703118134086
313285,0.03700334554966431
313292,0.018013229158443302
313297,0.10195079731334089
313304,0.03376181079593954
313322,0.025777780838813026
313323,0.05560223972494875
313325,0.009992378322147485
313326,0.11150570878614463
313334,0.023464143224216014
313336,0.034129987363229565
313337,0.257996758870267
313339,0.058983525748495205
313340,0.04947117060913073
313341,0.24519525762862976
313343,0.29020940363889564
313346,0.30072002777588447
313348,0.30534078229324585
313359,0.05991695707405194
313365,0.03549316285089074
313375,0.28818581449275094
313381,0.05259404507847046
313382,0.017392870382033264
313389,0.01811694838974698
313390,0.015539453151106095
313391,0.13599443149208226
313410,0.1251316512366419
313416,0.04935544926873048
313417,0.06008733625814765
313426,0.10664384686682558
313429,0.03475013450171762
313469,0.014050455322610303
313479,0.01881007634615594
313485,0.2058771621882015
313494,0.009819975557372539
313496,0.04748410310215007
313501,0.05743601206092065
313506,0.03733252820259573
313521,0.050642713353663646
313524,0.044184718994429446
313538,0.09014624207819343
313550,0.20816590037876517
313557,0.131512630103146
313573,0.021286114868806
313583,0.024891756623169937
313592,0.09511146476339781
313602,0.051178705298654245
313604,0.09542566780777108
313606,0.1876237286044358
313617,0.06875642045411358
313622,0.031557311227194185
313625,0.1106527424132959
313638,0.016102325179003354
313639,0.0490711530898094
313645,0.047218665325902215
313655,0.09736737183061621
313656,0.5381447084991935
313663,0.08790010525319836
313669,0.044221963480621164
313670,0.05676642296368066
313676,0.08375897752522224
313689,0.37838621459803023
313699,0.05420636115569785
313711,0.018080636401536336
313720,0.10733552753217747
313731,0.30920409480948474
313736,0.5959477514712023
313741,0.02471213137655392
313744,0.03316332455957815
313749,0.25740818551591477
313750,0.045721720698895005
313753,0.07116709731800192
313763,0.03811699245900212
313765,0.2780035155780124
313776,0.021719469375099984
313778,0.12755416299791578
313781,0.06978316820936012
313786,0.25592058669468226
313787,0.007576810192779893
313795,0.07041209703162095
313809,0.04880442710261231
313810,0.045486104468418
313811,0.25273717562051956
313818,0.32994068061877607
313825,0.050233270669066396
313830,0.042418982679379685
313831,0.028996643690222552
313834,0.033898299716513564
313837,0.3505784557131059
313841,0.04495579408794802
313859,0.014411001623182422
313882,0.027939911760532392
313887,0.2367884463635318
313900,0.03968023394114918
313902,0.052648674928124514
313906,0.010796317449244426
313930,0.020739955373348617
313932,0.04997680288996888
313943,0.05180748746042297
313944,0.017939128893878477
313957,0.034158139863750374
313970,0.10488915782884356
313980,0.02669935319095878
313982,0.013865809252766717
313999,0.15564318093174553
314000,0.05983998145826214
314003,0.10637524364994631
314004,0.05583234800148477
314005,0.24850450814294045
314007,0.023792666597727698
314010,0.13498510186990542
314011,0.026164340502845638
314016,0.1214366334301091
314023,0.029588907748304603
314024,0.059747433781550355
314031,0.022457102287629052
314038,0.07274807767562867
314041,0.03974960771844457
314061,0.043130147210398734
314073,0.029930841027074225
314091,0.13311771803521788
314097,0.14775985610254425
314099,0.05347724367622063
314107,0.061372018623367997
314124,0.20691059263551367
314127,0.05460131293621829
314131,0.01904493269000749
314132,0.008167394911557423
314137,0.19847225029310772
314139,0.008191341244483634
314143,0.021387627678011903
314149,0.021496273544545696
314153,0.018493283611840657
314154,0.20891538235076518
314160,0.027076244298997416
314167,0.014558819852063674
314171,0.014589904052582085
314182,0.0797985250924787
314190,0.014835960428665862
314194,0.013780994252978507
314198,0.06442326341959884
314211,0.04053279942796714
314220,0.18808515032865594
314245,0.02142497797827988
314247,0.016262825676788956
314256,0.01645102205386122
314259,0.12311379378028543
314267,0.025378684924023884
314271,0.02487596251785617
314278,0.07345826655532255
314282,0.007892838202780363
314283,0.08453093149838531
314294,0.10957111520941969
314298,0.05208099080015098
314299,0.12934378816815342
314306,0.03866772645409033
314307,0.050684890870223195
314308,0.027179246787980317
314309,0.019604381932056717
314317,0.0584922262156106
314323,0.06516552804749254
314332,0.019181146414480016
314334,0.027377508009538802
314335,0.07244324550938847
314337,0.047708061168637884
314343,0.04351100353954859
314344,0.02046011457655394
314346,0.015372541100246447
314351,0.0820236574840618
314354,0.03946724181469707
314355,0.038107830585437714
314359,0.06657823316163532
314364,0.040191858581987414
314366,0.043575174007650305
314367,0.2505988791661643
314374,0.028809427799069517
314376,0.02289113639189016
314387,0.06286180260344834
314405,0.08025811139670028
314412,0.026782633214296376
314418,0.17222699073909353
314429,0.0742251830603752
314438,0.242682343458417
314442,0.0262025607601496
314477,0.04621173568640956
314480,0.04269888116311847
314486,0.0675926090227205
314487,0.16162910442758907
314488,0.12362026956658957
314490,0.014295870940218173
314523,0.02759729151534985
314528,0.2822436193187716
314535,0.014249104336723582
314542,0.1283836926933981
314560,0.06584655100593553
314585,0.15597026627632254
314594,0.10381675336856826
314596,0.16670900802788102
314601,0.06431990433253418
314603,0.03255881219990915
314612,0.12217471071700359
314615,0.20192222163436307
314619,0.01614513268862022
314621,0.08677747281537541
314627,0.08350644100824417
314629,0.09828855593867192
314635,0.37283850352638304
314639,0.049407196125906265
314646,0.042058402570425535
314650,0.31037681398583267
314661,0.03514801451779954
314690,0.016980399631981793
314699,0.03181990253564988
314705,0.13155449439450875
314709,0.020977555304138647
314710,0.011577118996853522
314711,0.017900912130553722
314714,0.041980620440301764
314719,0.030026630598952407
314722,0.029301208291942146
314723,0.07834809273466195
314729,0.05462056247913204
314732,0.08400932058851002
314734,0.09189155044675808
314746,0.019754422381888827
314761,0.43365861963993035
314769,0.10881307570800165
314773,0.09759417457527689
314774,0.03235689786147025
314776,0.04003492580131773
314780,0.03521308316709051
314785,0.09388590095054018
314789,0.20425406986079048
314796,0.16586111959850963
314810,0.05309810391017146
314812,0.029898110353541944
314817,0.012773465210520828
314822,0.09276677073655727
314840,0.1970266924750601
314843,0.017896666517413548
314853,0.038876704671405526
314856,0.026749998025438454
314862,0.07019307559200699
314864,0.014996290029423463
314878,0.04767230535258099
314894,0.02476949447755933
314906,0.47959816434982594
314912,0.009349620124739055
314914,0.015279645519755216
314933,0.11036357457057405
314941,0.009585460765806731
314949,0.025280517865800708
314950,0.06647003247742002
314952,0.08639928965314053
314961,0.07759326593355856
314970,0.11045623390678584
314972,0.1066984825148574
314975,0.07870932086215539
314985,0.030312000029444786
314986,0.025677337442138543
314991,0.1291338658550046
314995,0.03667786516146607
314997,0.019507084925385415
315003,0.01286734369575418
315035,0.029546120365837137
315038,0.13633429236234623
315040,0.039565085712361114
315046,0.018116808756690465
315053,0.01384731372462449
315054,0.12628977908427136
315060,0.08802446190475073
315061,0.013937839287850425
315067,0.3250501322376511
315076,0.07531837025629956
315079,0.03511140619543167
315083,0.034070148787852125
315084,0.04306840633483223
315092,0.04663809684832794
315095,0.1679817107930025
315112,0.22931045091035956
315122,0.04430751856209181
315123,0.018605698176103913
315125,0.09000853730743284
315136,0.30985175443616986
315143,0.13789561220108568
315145,0.03370508456286244
315153,0.01963672597039156
315164,0.08095304276703819
315169,0.019550055533617473
315178,0.14154530343231023
315179,0.11972594110212847
315189,0.008464764326795653
315192,0.11685638937629861
315194,0.12741472455685235
315198,0.012704851773782805
315210,0.04626276845809339
315211,0.02530699022007965
315221,0.3422095671848795
315222,0.04455916776620407
315228,0.13943138731453358
315231,0.12863518780894287
315233,0.05038691226963464
315235,0.09351001318301616
315240,0.06348398596405387
315244,0.07467890887052944
315257,0.04140105954621114
315261,0.044428966686616236
315271,0.054819290348970665
315278,0.0336567853381615
315282,0.27572808244478986
315287,0.046608550185189404
315288,0.13400382585539372
315291,0.08510344924544141
315306,0.018882081881787933
315309,0.04050360783007952
315312,0.02038224995463484
315330,0.06364316899484851
315335,0.34411922796117855
315337,0.05948535511891258
315343,0.14749785057659287
315344,0.2585783617252409
315366,0.018357914452939383
315389,0.076717971336078
315403,0.01930132296492393
315414,0.23492977767037068
315425,0.0035521640623365873
315430,0.03438236796929513
315432,0.07852458025910275
315436,0.03781972148095449
315437,0.04986117700040044
315445,0.028761520807933483
315451,0.017009969360875506
315460,0.012063913918466855
315462,0.01975635371449444
315476,0.070346017421482
315480,0.07926975078370284
315489,0.045798971218698824
315494,0.010942031043426394
315499,0.0037701849550516742
315503,0.04603801037287007
315507,0.21381915839715387
315540,0.005582344623853598
315541,0.0671578927141536
315546,0.0686138225154864
315553,0.12915506363603885
315569,0.3544267083024847
315571,0.032720232391357296
315574,0.03720404896499948
315580,0.04163180418968433
315587,0.031116892456858086
315609,0.04359762288758613
315610,0.03461605498157896
315617,0.054092825871847855
315623,0.015267092407815604
315629,0.02000469197166957
315635,0.03279494078631885
315637,0.021064816228329324
315641,0.029892420208592594
315644,0.053502956431753394
315654,0.13594492266999142
315662,0.014898568097613214
315663,0.06120695858702937
315673,0.05397829131128788
315677,0.05592300437081551
315679,0.10506611379631209
315680,0.162620769088642
315681,0.03652684157838232
315682,0.1438379732917555
315684,0.05014011085140649
315693,0.04340038795441567
315701,0.027319619403168283
315705,0.06062170283077758
315706,0.025804957172109205
315711,0.09280450563384668
315714,0.10796240948831137
315725,0.06595845017311187
315738,0.05085443284053509
315740,0.05032625716654528
315749,0.2583696163474662
315753,0.01861852545088848
315757,0.07183357412799309
315778,0.08196465255418599
315781,0.0765863806795185
315793,0.047315159375947935
315813,0.09009225525463764
315822,0.04185112106785044
315827,0.10807795402020322
315831,0.014866049827927028
315843,0.21583780155107724
315857,0.09081373790691252
315864,0.07483168505634114
315869,0.035810034512356426
315870,0.04267698086165122
315878,0.06288203520962568
315891,0.09852838260018794
315894,0.1238174683375003
315895,0.14530144226350536
315903,0.08387411214518477
315917,0.06882506180489459
315920,0.025114903615578787
315937,0.06358768667192208
315938,0.034086071572876256
315947,0.09947939010596019
315970,0.29398443681403646
315971,0.021282244452346773
315974,0.02067519210667693
315984,0.06262272278878309
315985,0.09701399973591887
315988,0.011202119647941688
315993,0.1349973366106707
315995,0.16145689324765242
315997,0.017612482263410424
316000,0.03187831796690451
316009,0.020985458913365833
316011,0.09698074903371057
316014,0.026132036410950493
316021,0.04701675713595643
316022,0.058370566905811855
316023,0.03223402768002853
316060,0.04162863114639796
316063,0.06591045796085719
316065,0.13004249956786815
316066,0.0304124014181877
316077,0.13840597545797265
316083,0.01049984627896869
316093,0.05205978740673488
316100,0.02317212526507951
316110,0.015004386889811892
316118,0.0306757293342945
316135,0.02501687770956631
316139,0.14511295613415304
316154,0.21040431320293507
316156,0.010528501476765288
316171,0.07696992030622495
316173,0.03464060698308511
316186,0.01786390344962837
316188,0.036637261844693715
316190,0.1930545039815969
316195,0.12742176601479205
316205,0.03686395373115822
316214,0.03008981667934276
316216,0.06947368581747908
316220,0.05957763698992039
316222,0.024024754057817045
316224,0.066422981365547
316226,0.021689549252418866
316230,0.04914207819248538
316248,0.06488526030842906
316258,0.11974146739997292
316269,0.04966990497105628
316270,0.023698967156468246
316279,0.08520966048743889
316286,0.034110949780429424
316295,0.03728882172736841
316297,0.03321489315588365
316305,0.03181091221184778
316312,0.029739274135470915
316313,0.010540154623440845
316314,0.07741907139378511
316320,0.048690756608391866
316321,0.028325345028394552
316328,0.08507050742909968
316329,0.01646393095178101
316334,0.01981423958852613
316364,0.016521475190959426
316372,0.03335923382533598
316382,0.010754153433002327
316407,0.008921342650730558
316411,0.19722325264924714
316433,0.08882737350379843
316435,0.08004391029051662
316441,0.07648062723290694
316456,0.009096119371862527
316457,0.05797256143862811
316462,0.047349520084486604
316465,0.03852591573027157
316466,0.02938000061800373
316468,0.03428721315197271
316469,0.031406239344931655
316479,0.12464768199708812
316481,0.04381096936854316
316484,0.02272530199038715
316502,0.09193735725931285
316517,0.03894365933718092
316525,0.044429348918044384
316531,0.006342691677008476
316546,0.052453409727415065
316549,0.05553728405726235
316557,0.009523726630847381
316561,0.11994651685010436
316564,0.062395460008970005
316565,0.07922972392487686
316594,0.19000263181130705
316595,0.12071348626920064
316600,0.052739124443775376
316625,0.015738690564048672
316645,0.054223284373937385
316647,0.10928781079107473
316659,0.08937794015255182
316683,0.07543300503899146
316694,0.08620052992522531
316697,0.010481048028088573
316701,0.023632618751935997
316702,0.020085849413973546
316703,0.020040574738409745
316718,0.1419353647965827
316723,0.0877908596036748
316748,0.13267660506282444
316756,0.016098449656979857
316758,0.08455741737733768
316763,0.08526134148643184
316764,0.08543051069238203
316768,0.04570116296100579
316769,0.05256757367030493
316772,0.04496820957273941
316777,0.06989886002337581
316781,0.033172095952524246
316785,0.09543880090929752
316786,0.025137920877423572
316815,0.36096861526857654
316816,0.07558505155594936
316828,0.024186562741944258
316831,0.019257744844009314
316837,0.007775805882646859
316843,0.05029160064999296
316849,0.10983833447307086
316854,0.04749428958583101
316862,0.02443180674978699
316867,0.009210068693954573
316902,0.023375790532652013
316903,0.00916328371956168
316906,0.041101598769238024
316914,0.02274546882082872
316915,0.024034840779336923
316923,0.02644315131168982
316928,0.08236461263912323
316930,0.04154914090159132
316932,0.2550525426035988
316940,0.028671194486431805
316947,0.015227262073730916
316948,0.03520792293614182
316977,0.09211228021339175
316983,0.10555195131233835
316987,0.06971877008932696
317003,0.0881567236082777
317005,0.02472340371503098
317035,0.025451316554373132
317036,0.011071183269831803
317043,0.0712728029242165
317048,0.015535639581811906
317056,0.019649582182891263
317065,0.02520361690076931
317079,0.019562210430957405
317080,0.0349312673573455
317083,0.11834154810209103
317087,0.044333789652633876
317103,0.022411509601063924
317117,0.21365752536534696
317119,0.05708905254938869
317125,0.08158336242038897
317126,0.07417005272241353
317134,0.06911232541942827
317138,0.04892516942771038
317142,0.022905642381318727
317150,0.019223124716964753
317184,0.08992580914108718
317190,0.09293321572728083
317196,0.02901883493785593
317197,0.058171994452028586
317206,0.0779479942788466
317210,0.025571351643704335
317221,0.03963634554348235
317226,0.12640048012798416
317227,0.1520939597798401
317236,0.019415720493152485
317237,0.11016801815952473
317241,0.007673043784627913
317249,0.020670204288366703
317256,0.02046547649695899
317282,0.04941664998637043
317294,0.028063352398238706
317298,0.02908857440076714
317300,0.013343652860940244
317307,0.10010326550385523
317311,0.03307277515223757
317318,0.04823456314370356
317322,0.06614334167656616
317323,0.26459971471209537
317332,0.0314012446954924
317338,0.02931909607284193
317346,0.016441193496018157
317347,0.03604262325635449
317349,0.09610189902295285
317354,0.20126947461964917
317369,0.2604855738606901
317386,0.044944107013513396
317389,0.021330219838598542
317410,0.13515678844858767
317411,0.07046059588031313
317422,0.03257394901023967
317434,0.018565504251618098
317446,0.016956234584413275
317449,0.06560101869757133
317455,0.10167843376374125
317469,0.005180912866760492
317475,0.02049586497106071
317476,0.021841248009059053
317487,0.06305243642304181
317488,0.04485802684376787
317499,0.07530626228028031
317500,0.029434466233236454
317506,0.053907918071258505
317515,0.08481016970825578
317518,0.05043173589965275
317520,0.39081116217185513
317546,0.10146880810311332
317549,0.0588568901668325
317554,0.035721916069203455
317565,0.039685140902386735
317579,0.050378653456126646
317591,0.0655913242347656
317592,0.2031763814359045
317593,0.2250431452099419
317594,0.02902950645358305
317601,0.16105091014894596
317603,0.12195083079743861
317606,0.05229030613861588
317608,0.062003287584641104
317611,0.04568547112534607
317618,0.05341708252028816
317628,0.03470324526221705
317629,0.09241566953589966
317642,0.1512429401465749
317644,0.017003958572613987
317648,0.1837074044339199
317650,0.028904072884256768
317665,0.08961871228219245
317675,0.039599049206743966
317695,0.11937528540558022
317696,0.074756313412636
317704,0.06427217749767924
317713,0.012059985071720753
317730,0.039876586224031924
317735,0.15749709838454107
317736,0.04297273147207908
317738,0.1671705263022007
317747,0.06479612863319581
317764,0.11185379067838859
317765,0.22468902826387113
317772,0.2434101486499109
317774,0.0204585912598512
317786,0.017628658895524334
317788,0.024129672014746542
317806,0.108292570014382
317809,0.17400323944246843
317811,0.028505151110807606
317814,0.0634140302864706
317815,0.11814409530753935
317830,0.07744455057449529
317835,0.05488067467401163
317843,0.07532305053722477
317856,0.05715713103244771
317863,0.2037763209460414
317876,0.13533506460412892
317889,0.06268663567637604
317902,0.1348742203543644
317910,0.026510696084237468
317914,0.05901434818755402
317933,0.04293844489486588
317936,0.2083249017526406
317940,0.024010658908982834
317944,0.03468877722076069
317952,0.05802304728407173
317955,0.11528282682250994
317958,0.014418246815430247
317965,0.02486930005787947
317966,0.10731783328436578
317978,0.039538204908019355
318000,0.035376510995375934
318007,0.07462617233223234
318008,0.12059673786971324
318012,0.017795223943802764
318016,0.012081049046917439
318019,0.060983430058510216
318020,0.019662705376620616
318021,0.025579723238978586
318025,0.09216025871992811
318036,0.021885821578208092
318044,0.02942399998166246
318055,0.011152659381850985
318056,0.14775451394019676
318057,0.09389773754125526
318065,0.0873014972940856
318075,0.02972307128080018
318081,0.46777938692636634
318094,0.03702664595914197
318096,0.026527384363761335
318104,0.03227636358667966
318105,0.01792527907094533
318109,0.12375254719812823
318113,0.02010736940144435
318121,0.07742548637471981
318122,0.08222686631378903
318126,0.04085947778461854
318127,0.0702557066957643
318131,0.08304679826592207
318135,0.07219061254690509
318155,0.025378237357698466
318156,0.01578314886081681
318161,0.01878918508121956
318164,0.16448497808495005
318169,0.1073348198188751
318173,0.12325887841212602
318176,0.18654829890213498
318177,0.21170121758419652
318181,0.04723957876516854
318187,0.02269807530371997
318193,0.025913229730162156
318203,0.03504408798300799
318206,0.02496814210223343
318214,0.050841503392931316
318220,0.030314492128084437
318232,0.060021649647821695
318250,0.16087139605683695
318251,0.0845435970958869
318252,0.012886172547603571
318254,0.029332168037713553
318260,0.0171283610550332
318261,0.004175663371120557
318263,0.0795244718356064
318264,0.07516683930161602
318266,0.0701944234167785
318267,0.06024955106475561
318268,0.047579030165845256
318270,0.020852875320013307
318274,0.08460201290989855
318282,0.056473219553140094
318286,0.06716056875578523
318292,0.013450127534542264
318297,0.01285088887103505
318320,0.06373967073113211
318337,0.0387359067779313
318343,0.06826384104966848
318347,0.04028851391037093
318351,0.12811905933499915
318357,0.4494836116734748
318360,0.018532975852401688
318384,0.007120450842002578
318385,0.028422490543892596
318387,0.06515574586741753
318390,0.12269947505777833
318391,0.05309087868524789
318393,0.018362659076102822
318406,0.015010176343147707
318408,0.3324288283391408
318410,0.15135512061295264
318424,0.08160926897735173
318428,0.059951928734896826
318432,0.034496388148106794
318433,0.18214047780908998
318445,0.10084356202722349
318452,0.4097061542932837
318467,0.055255380559370335
318473,0.1687049258023085
318480,0.06452581872368755
318486,0.22911514504507732
318496,0.017779030731740874
318505,0.19283549000038624
318511,0.08121736372679936
318517,0.05677722845764366
318522,0.04114794969562852
318527,0.06925686670082613
318530,0.015479037964403825
318531,0.05009591580681194
318533,0.01966117439606325
318535,0.016560980242134777
318536,0.03901747293239539
318548,0.05973134614262511
318551,0.06763715452214783
318557,0.15043050471482478
318576,0.03190240149173088
318581,0.22192185299646855
318607,0.050156929342274455
318609,0.023369384061189217
318615,0.46256417327314414
318634,0.060438094543825635
318640,0.2827523919524515
318651,0.16987559571327254
318657,0.14233113713785095
318669,0.051512648525326665
318674,0.06294092188389458
318675,0.03155242357803793
318686,0.04608634119358023
318694,0.028924448999676715
318760,0.05339628033997654
318762,0.005927706921834257
318763,0.015031984057295918
318765,0.05975260794375992
318766,0.04604200087759909
318769,0.162771454199553
318775,0.10857251946918164
318782,0.025996943019240923
318786,0.28188653799361996
318792,0.013697425753870158
318801,0.05606814062496035
318802,0.07487993399168012
318803,0.04583724139225179
318805,0.04666112313310707
318813,0.07758766691402308
318817,0.06533474921024142
318821,0.05441751612054761
318827,0.08269400133223014
318834,0.18419607451060604
318835,0.011638320299547776
318851,0.011803855315729826
318857,0.008310919285672186
318862,0.027849434545966882
318874,0.07153967824782917
318878,0.05830638878247376
318897,0.02453818644270218
318909,0.2205182351736295
318924,0.06487705913308335
318927,0.083917877814386
318942,0.2230913616600756
318946,0.06465501576850438
318957,0.25248230803982813
318959,0.0156059791632712
318975,0.012915550114294716
318982,0.010909884939853542
318987,0.017341738769231094
318993,0.012784498121714213
318995,0.0351436463819551
318996,0.01182526662911806
318997,0.050664388571968935
318999,0.057734900244111285
319012,0.5334975259085205
319014,0.140289578689132
319018,0.08676243128461805
319020,0.08426599308374277
319048,0.020226496832731936
319052,0.08062213543644689
319067,0.059963235645048685
319083,0.029298021338671716
319088,0.01851107984093052
319089,0.07776543270974984
319090,0.28247938661409955
319096,0.03634098981498867
319099,0.04458741066770534
319108,0.017764484117464584
319116,0.05932451679777264
319117,0.06370698356502821
319119,0.05393908362446893
319126,0.3689909573324631
319133,0.09046870574743932
319135,0.07646053273270322
319137,0.04567811136354447
319143,0.07596237641809925
319168,0.09155893098281223
319170,0.11292872539783641
319174,0.03956498812231152
319181,0.011396302597940076
319192,0.020345463273903654
319193,0.026769935908391468
319198,0.0314328020200363
319211,0.02557343195443665
319219,0.08729631622063674
319220,0.048001989465145334
319226,0.06560212245219725
319240,0.05421190288658503
319248,0.0453506475902359
319257,0.05185019357533841
319261,0.06078345061084976
319264,0.018296538720424166
319268,0.028724474314510983
319289,0.15588670809867372
319292,0.04572767231608811
319295,0.06737514105140101
319302,0.044564859426064515
319308,0.17826079333292616
319310,0.16660015917638732
319313,0.03505508191681188
319322,0.011653619778167913
319329,0.012058082138067866
319331,0.04260765048650144
319334,0.12456584086354125
319346,0.021160833428342705
319352,0.3033929537023736
319358,0.18279400935506307
319363,0.03869234540490346
319365,0.06637626911740828
319370,0.011573182776311811
319371,0.07028899983397972
319372,0.06462828692682851
319385,0.09764327776672148
319387,0.011079141780182537
319393,0.015043649889015877
319396,0.03748330166818762
319406,0.034362413210489856
319439,0.02143392955157778
319440,0.05045742043881193
319441,0.28898794692712365
319462,0.030628979577912507
319471,0.0841951737997218
319475,0.015243826512784914
319476,0.08639943719675586
319486,0.05853732784006038
319487,0.03738673247491774
319489,0.08034364952798484
319491,0.07331141337207728
319494,0.01430452504391198
319496,0.12445463147650791
319512,0.0429567494492977
319519,0.01891026960593871
319522,0.01781143468587296
319530,0.07716086505659883
319540,0.012072583967452349
319547,0.04697447866885167
319549,0.027719379006556195
319559,0.03546384291305953
319561,0.019823870348250384
319566,0.023572781833922092
319569,0.06297546219122302
319574,0.07280674213511161
319579,0.06611417231570879
319580,0.05337499220646081
319582,0.026616349540281664
319583,0.05162561568958324
319585,0.0692431118580989
319598,0.04560577292296274
319600,0.04820176713018391
319602,0.01107547479262556
319603,0.037848261506000076
319604,0.023325084536869756
319608,0.026621269842038685
319622,0.0771748845556999
319623,0.08412144258160703
319625,0.038302912912401406
319628,0.07084106824950007
319637,0.09198062787059272
319639,0.038966149841670066
319658,0.04238891476572145
319669,0.0587204018347548
319677,0.04766836814295573
319683,0.10210082525293243
319688,0.03350971447912234
319697,0.03719099515905204
319700,0.030655806882304903
319727,0.11286818660772233
319747,0.034367390985677336
319751,0.040113088109055145
319758,0.06380867772556482
319759,0.055695560626132304
319765,0.013162553026056439
319768,0.03981769614378546
319774,0.10876306024498963
319776,0.03793568167090969
319777,0.030160138346750763
319785,0.03993988066891835
319789,0.04045324370061209
319792,0.04396423045745445
319799,0.02383782261684563
319814,0.015061207737639689
319815,0.02087879865422228
319822,0.05022027039104722
319829,0.05502979663694816
319836,0.09603611200017846
319837,0.022864169098541096
319839,0.08565081943565227
319843,0.02054242737482639
319860,0.08473575070666711
319876,0.1865198857728383
319877,0.011496824723495797
319887,0.045340253507104564
319889,0.01849223222400438
319892,0.05299115502616322
319893,0.05334912669653014
319897,0.04755994134632068
319898,0.0505104975538022
319911,0.09966815513213412
319917,0.07251008916418974
319923,0.03818807743202556
319927,0.04557220942740477
319929,0.13222315379847233
319931,0.1943384382026141
319948,0.059657697284332
319949,0.027465279731702277
319992,0.04670524182110007
319999,0.019258991928747103
320001,0.07050045758346923
320003,0.013132073139371068
320004,0.3161264134856411
320011,0.12469000097936538
320012,0.034191199807762196
320021,0.11668485303400482
320026,0.04600842036712493
320034,0.050638257438834815
320041,0.32283471009804904
320042,0.042129449348726894
320046,0.03784100964820999
320056,0.012597815333230015
320062,0.02649470685162121
320093,0.10955400827305578
320094,0.10285513525661477
320101,0.10967414578419625
320114,0.0679157605767689
320126,0.09810680693072045
320128,0.02527508702200246
320137,0.06439149297530258
320149,0.046874340296369235
320165,0.02696143273074927
320172,0.07167290909137969
320173,0.1292988203361413
320175,0.18739759080616727
320179,0.04948796339656934
320181,0.04124544236927882
320191,0.05395068264876097
320192,0.02456597952033755
320195,0.017367327631229525
320199,0.06107452177671144
320202,0.03139670917672885
320203,0.1995360185656746
320205,0.07759542092722277
320224,0.12946499803764067
320227,0.1261350114676057
320228,0.04478607323540821
320248,0.34186857876775095
320252,0.009631487652064613
320254,0.07697595697529
320259,0.07128955894486069
320267,0.2238276689456464
320276,0.020526688229182265
320287,0.10878122217001127
320291,0.023969421284919842
320295,0.04686997920760032
320297,0.021518311917594443
320305,0.3635159363937178
320321,0.31742654091733585
320331,0.14348542534382197
320336,0.08448646213091351
320341,0.056550727801264786
320344,0.062337307738631664
320356,0.009911618950249354
320362,0.07590495264478245
320369,0.015974341641275123
320379,0.06965628351270692
320387,0.02198753500251561
320397,0.03020980354411748
320412,0.05252243423101739
320421,0.046479200397565375
320428,0.2526245871408811
320429,0.15392724531726656
320430,0.02757072730909993
320434,0.03220788476943477
320453,0.03985407368966348
320462,0.038494792107054886
320469,0.01252097206464344
320475,0.05226633613737661
320478,0.057150266887274564
320484,0.0765188526362016
320494,0.01704982985129473
320499,0.011739221780124
320541,0.20759644969948926
320550,0.031077258439471456
320561,0.0349809160997873
320562,0.07253558250015181
320564,0.06498292127701374
320566,0.24521112448408397
320568,0.04055006506625464
320593,0.013309495829266077
320609,0.048334029924497285
320614,0.05238855920667357
320621,0.010339819783264505
320639,0.3255190590612397
320640,0.06785501311534266
320656,0.032917682723013694
320657,0.06325663194308466
320670,0.03686095147096787
320672,0.021202181508098834
320691,0.060599071572484675
320693,0.00906631467847393
320698,0.07456972647248876
320699,0.04554745901240939
320704,0.030193878562204443
320709,0.018180254658428836
320711,0.020730510618161103
320724,0.06077908326035554
320737,0.041956714183026426
320744,0.06011742174123064
320747,0.03246047820727443
320750,0.1965057457997827
320752,0.05171412612309347
320760,0.18389895690295732
320765,0.211309402321704
320767,0.08281227535230919
320778,0.295053194315365
320784,0.013296009099432293
320789,0.08154438825341778
320793,0.006254122958106444
320795,0.23468784231172665
320805,0.09413331272794438
320806,0.1790751901653788
320823,0.03912512903838351
320828,0.14386781452943334
320833,0.11168693723071985
320843,0.046844701679892436
320846,0.013657478599214717
320851,0.1590254361150631
320852,0.04840965690235684
320869,0.023560689759517073
320873,0.14045364916662142
320890,0.026348863817249324
320905,0.16710325254125202
320912,0.09975333518934623
320914,0.01002052906848234
320915,0.023061824673180777
320920,0.058523405584682414
320924,0.03377910517299438
320925,0.016062958739362275
320936,0.11256326840501421
320937,0.020297783927482303
320940,0.058069709011078455
320943,0.06134431623890737
320954,0.017529901013298207
320959,0.07498809123916982
320960,0.028042946714331933
320966,0.03388925094873605
320968,0.015151452666435396
320975,0.02509233155478169
320978,0.010518529799448468
320979,0.059663056142004685
320981,0.016599128804015553
320987,0.044940504478464
320989,0.07458899589012645
321009,0.21907224547782508
321021,0.20332674245239674
321035,0.12506895021967793
321038,0.04659157475020629
321039,0.14818083178249192
321051,0.025011184279049546
321058,0.020673597353559673
321066,0.341506768464603
321075,0.1272114683180049
321092,0.007396891446738788
321098,0.20464170612329413
321107,0.22628019810262112
321116,0.22935092179548144
321118,0.017330794949238993
321124,0.038448001135084335
321131,0.04015287226373893
321134,0.2956477358112962
321140,0.06846401256078141
321143,0.10314876249893733
321145,0.011516253085370043
321150,0.007745627903982602
321151,0.04558919536709634
321153,0.17336154665401557
321154,0.06245247175822876
321156,0.017782571483224326
321160,0.019329324518909077
321176,0.06662459666558009
321183,0.06126299033985379
321187,0.07344082080727027
321196,0.022846769403660584
321197,0.07368467595771251
321204,0.21851748890277464
321208,0.06656177735354114
321209,0.049701590226293835
321223,0.06112700417045167
321226,0.011753933662794234
321227,0.024034309147414376
321236,0.05384592225553006
321249,0.195914201304895
321250,0.06535704824476748
321253,0.039008631669719976
321256,0.05458411782995372
321276,0.24025922450283121
321298,0.053752022148911484
321303,0.008822672246188825
321309,0.0567991144641895
321313,0.1225375280586567
321322,0.1467857512076787
321345,0.044092646616541394
321350,0.0717257349715263
321355,0.027993683355701838
321358,0.10355549504145906
321370,0.08960357578296368
321377,0.1889738741552276
321385,0.2572425619481447
321398,0.0913476855051609
321401,0.017982736165696876
321415,0.028864963068005883
321416,0.4109647509429709
321419,0.03024191527107456
321427,0.027755754215398366
321433,0.00974811650924757
321439,0.13970203980887103
321455,0.07038877850728567
321463,0.11440011588244109
321465,0.045476682719017864
321480,0.013280543679020346
321486,0.0211386998875807
321498,0.08041382341091906
321502,0.12140212034097439
321510,0.058495846539858246
321524,0.039029507341329026
321526,0.14982255793806903
321528,0.13845962872738926
321533,0.26459441929701266
321536,0.10094459131645378
321548,0.15354582499142283
321557,0.04424073471062898
321564,0.06405194305503603
321567,0.02192210659453653
321602,0.0583279123510794
321625,0.10265991827708543
321627,0.08659682287859624
321640,0.043844328154857254
321645,0.020298379264822555
321648,0.07861202774406437
321649,0.07184572591114409
321652,0.046216296142662795
321659,0.04039173387394761
321667,0.023183972546805428
321676,0.06473199338641561
321696,0.05267996004674669
321697,0.06120237435819379
321702,0.03623293467572915
321704,0.030890314171234612
321706,0.027387804113993074
321710,0.09166407491099071
321722,0.05932006086666018
321760,0.03398016667125142
321770,0.08343519598967758
321779,0.04547047262469785
321784,0.046127468786229246
321786,0.0753443966448346
321792,0.0652044342256165
321795,0.12140638756564226
321801,0.03245160506026438
321804,0.013313165050069515
321806,0.16353487137248437
321807,0.10787404319102065
321808,0.47365383495915897
321809,0.06226874265229018
321825,0.10273032210536127
321828,0.05539580203904276
321843,0.06632850812053488
321848,0.033719280391927745
321854,0.05229532386181472
321869,0.0505690594637853
321870,0.08895518180284848
321887,0.030002829974130257
321896,0.041159228708572054
321898,0.12420981189544697
321908,0.028458895575576987
321910,0.021860612367670826
321915,0.10395872444811524
321919,0.08753365130196164
321922,0.0863336357160254
321928,0.2026571072973699
321929,0.10111673487467415
321932,0.15918190333186918
321934,0.14698996621885776
321936,0.2974205815319957
321956,0.016941610112866056
321957,0.08595655810633934
321965,0.014347502736868419
321970,0.046969201250897395
321974,0.011597963839084874
321980,0.0328307865141997
321985,0.0167749275611246
321992,0.04355357918569417
321999,0.029553285648748043
322005,0.006031696785272546
322018,0.03737291933716072
322020,0.014714327136770115
322021,0.07264330149598133
322023,0.028518387295616357
322024,0.09631708966846979
322039,0.0072920081585990705
322054,0.11375907143113102
322061,0.02976366464765065
322082,0.012109612662616807
322088,0.18138071056190408
322093,0.050916884270289564
322105,0.09129949846175898
322111,0.02319375393104857
322113,0.15498131638706522
322117,0.032085451298940935
322120,0.0166389070976201
322123,0.04007871807712196
322132,0.08044152056045209
322136,0.08520217260325169
322141,0.1474707161325151
322147,0.11307471081965258
322169,0.14749983796326022
322170,0.25430667596349116
322172,0.07491674598498453
322196,0.03406729048020105
322198,0.1207357806952318
322217,0.06007439541616056
322226,0.14203739678504468
322227,0.06061152794886327
322229,0.019706913423390884
322242,0.03393741356745548
322244,0.04583464716438247
322249,0.022080729536683674
322250,0.07491968165656433
322253,0.039654387695786
322254,0.1206400669336248
322267,0.009696092230783994
322269,0.04604181951135994
322274,0.206340101621171
322285,0.27493595899046114
322309,0.05737902809329517
322320,0.04228608923338031
322327,0.025846427801015384
322331,0.05971247852433337
322332,0.03759068146405512
322334,0.14633079422426062
322339,0.0952413234080253
322348,0.26539379320490725
322350,0.5550898672359643
322354,0.11123568858569438
322356,0.07344083943679772
322367,0.14230470194329467
322369,0.049048095779300735
322372,0.10142929045477866
322374,0.03868717916434232
322383,0.13146573363328315
322388,0.2080402213912985
322393,0.02761686783331168
322395,0.07500052265731669
322407,0.01120674022994487
322413,0.026600624150496424
322416,0.007715675142231347
322419,0.01707567249282427
322424,0.06190482214561126
322432,0.01859759092163715
322442,0.019491147857275532
322447,0.04253789244977862
322448,0.10852467847322242
322460,0.01859241782021112
322461,0.2745669068098527
322468,0.01754515640430113
322472,0.21735422845274877
322473,0.18813723470422833
322488,0.034663731930922224
322490,0.055327583247127596
322491,0.0477739165913129
322497,0.05864002433326054
322503,0.1114001953470824
322521,0.319635503003909
322525,0.1738511660047165
322533,0.09859527022308469
322549,0.13768073024802938
322561,0.1105308107044965
322566,0.046708550777158526
322570,0.31882245549291927
322574,0.028993789736180366
322578,0.01016413994842836
322579,0.026982065613766253
322586,0.05149542797754814
322596,0.0504875867155357
322598,0.029801301409896192
322603,0.07670910449688105
322614,0.07328598526237116
322626,0.019793634564407362
322630,0.06870755674710932
322639,0.22093731129938182
322640,0.054825790672541945
322642,0.07133682409827598
322651,0.07616492381840421
322652,0.10875786114569375
322656,0.015664008777699974
322662,0.033739205487781976
322664,0.054682071130224635
322681,0.28743599484322313
322684,0.021057928700277312
322685,0.1181922544932022
322711,0.17632940789891222
322717,0.05669874466829475
322719,0.03406176744768844
322730,0.07203985672234234
322740,0.016156699936038493
322743,0.14765308386431406
322749,0.008892009657960097
322757,0.04744064868702416
322759,0.10845321722006636
322760,0.03916476971239044
322770,0.020437711438162007
322786,0.1255431354520982
322797,0.058533891945167234
322800,0.05634712503449357
322815,0.013672186582173763
322831,0.05035468131920197
322835,0.14214338958728467
322841,0.027072446206544136
322845,0.018201360966234106
322846,0.015337483532169892
322851,0.08463515629843035
322852,0.02724691262848067
322877,0.0408079683696946
322880,0.023686548591113625
322893,0.045259297974078384
322911,0.032286385999365674
322928,0.3304578495268486
322934,0.09220420367917685
322938,0.21892230208559155
322950,0.10560786214116165
322959,0.0143055864930511
322961,0.03763789732267783
322965,0.1345045493333566
322966,0.0370400215670739
322968,0.01806249072837381
322977,0.04043536530169747
322979,0.09963977192509002
322986,0.13837497606409258
322990,0.10393949613453751
322998,0.04547236400392373
323005,0.018118488136770063
323008,0.02952148539720996
323014,0.04965535941349675
323015,0.01552739870556611
323025,0.0357321494961988
323030,0.07756072857973093
323033,0.03523111039024889
323036,0.05492033056936515
323043,0.07367140516031478
323049,0.043363763053094355
323051,0.2910425655384222
323053,0.029104753396428765
323056,0.07559505497702207
323059,0.09016838594261153
323076,0.07142623021687483
323088,0.05579791517365332
323108,0.4755957994151705
323112,0.05307094465564386
323127,0.017099047225657298
323135,0.06645519857800458
323137,0.04542601190253806
323141,0.07395255232428864
323142,0.031347401383303025
323147,0.1411656643232757
323150,0.16117840050369242
323153,0.09434185289165842
323156,0.0891527625027692
323161,0.025892044657660547
323171,0.023743033393801884
323173,0.055918291274149844
323176,0.028578165929751823
323184,0.079850844448475
323189,0.06615529793219442
323193,0.05839323452471887
323209,0.09825563534368718
323218,0.30429208149038645
323224,0.2200953390657022
323235,0.07934495778511003
323236,0.03251406131866503
323242,0.016489471995296247
323252,0.04464359468854857
323253,0.2674565622938397
323254,0.006656553493115683
323271,0.03360102037757617
323276,0.07359985496394433
323278,0.06517673763657637
323281,0.011854452124736377
323285,0.032707320208635676
323289,0.0755434328224377
323292,0.023702615208610035
323297,0.06728527478415941
323312,0.020278584159804946
323318,0.008796200214209035
323319,0.02818768852355844
323324,0.05522520905349115
323325,0.1027326475074735
323328,0.10213936854948041
323334,0.06592453178649071
323338,0.13911736133250338
323340,0.031429988720397053
323343,0.12270224721328563
323354,0.036623651164219874
323373,0.06102792897931042
323376,0.0315420755385557
323381,0.058673309423675934
323382,0.07903654909343348
323383,0.2876370208218245
323387,0.0389336130702667
323394,0.08783420308470392
323398,0.024184983490234496
323405,0.07204474315806132
323407,0.15728348301703002
323428,0.29216565359013513
323436,0.1440809020542377
323451,0.0996822131932604
323455,0.05918873841457367
323463,0.03431947972318494
323466,0.10709424854681393
323475,0.1027844130249195
323477,0.02053521594229606
323481,0.013301877420465097
323485,0.055269770127600926
323488,0.03464972037198766
323493,0.040246362710470496
323494,0.026768800965500654
323505,0.056518676509497934
323506,0.04592964118018564
323509,0.008405717408927043
323518,0.027133179718066894
323530,0.0894436036123152
323539,0.016538469248509595
323549,0.04063619696684488
323557,0.05656568281977897
323568,0.0792155677567173
323569,0.026901821710804432
323571,0.02725551466752266
323573,0.12825181575334177
323585,0.0373274920662165
323588,0.04544147499487502
323599,0.32890201643161054
323615,0.006491411556301333
323617,0.042989024253301145
323620,0.24300771085215733
323636,0.04044116388661368
323665,0.027881494377434375
323670,0.01960327925513175
323675,0.042331469131651166
323688,0.05680484039870148
323693,0.016853041659550632
323694,0.03407116946421282
323696,0.05361040337923029
323710,0.024777004388743792
323716,0.08595403311799932
323718,0.06507926210885688
323719,0.021543416697964793
323720,0.04304524937463347
323722,0.040185415753798887
323729,0.1504303203912293
323738,0.033168833785252566
323740,0.02817570803761477
323787,0.011731420149175975
323795,0.026389258541206884
323801,0.011849665076879136
323810,0.03923919367755076
323822,0.028041110292563398
323825,0.06573002441849501
323833,0.032608609259140574
323860,0.006405920981720199
323871,0.009911571242975151
323879,0.12551907846870894
323888,0.022425242899713125
323891,0.2538991677156051
323894,0.17609046643479961
323909,0.032431222401148714
323911,0.0612123457515934
323920,0.1350710211754793
323923,0.06681196888948034
323930,0.026121525804344334
323935,0.03697515785229267
323937,0.09616131564436844
323938,0.04072026687712807
323948,0.05107730647062217
323956,0.053350749751020846
323962,0.11177299969779864
323964,0.028159067568090106
323966,0.027808566691650646
323970,0.024507630580339015
323972,0.02405292113347656
323977,0.056755796138178854
323985,0.10340898581364359
323989,0.032291170399909905
323994,0.02864036902130852
324010,0.048732294539051646
324020,0.07515618035255443
324033,0.033735650325355124
324052,0.1427007845293266
324055,0.03187790112619959
324075,0.025620474081384542
324087,0.1072797810835287
324088,0.019770301076744927
324091,0.034384132667961975
324104,0.06093826024322466
324109,0.09155118991692533
324114,0.03446045040892119
324118,0.028885033108009654
324125,0.10241553471944298
324130,0.21687939495970476
324146,0.024817374609937885
324149,0.03761190714871783
324156,0.01287447135838263
324170,0.055283512736847666
324171,0.05353821316082731
324172,0.01795616792574657
324178,0.3882174566773614
324180,0.09077387353539883
324220,0.02060085164532307
324222,0.016071478368329704
324227,0.045449350045672784
324229,0.09627705364183917
324230,0.06818646951707757
324235,0.06478216560012211
324243,0.026866950734513253
324247,0.5179084799227085
324264,0.16762752014990745
324269,0.06428136567226735
324270,0.0470504536757646
324271,0.10181510093884075
324291,0.400956698584871
324293,0.031790397337104224
324296,0.12040848252248393
324298,0.10075217073039396
324302,0.15371151892354268
324305,0.012031403579310299
324310,0.05463343375868925
324325,0.02465814596027256
324339,0.030082501030807562
324345,0.06915135228132745
324347,0.04578829959023236
324356,0.024603734635083835
324383,0.13481587167761033
324387,0.059754324773954835
324393,0.1924368548735816
324400,0.03439436131015154
324401,0.025875749466087686
324412,0.06235980797033157
324414,0.0252074705026114
324415,0.11555840236548287
324416,0.0407419014349519
324420,0.10322470476416609
324437,0.01189937849944198
324445,0.17936570107164831
324464,0.10556031559185804
324472,0.035993784381575314
324496,0.06324390708927843
324499,0.04761949056914546
324512,0.03697623248434022
324544,0.07192519103151762
324545,0.03072660670739816
324552,0.03837800832820296
324553,0.029627746408017894
324558,0.13904126682064716
324559,0.022557069145061948
324572,0.02918266150803723
324582,0.08367308032352053
324595,0.21958690600791303
324596,0.44540672192234443
324598,0.06061119675062592
324614,0.11017325633984272
324620,0.36659866837582655
324621,0.030699969638372335
324624,0.0998890497991742
324651,0.09655602108464949
324655,0.2623890460845352
324669,0.010926573202489936
324674,0.38078052245627847
324677,0.0662300548130207
324681,0.059886493043522476
324689,0.009460878770724861
324708,0.015011345748790511
324714,0.1856132829195315
324716,0.15503114581659444
324719,0.05218777554509774
324731,0.15685949509459304
324733,0.10150899354930779
324741,0.17009292088494118
324745,0.045822163400543584
324747,0.12990889766818683
324748,0.015686278949875735
324764,0.10635555653103936
324772,0.08776782837647913
324788,0.10173364425511011
324795,0.01793071450272386
324801,0.026738678370876845
324811,0.037513944688530004
324816,0.2960224532337621
324821,0.11359587319618657
324825,0.023028635283253718
324840,0.1747125174921629
324841,0.04844860332677965
324854,0.03371756273376231
324866,0.015783292098529172
324884,0.07727065885745112
324894,0.07697405223983021
324895,0.033234977296530126
324913,0.04867356473239168
324914,0.015283853888520837
324944,0.10241632718994637
324949,0.2131227135398562
324978,0.028399595171258788
324983,0.019721146077874854
324987,0.043417312298028754
324995,0.009212906134230895
325000,0.014478201006833214
325001,0.2773631214137658
325005,0.034160411605549806
325017,0.02806264675940256
325019,0.06612896468771233
325020,0.010590786591334665
325021,0.27535891049550365
325041,0.03970105067497521
325063,0.5017490467600765
325066,0.12104475888635836
325070,0.12705474351871288
325102,0.13252363628494637
325117,0.033049175805872716
325121,0.1500940908875812
325136,0.035763500746418736
325153,0.02845257708512111
325157,0.04661622152853439
325158,0.051202105094541914
325163,0.0888704558043921
325180,0.08602559027247209
325181,0.06689985998330332
325185,0.2787030686337832
325194,0.03914214298897332
325196,0.04516952218628408
325206,0.04813864486736104
325212,0.04230640527214988
325217,0.22651384575270123
325218,0.08253282070288918
325223,0.0390029074060425
325238,0.17001446638653223
325254,0.06127042212539968
325258,0.04466276860373979
325268,0.018853388643635702
325269,0.07946609022428254
325275,0.023163654596773775
325277,0.06453759966056319
325282,0.02689019806216794
325284,0.017680256728619063
325289,0.04126639296735079
325291,0.2828273681584317
325300,0.07371155682884825
325303,0.10539446408991887
325306,0.03179826057631776
325313,0.05996192080094949
325316,0.1137202299585665
325318,0.010886841286139674
325332,0.04238137679360644
325344,0.07753581443276236
325354,0.05429741477357794
325360,0.007047630536265072
325364,0.03150644475318109
325375,0.24826848046193725
325377,0.007418257174372286
325380,0.023287546058774623
325390,0.10035888606160992
325392,0.01211925581515988
325395,0.06535749853894221
325411,0.02072400508368656
325412,0.051837935343607464
325420,0.10787233546634681
325424,0.029199530857633132
325433,0.042861922416395665
325438,0.03695213008104717
325439,0.027199377418168483
325443,0.06274596224970802
325454,0.0421423371130816
325464,0.03854157458905718
325473,0.026206737264565023
325476,0.018721068908840788
325495,0.06814713522236257
325525,0.045107438011762396
325529,0.05451032943426528
325552,0.027861543971729734
325553,0.19882681208763756
325564,0.03624436885698966
325565,0.10309618591533028
325580,0.07569177688920983
325590,0.4725037061426293
325591,0.02305192781589583
325596,0.04930476291734387
325601,0.023876411488023115
325602,0.21918421121414638
325623,0.017902347560866602
325625,0.020533459979070308
325641,0.27914180925478804
325645,0.07241894495176686
325657,0.11896662084534135
325680,0.026216525961284837
325691,0.03700090368814015
325701,0.06196759968388819
325710,0.06670379827014984
325712,0.03550004835637883
325714,0.048363227631877156
325716,0.12158267948025911
325724,0.1551272638628532
325744,0.06825180582601127
325751,0.2512833073124311
325757,0.012868584214026185
325765,0.04180902351921892
325767,0.2653569208635638
325770,0.22804648826097912
325778,0.07226556369413444
325784,0.04326784199114579
325791,0.08338657247321615
325809,0.22728055404151545
325814,0.1798174657995077
325817,0.11882115251429975
325820,0.40452378152014995
325822,0.0831772138939745
325830,0.04530389114913519
325832,0.21674492083537522
325840,0.06041839319786149
325849,0.04397700384795842
325852,0.04798161819732834
325859,0.026563410778143434
325864,0.04574715290037265
325865,0.12526486982184087
325879,0.05282238219979593
325890,0.013034992972067665
325899,0.015969616451862942
325908,0.05814309528701195
325916,0.0638890636241317
325918,0.04433665612520344
325919,0.01649543938243285
325922,0.024931954148071544
325925,0.04354527244337411
325934,0.025454081825112038
325939,0.01540483182688833
325942,0.03923251559448231
325948,0.29174447581606466
325954,0.09649821939182888
325962,0.02304720203527017
325966,0.07791437256845808
325969,0.033898625728362795
325971,0.016303012527052213
325972,0.0144137137732743
325976,0.07001065983549118
325981,0.01699555680111457
325992,0.09140343955211506
326013,0.05437029898227279
326017,0.033512533431607545
326019,0.024903722852329477
326027,0.0580900739184962
326028,0.03193748197472579
326033,0.04462618550714944
326041,0.01732074203974798
326043,0.03142494224885474
326049,0.04032890287001558
326054,0.02912395518030115
326057,0.04919293936550491
326074,0.01093559024429725
326078,0.029039288206990824
326083,0.02626557160637989
326084,0.011038539602235274
326085,0.0675567413510861
326087,0.02410474814648091
326088,0.18352649396764137
326102,0.31438285779505737
326117,0.058875322146447015
326145,0.07007342784774481
326150,0.045137002762132644
326160,0.13217730294653324
326166,0.05086569171246839
326170,0.02523658916640812
326180,0.028304571057650947
326182,0.1256866325131669
326186,0.016590838499605194
326188,0.23281595707945757
326190,0.23987812006194512
326196,0.20206716095297153
326199,0.08357612841534287
326201,0.14090868220795655
326204,0.030591588136460394
326209,0.03110518288081822
326211,0.04750222490270852
326218,0.0990945237107256
326239,0.04089800129871689
326259,0.05655698435474114
326260,0.09287368405144353
326284,0.1389056498540228
326289,0.053863512704907295
326290,0.09521392813487492
326295,0.04815562548562845
326299,0.1001342514035326
326305,0.016252045699539048
326309,0.05407998411178443
326323,0.04046799652617408
326364,0.042835714948385464
326369,0.017442712508385944
326385,0.0560562937796341
326410,0.1313291711333084
326411,0.00686429869560219
326418,0.03358691340041688
326428,0.03973929818764419
326435,0.11931311283119568
326437,0.022991481910116438
326438,0.05158372143399723
326451,0.03254256621434049
326464,0.2630702824195326
326471,0.028960395818704535
326472,0.2912237812071103
326475,0.1166056134256189
326477,0.018896071668363823
326480,0.02046450668415859
326486,0.040816607811442224
326502,0.039829567333762014
326506,0.1745866828536141
326513,0.025952548104936725
326516,0.0323378325414544
326528,0.025280872634836495
326530,0.03970071300210993
326531,0.03947613633130012
326532,0.018922920009511464
326538,0.03596354068096093
326551,0.050159547365627055
326559,0.024003064830188877
326576,0.0610735972774124
326577,0.10315255635909577
326602,0.05280750016431651
326606,0.09913107088669824
326618,0.11084954488536033
326620,0.015508681940718921
326624,0.061723547831049136
326639,0.08324602498616882
326647,0.3592479661486586
326652,0.07016278002680429
326661,0.08761852400827833
326667,0.09728128512655722
326670,0.16450759772978404
326672,0.04139635570704869
326693,0.13120667945844383
326704,0.029555032647819234
326723,0.06150626984502444
326734,0.07016517828258105
326738,0.08200242593778875
326746,0.06607719825300655
326753,0.02070566885877841
326754,0.017345484476507415
326763,0.10577288076515437
326779,0.02547177428863947
326785,0.08662743300952522
326786,0.02119737701213969
326787,0.16186130263165147
326789,0.023388840234702557
326799,0.019790988652756168
326802,0.03474580504747822
326804,0.02206828656618484
326823,0.06150235494340253
326827,0.06403418806038473
326833,0.12023919275739063
326838,0.05837358753051796
326842,0.027872245330726585
326856,0.2595074605494042
326867,0.013489591866797634
326870,0.008327940971203863
326871,0.05518673472457958
326875,0.043837326111558696
326879,0.09052404524043127
326884,0.06382214835629622
326900,0.0674480812760503
326904,0.010405187558162807
326905,0.1320543238880623
326917,0.02040248561123762
326919,0.03176363551472393
326921,0.21948815166688587
326929,0.0720865349239597
326942,0.08658707523336841
326944,0.011893823205084265
326953,0.1266565307823705
326968,0.07270862625801436
326985,0.109799384563666
326987,0.06298632037685355
326988,0.03513164593949772
326994,0.042490142445421056
327005,0.01761213939600127
327010,0.04102297816940506
327017,0.060149877793151854
327026,0.1057402819282591
327030,0.028978698471481188
327031,0.020682142059246456
327045,0.15733132488929258
327054,0.006092506267284888
327078,0.028043621920395383
327080,0.02168414421265276
327087,0.3804899301854165
327137,0.07911696140835708
327147,0.07010482585761103
327150,0.06409625717371666
327153,0.21425472498974515
327160,0.10842478298149537
327164,0.009693043500725623
327169,0.13348806885778597
327187,0.16084954011025238
327188,0.0672228192406049
327189,0.03507802978072728
327194,0.02273189575072638
327196,0.1932849627211345
327202,0.06063729660655074
327207,0.01656730768445028
327215,0.016115418030434467
327216,0.09224788061586257
327220,0.0939962894316134
327222,0.08232921576083999
327230,0.09752854577362549
327231,0.28818000752514905
327238,0.04741393984898092
327247,0.009512073780487776
327262,0.04298306912175441
327265,0.019903265332870193
327267,0.01180793209477843
327273,0.008954396117738907
327276,0.13283313575030245
327280,0.08119657235817038
327287,0.045786583424724706
327301,0.0953862609207214
327307,0.06040730373460173
327309,0.07630613946821714
327316,0.14245044072683616
327327,0.13989565519902294
327334,0.17655412607950116
327335,0.1388120187757543
327338,0.010250760097066736
327341,0.07004783795872632
327350,0.0256158360484009
327355,0.03431577636847491
327370,0.02474774684190141
327386,0.03310704422893437
327391,0.11473665073172738
327393,0.1685032130332599
327408,0.025626005188304202
327415,0.15869220009559742
327431,0.11217981787722955
327445,0.021323310483515052
327449,0.1930587334475867
327457,0.08832000194951095
327488,0.00985923362686856
327489,0.034460498370556404
327523,0.06439441556094852
327537,0.024270915124039012
327550,0.24445099310628995
327556,0.015226269021112451
327562,0.01082449736655856
327567,0.12040122527972096
327587,0.1085336691247194
327594,0.08771783484746767
327602,0.049583198515077476
327604,0.09797286505717442
327609,0.07874299144254404
327618,0.04775799711120693
327620,0.04713814932362795
327626,0.10109932164621052
327628,0.018764584282045173
327629,0.08440600872746687
327631,0.09138896615891343
327633,0.04145619387502843
327638,0.010082180588473036
327665,0.013809400231847806
327689,0.03027908528164125
327697,0.04349388060088385
327702,0.05314477358980835
327704,0.09770496842561666
327723,0.04936269793926454
327726,0.015294967967555955
327732,0.09882131484237676
327739,0.11152510833891124
327750,0.022025941593490594
327751,0.017337552578521435
327765,0.10408714053229134
327766,0.023618887998275197
327771,0.04774403936531785
327772,0.20641807845324647
327774,0.09742171004430711
327784,0.022949266581219502
327789,0.007684285320869009
327794,0.01730374315346546
327799,0.06226516670303914
327803,0.12102915233792981
327817,0.050776024428495006
327819,0.032734591460876164
327823,0.12230011889446477
327828,0.40542524413867015
327834,0.14968482428345414
327835,0.03240283378087228
327866,0.39520539496472823
327871,0.03567857457089801
327886,0.06748659833007187
327900,0.11774252632059366
327901,0.1777243174488551
327904,0.02207367150393802
327906,0.16992621692030274
327908,0.0765814829081978
327909,0.011302530577626098
327914,0.38029640478940996
327917,0.12127968972769754
327928,0.06591561347834375
327947,0.0162364695085562
327949,0.042926959776974874
327952,0.06488058692555917
327954,0.024862441298850412
327962,0.03140760978157878
327964,0.253585096493615
327985,0.02446388588827699
327996,0.031586299237943365
327997,0.05212580114379685
328013,0.017945566916875173
328017,0.07056273671820928
328027,0.05010354268059396
328029,0.1511020738697984
328042,0.1042359755045794
328043,0.037303492631557994
328064,0.11524820189449503
328072,0.020419672112342
328074,0.305619914904188
328080,0.018348268675378025
328086,0.13481053143174762
328122,0.035881591086588255
328126,0.005893746102000245
328127,0.06551821887677692
328142,0.013715615640099394
328144,0.031455848983497556
328150,0.08612225425562342
328154,0.14695230225503333
328160,0.04356483022540391
328171,0.045926919757970655
328179,0.03678651164906099
328192,0.016454395326864598
328195,0.06342151510241022
328196,0.02671752943154278
328201,0.01418102076764448
328203,0.03219396588414321
328217,0.04189094700137344
328218,0.023944420240471147
328228,0.09403393669917336
328231,0.03868254238288854
328246,0.07868055724641425
328252,0.041270068839374646
328255,0.06659866204729296
328264,0.023669466024188315
328281,0.032125571605915344
328282,0.007621535651036427
328291,0.054853104528039126
328303,0.03317477243890539
328305,0.14682625524913262
328313,0.030147088032888236
328336,0.09025779825937075
328340,0.028568480617269174
328343,0.03436270713358862
328368,0.6047010339358865
328372,0.01856638268087432
328381,0.06202023924729719
328383,0.08045222543990546
328385,0.01500824466590785
328393,0.036372963499031984
328395,0.04550156387210937
328409,0.025501456607425265
328424,0.0580490672161587
328427,0.07147913737806955
328456,0.044824464205163034
328463,0.10206594229987345
328489,0.11665062883239821
328491,0.03558292918454235
328509,0.020861459696309582
328516,0.1803319864169416
328524,0.02527099565278246
328535,0.09632501923781484
328536,0.01734580458832045
328539,0.04133979174986469
328542,0.4672890840225841
328545,0.31045468854809155
328549,0.1034950416796507
328554,0.030654250667192552
328558,0.07550245903933489
328571,0.069608714690578
328576,0.03191934755246607
328578,0.04295602627675474
328588,0.12766443737562816
328601,0.027784102835528984
328604,0.0917182086419486
328624,0.01025717838507662
328629,0.10107522908755967
328632,0.012864609490525737
328634,0.03885388729499764
328636,0.09338964297780092
328637,0.06472425602543848
328647,0.04782841504974279
328668,0.011354631421681192
328669,0.03051642837872344
328678,0.05146337789455714
328684,0.03871967421983848
328694,0.06847210665968033
328705,0.04527526179254603
328712,0.045607704477974784
328720,0.11306269021673335
328729,0.1698765535156262
328730,0.018858823977605223
328733,0.026556766378048782
328758,0.13037537788995493
328761,0.024405374543652568
328764,0.03672072956506478
328777,0.03860504478137321
328783,0.05288536010728781
328813,0.05972905549718824
328819,0.032534682376405465
328826,0.03354046800355393
328829,0.10171859745425832
328834,0.020548198104301096
328845,0.018892400093078625
328856,0.11706253929576539
328865,0.06436477705080605
328868,0.14482390633510925
328878,0.22245866226056915
328896,0.013596199180785064
328899,0.01196266282620452
328909,0.06630816724129913
328914,0.004990966897524798
328926,0.042823319068810026
328934,0.026274007902847448
328935,0.0234216145677454
328949,0.07396131360878079
328954,0.042556725863607286
328957,0.03551512823070141
328968,0.12403739782700958
328974,0.023520431058002438
328984,0.008150769831900433
328991,0.020875723422719945
328997,0.05122315882049814
329000,0.05286436229135183
329005,0.05784666287183926
329007,0.05073041137115102
329018,0.06648548963771207
329034,0.10309499303687993
329051,0.21087896912230897
329052,0.06828822607184663
329055,0.16409954066302465
329062,0.11859421913487199
329064,0.12874195042097758
329070,0.2753706473723135
329075,0.0335654640800315
329078,0.11391316909219382
329081,0.010816232551998348
329086,0.19130981974155084
329101,0.023495579898544235
329105,0.25716336823821284
329113,0.2200775256326058
329119,0.17935321734050713
329133,0.056448798486205515
329135,0.05377352542207594
329138,0.041604912185134325
329143,0.03961164486501151
329157,0.08148722671340741
329165,0.07086616000516173
329170,0.029683073362587825
329176,0.09396386588447382
329177,0.08420107184663025
329179,0.04834160966327634
329196,0.11240261802862761
329209,0.09697140561259168
329219,0.22138120257672445
329241,0.017454368513403772
329245,0.16332830518032032
329248,0.05033617142998825
329249,0.06071873584256217
329251,0.03217117318871934
329252,0.031132586814044426
329256,0.02376999361987866
329261,0.04353476570694188
329264,0.2753119099041571
329297,0.1357390372441179
329310,0.04857349001833513
329320,0.02708903244111792
329328,0.01783407402147872
329340,0.12682386731735182
329347,0.02514087146656823
329351,0.04953393170041691
329356,0.026504365287459333
329360,0.3821968088957758
329364,0.03398987180295971
329365,0.02000426893899681
329381,0.06208515654811671
329383,0.1406727050806205
329385,0.07454974376762323
329388,0.05668337095641828
329390,0.03482807937503942
329393,0.09661951410130667
329403,0.05989148273590966
329409,0.026299923469365556
329418,0.3289291192817519
329428,0.023113494427277757
329433,0.041642905039563055
329439,0.03543125219574016
329459,0.02863005958653512
329463,0.09662468666089333
329475,0.0576086399940499
329479,0.039314205662651425
329494,0.11086996383017464
329500,0.17606846087479072
329503,0.007587323099901049
329512,0.008562941119365234
329514,0.10371574592403382
329521,0.06187294605128875
329526,0.25371229671783985
329531,0.005490984294284114
329534,0.1840050786242622
329545,0.08226094827288394
329553,0.01287722145419671
329569,0.043789845565755936
329571,0.04191839403382781
329580,0.0398419590084602
329585,0.04901626407956915
329588,0.13814762373941336
329603,0.08295519268569432
329605,0.04456734956500508
329611,0.04589896023225597
329613,0.07126300179670314
329615,0.0785716036161535
329618,0.046674128324856505
329623,0.01787911663162385
329626,0.060110402234399674
329678,0.013056809188891202
329690,0.043269191209254806
329693,0.11188388274721436
329698,0.1360544811949802
329700,0.005889533893156443
329706,0.019564058873477123
329709,0.0408875887538379
329713,0.14279655926434334
329716,0.031354510560136835
329717,0.04259207203735988
329719,0.02850912159397972
329720,0.0402304000057699
329737,0.017394935868885998
329741,0.06715576508448104
329742,0.030501010064082325
329749,0.0839998278780063
329765,0.03898370725930348
329771,0.06621311729044076
329775,0.02508772760554173
329779,0.04480922538268715
329781,0.05519801837328252
329788,0.02877777120424098
329798,0.12075266978430546
329799,0.009049237605684131
329810,0.10939719981693657
329811,0.014129950544235449
329812,0.01635085512168547
329819,0.09016040672323414
329822,0.04471522311131357
329826,0.01940272507390126
329843,0.052684795396443176
329846,0.012162201649480477
329856,0.07416923618591173
329871,0.04690335097889092
329882,0.028027635652008165
329885,0.04649796858856596
329893,0.06923442745176721
329898,0.02043157783850001
329903,0.11539487995699096
329916,0.05318464849336518
329918,0.01901302644733967
329934,0.02581183001459137
329942,0.09071810898922267
329949,0.06864516871001267
329958,0.13620889346949394
329965,0.07374638644307231
329969,0.017159730481188348
329972,0.049104904862813235
329981,0.2891647102934503
329988,0.03237475320207916
329989,0.04650508963800148
330004,0.15951998761224273
330006,0.25639118518956705
330014,0.0939685881663546
330025,0.17888076375409262
330040,0.03077597474258625
330047,0.15766300841362293
330070,0.03347745117233459
330074,0.023667806947244442
330075,0.027849442125818732
330085,0.034526118863182305
330095,0.13164320712984007
330106,0.08482223383199274
330119,0.040331265700568185
330122,0.04444932653038147
330129,0.12542215130866893
330145,0.2794278071529595
330148,0.02152093091811505
330154,0.05738808771433844
330156,0.023729737846043167
330162,0.12036660963475594
330164,0.04370523177157372
330187,0.04240656252977081
330188,0.05407797308219657
330189,0.039778257494518514
330192,0.02780181052827312
330193,0.025520359428382405
330200,0.06732347951564967
330205,0.050151697709574436
330207,0.05283986974756846
330220,0.02047085558426828
330228,0.40828622328467545
330243,0.0550172705860517
330245,0.05603588273724493
330270,0.015039458466755168
330272,0.033976486859714904
330279,0.025722832595422157
330288,0.22748297503083195
330289,0.044101178700969926
330299,0.017496466887839478
330308,0.04065557388655479
330314,0.06419469320738394
330317,0.06049431603777726
330322,0.037218725406614035
330332,0.06889348715441687
330356,0.14629930442951014
330358,0.03792646810076164
330360,0.012476115772456645
330363,0.038357041554579
330364,0.04922434414986655
330368,0.033694299944723054
330376,0.03422359947775735
330378,0.09039964853143423
330381,0.08314052875815386
330386,0.10530584426355724
330387,0.01566011095732361
330395,0.07142665572863899
330396,0.033543655886417674
330406,0.03219608487849841
330423,0.04132893148610462
330430,0.03438109598606199
330467,0.04645206127280295
330469,0.020430427818550347
330473,0.09843999233994338
330479,0.11718840649695064
330486,0.15839107442000955
330523,0.3045659861430683
330524,0.07615356810191869
330540,0.04657205933454331
330564,0.04554358066515621
330565,0.05099391085332492
330567,0.12093408973591985
330568,0.07636088562996961
330602,0.03655458977960667
330616,0.03309522679168285
330617,0.01073597510915218
330625,0.15112622781091958
330635,0.016074835949419934
330636,0.08896708971975621
330639,0.05704139390081302
330661,0.04554881234732441
330666,0.01322331809394266
330670,0.005376628927758811
330682,0.04349072273850685
330690,0.01137302578187407
330708,0.060421732475036245
330726,0.04597798380282875
330730,0.02970097460235585
330765,0.01671830361401499
330776,0.026714604301565227
330789,0.01459457539321426
330791,0.018219858481675146
330803,0.07359439269106767
330805,0.014116741933093303
330807,0.023628706314434193
330821,0.023377669978563727
330822,0.03310230625685253
330836,0.035737244353069984
330837,0.03249257706648492
330839,0.06386871203334235
330840,0.013733668634818598
330861,0.04619086320050214
330878,0.0680990023962642
330881,0.013583167546559506
330888,0.018748870112715005
330890,0.1414178687971313
330903,0.26241510546271773
330904,0.03516428512394867
330905,0.04869719741954314
330907,0.047502741290386966
330915,0.012093499825154046
330921,0.09507406849498597
330922,0.04543759620020345
330925,0.014488409896681067
330942,0.08789248870841701
330945,0.09608863526096567
330957,0.10238882140272175
330965,0.07623738447937675
330973,0.1449583505522336
330979,0.01698667198985054
330981,0.030245556382737536
331005,0.04362075036073228
331018,0.11189044100167778
331026,0.019128929072920846
331032,0.006443236994970921
331033,0.05193053539148562
331036,0.00889965404160273
331037,0.017363355018910016
331048,0.041582570266958815
331054,0.11462862786818925
331058,0.05141493463914201
331063,0.03849824929842411
331077,0.050343746792796434
331079,0.008517646108832634
331081,0.14204153362962751
331082,0.02198087024862576
331090,0.02031471625325147
331110,0.01647472884687609
331127,0.19309230230287372
331141,0.05551813933723637
331153,0.1019868291606921
331165,0.06302277853597862
331171,0.020895417780489218
331179,0.07777038403700225
331191,0.21615878470508076
331193,0.08645754016775377
331197,0.03097541298731251
331204,0.032150156376821476
331207,0.2998006601343763
331212,0.015361449508177262
331220,0.14633263192437346
331242,0.06974588635362014
331244,0.2051988331526995
331273,0.022017611303036137
331281,0.031391422961025046
331289,0.013736349178954598
331293,0.02902286636430612
331294,0.04456491514165692
331299,0.023102682632652024
331300,0.02788225196062384
331302,0.033559279680179285
331322,0.03835457179077356
331334,0.03199201950786507
331347,0.023270369255028657
331353,0.05217210140263957
331361,0.03205235919712502
331370,0.03021740541930739
331379,0.04761313901528954
331382,0.10106536688453205
331388,0.3972724531150625
331390,0.03968042237465144
331400,0.04615493143506321
331411,0.04604111236924392
331431,0.011727909132497886
331451,0.028588630780224868
331455,0.03411426497655326
331456,0.009956545332439365
331461,0.020986727583606094
331468,0.08445436274710222
331480,0.0776044196956349
331491,0.030419651334557506
331505,0.15698702702421202
331508,0.020040974765945165
331517,0.028041573663502035
331519,0.1893545365998385
331526,0.019461569115850567
331530,0.03960466231196445
331533,0.040822420257393424
331554,0.06561082276149412
331579,0.02442007232855465
331590,0.00872155945586984
331599,0.05332041052673135
331604,0.07052130020676839
331605,0.0791299873166423
331611,0.0422009454330214
331616,0.40703375812336207
331620,0.021275193986651755
331623,0.09582600447362775
331641,0.037113041938056895
331645,0.034865171548526704
331657,0.130845044838995
331662,0.019310285009299474
331678,0.004592508784431519
331684,0.069324695248846
331686,0.20460200961521313
331691,0.03823424086695791
331697,0.3038397009635364
331707,0.07073047427272047
331709,0.011994777331890104
331716,0.05725414860378465
331719,0.04723710283688806
331729,0.015167186619898104
331735,0.024827242856475182
331743,0.02266098772387134
331761,0.07511296277532549
331772,0.035125866420437045
331777,0.016671714979707947
331794,0.05937187241725869
331813,0.12066188270473398
331818,0.10830562638099497
331834,0.024624782972725627
331848,0.03588634860689984
331849,0.08971298728644096
331868,0.019465106233092538
331875,0.056742275969126774
331879,0.0331571143546307
331886,0.014286137671163483
331888,0.0506334156836027
331891,0.050878191555777955
331903,0.021209428222737026
331905,0.040834411111691636
331913,0.03623960061810316
331914,0.018546118547543705
331937,0.02776473140792901
331938,0.03511837306611306
331939,0.13828161834952615
331944,0.033148988537687704
331948,0.07490714148983091
331968,0.015618622928104738
331976,0.42364159892284986
331977,0.17377897359110311
332007,0.06994076598392576
332014,0.03422579707862478
332017,0.024562915632686283
332027,0.037294564509308875
332033,0.03216427592857159
332041,0.018173477616516154
332042,0.14818897804512593
332047,0.036811961973505475
332050,0.07529341228597689
332056,0.013530958276900968
332071,0.00755411632251536
332075,0.2189457691591426
332076,0.024966252334836077
332077,0.050610263830208155
332083,0.03839804183785327
332093,0.373899094278751
332111,0.07535975131391962
332119,0.054113189390423914
332121,0.10853678829960145
332135,0.028199247793447665
332144,0.20414417905386145
332147,0.04371190525306378
332155,0.07767231916658854
332156,0.01886813670789602
332164,0.11657769556719837
332166,0.017633914468029328
332170,0.12519713645500027
332180,0.20888812667218937
332181,0.16123298600011934
332184,0.050409913150879636
332192,0.11074964396111894
332204,0.03768132600240332
332225,0.03751223716275293
332234,0.04495996690598808
332243,0.08544275495105226
332253,0.3008135812649017
332261,0.036574372354196555
332266,0.03244388185351783
332270,0.05396544974315279
332285,0.2802405979840749
332290,0.005664706336150148
332296,0.02211719057370102
332298,0.059586212122010325
332302,0.033513565803086856
332303,0.02892735835577549
332317,0.01982734991954024
332318,0.09062940271306895
332327,0.05731792897201525
332337,0.06902823909592645
332351,0.07928455486358083
332373,0.041301916687907406
332377,0.014393464949395179
332384,0.08791951399303166
332398,0.036911513001778994
332404,0.11587064366358771
332405,0.047821228013782816
332454,0.029561981025099077
332456,0.057073827582693006
332464,0.14424843402929605
332468,0.05067521011890186
332476,0.037915883626029045
332482,0.031832917483227405
332483,0.036773270824277005
332508,0.049272123080752635
332519,0.2792426837767644
332529,0.1731978953224033
332537,0.13738786719574833
332545,0.16406902155736686
332551,0.0636870269945379
332552,0.0888387388635126
332570,0.026953455896535618
332574,0.1857040915215742
332579,0.07027072939136256
332607,0.009558724173552115
332618,0.12305726248507048
332626,0.08593493383833503
332628,0.021120891864488976
332645,0.059588428025094134
332652,0.23905539397937825
332666,0.06325934283990939
332694,0.1050250390660797
332697,0.07676940377050251
332698,0.013309364023082474
332700,0.03852784560248278
332708,0.1341667667864687
332714,0.02311010677794842
332722,0.025999490432025603
332724,0.03703307239073622
332730,0.030880947634122812
332741,0.032292417545791
332746,0.02404392767759231
332754,0.05984851862620943
332756,0.08427189769325158
332759,0.016058427252491448
332764,0.3620752550147025
332786,0.05870993612966537
332790,0.012191498552488909
332816,0.007865993391561988
332821,0.03429170384392031
332827,0.01933392774938238
332829,0.011012382600020645
332831,0.011459257607450495
332833,0.1891438561002617
332834,0.047488870221462316
332837,0.013684946950806864
332846,0.046762415546300326
332860,0.07581553738584243
332861,0.03305982276899132
332865,0.09266305252054285
332882,0.07834003524338637
332897,0.17780600683321665
332901,0.021422099920490798
332904,0.023454375198525695
332910,0.5169462543810761
332911,0.024194271441276973
332912,0.1782551365312871
332939,0.044245671004312176
332940,0.014016279522519132
332952,0.011564597149175002
332956,0.013938441012522592
332957,0.05998741648093891
332958,0.013459000100034675
332961,0.13681498695059263
332967,0.20557533358906865
332974,0.07618789869067943
332993,0.01890055145321353
333007,0.03889114194261328
333012,0.2531619733638657
333020,0.037155811799539515
333021,0.06118589564614502
333035,0.04111178722734821
333040,0.16541525637952642
333061,0.006591583230357636
333073,0.015463434370847302
333078,0.04068759774828244
333085,0.025318224554496664
333086,0.08058352052875203
333096,0.3210764383251305
333100,0.06071233657866326
333112,0.09049365401146978
333114,0.01735900755949138
333120,0.27771821196037866
333142,0.025044787517189
333152,0.026208018127971848
333159,0.15205984287784674
333178,0.0404441751652523
333179,0.022135992392610895
333187,0.05601759766535187
333191,0.07069346484527164
333192,0.08976392905196673
333199,0.03501476882142738
333211,0.02575366025747672
333224,0.01698325378993068
333237,0.24094644782839464
333238,0.01888604969656531
333262,0.011859772016625459
333268,0.058642005489943826
333275,0.080467205888695
333289,0.12875855496012908
333292,0.28511212495956184
333303,0.0654906786770738
333305,0.061877522859045284
333312,0.020123037082499743
333316,0.1337916886993239
333335,0.041678161000466715
333354,0.0460775975751795
333356,0.010175964542517662
333358,0.04730006131193557
333376,0.012936622775006849
333378,0.04757268490271572
333380,0.044965440318822984
333381,0.15839851320195986
333388,0.04399791399862913
333392,0.006743320035620427
333406,0.2994871989228731
333410,0.03642098222538829
333411,0.057820906082377166
333412,0.0772987711341071
333428,0.02818495870614015
333432,0.011195986049401243
333435,0.07341535876689373
333442,0.042632047368959064
333452,0.04105843665985772
333455,0.2608239019225945
333456,0.06206771799659329
333459,0.07965260115395412
333464,0.23755918194028713
333466,0.1352364261142495
333469,0.03273918346252546
333475,0.026806066020569546
333476,0.009442774110145448
333477,0.10628930364902475
333487,0.0321378371514376
333490,0.02410545760111778
333497,0.249432842214399
333499,0.016251470668262602
333500,0.10085657698338626
333501,0.041017474149442804
333503,0.01557052003868125
333513,0.10351473377334684
333518,0.02094542013253329
333544,0.04116822032019116
333546,0.1800404592888609
333563,0.2389610124392076
333566,0.11471404803864522
333568,0.137051308284506
333570,0.03879140209943875
333573,0.010988694343692413
333574,0.02381026036695052
333584,0.029206498790808957
333589,0.08144882967171947
333594,0.041962241769251146
333596,0.010813601199021278
333597,0.03794609480976888
333615,0.026178675343984235
333621,0.03836945267090339
333622,0.01706636103852858
333629,0.0738838630458484
333651,0.06655934559896318
333653,0.10039016381728477
333664,0.021178887054956498
333680,0.01821987751498659
333687,0.19801949779036576
333688,0.017874554733004925
333689,0.30290472150667924
333693,0.06396576771819582
333695,0.013176458201281596
333706,0.035369252950919104
333709,0.08630084738978076
333713,0.08856083251268768
333734,0.036018279092599234
333745,0.1626234112270672
333752,0.05985488497398292
333764,0.0204020945602328
333780,0.031236587429037965
333789,0.18863577446524427
333791,0.020046799865226263
333795,0.15940810681645223
333799,0.11430016694816658
333801,0.057961018342645526
333802,0.10745468401221378
333803,0.09526474546910339
333810,0.04779069779381466
333837,0.03433564222422396
333842,0.19450040555394854
333843,0.038249912044173905
333845,0.02149577043708118
333852,0.17637275777172168
333859,0.0191333512200913
333885,0.18060538429620876
333896,0.10638534921238246
333904,0.08550072601487152
333908,0.01431927152284841
333913,0.03897741330962904
333927,0.04899146424302721
333930,0.04067355699523592
333935,0.015820432470162113
333952,0.048449232542150916
333953,0.08274369143778151
333966,0.06386702802516411
333968,0.016220468831028283
333988,0.04511732288801298
334013,0.017519564000008064
334027,0.15460470689983843
334030,0.04196968480276195
334032,0.11440354220351828
334033,0.01399513173236359
334042,0.0180444611440995
334045,0.06536974328551376
334053,0.019675602610414882
334055,0.01954761300260989
334058,0.04923216057547892
334063,0.11989581921446664
334070,0.03445373946316493
334074,0.01689164614539894
334080,0.10157140530184933
334086,0.025660478548676095
334092,0.05273601324570086
334099,0.03856078275984438
334101,0.02123032570285547
334103,0.05185942847397272
334104,0.13108220196012907
334109,0.2776875634441554
334125,0.15710058303737773
334130,0.10646783246565883
334138,0.19962517109223243
334161,0.03527248272973301
334164,0.04436223850951181
334169,0.04559918377579082
334171,0.008044164819047059
334185,0.040997622136845824
334186,0.05067571295681735
334209,0.04982960261834008
334211,0.05268170881636111
334230,0.015571146381252947
334231,0.23763869250673175
334237,0.14706213834383156
334241,0.16541751003974248
334244,0.24059543825040253
334247,0.014241331615701106
334250,0.018840541825261625
334252,0.01746643506518929
334273,0.017652830162481925
334282,0.017443365200242616
334285,0.08149519649858603
334286,0.0323684633771495
334292,0.07277459012293037
334296,0.030232888879781854
334299,0.027830985750027987
334300,0.07559893453948141
334305,0.026905867368152224
334307,0.12682785508416292
334311,0.027888201169121
334315,0.06671432690640232
334343,0.061788429847810064
334344,0.04851146772761272
334345,0.05551279776032523
334350,0.06017588759159419
334353,0.015882871048696512
334365,0.029821938478505852
334372,0.06758477514921662
334374,0.026377787717169004
334375,0.047253949490269016
334382,0.15143259830133662
334387,0.008443327882386097
334391,0.22388708588265138
334397,0.03655702963862531
334407,0.04377818284867086
334415,0.014285721937391353
334417,0.03834503516974154
334419,0.10215964275332687
334431,0.018946396473401246
334435,0.4996017715213909
334446,0.4392187312568474
334447,0.08180132908627989
334457,0.027205969342389502
334459,0.06430663006484788
334471,0.014214372815658398
334474,0.038029997354450916
334481,0.0223954910214166
334483,0.016267171349920284
334486,0.10407653805536096
334490,0.3359790472020193
334492,0.07113331876011333
334494,0.05636061802798764
334512,0.04044380462076631
334522,0.013988233162824083
334527,0.015187262634627184
334534,0.013113435905111812
334537,0.024803987051192182
334539,0.04663394019200115
334552,0.06115723449705568
334555,0.12011643645123532
334565,0.11719472450339738
334580,0.021401823799183727
334585,0.034551031637274125
334589,0.06103630349520066
334594,0.04901672321459977
334600,0.019397023191350393
334603,0.026200913459257104
334613,0.06322738585776205
334621,0.10058103077861025
334628,0.03514567257594636
334631,0.08423306739082412
334634,0.0592548457416112
334635,0.10069739734584797
334659,0.02845759026789041
334660,0.015374710728786961
334664,0.024549310996805566
334671,0.10120904162069094
334693,0.03606477086554764
334695,0.05958407871694091
334703,0.10903169519798811
334718,0.09101569580309554
334728,0.4694242942639097
334732,0.20215359063641147
334733,0.0893925223610779
334735,0.02337261557065705
334748,0.03701484944976503
334756,0.10939149636899378
334764,0.03467499858622109
334766,0.05169749888865724
334787,0.010859775201555599
334803,0.03485233558610166
334806,0.07729067111292502
334817,0.1636564759935574
334825,0.06471710122554786
334831,0.0873263527558544
334836,0.05425559218121646
334845,0.05878235278810713
334857,0.0322280346571531
334868,0.0253074885710875
334871,0.025042635632918732
334873,0.08022865850263802
334881,0.057697522312713544
334886,0.019565601471043075
334898,0.10763857156629139
334899,0.04737336622921064
334901,0.060390553737541666
334916,0.09057938853456962
334923,0.19389407890233146
334933,0.0799508131664573
334938,0.18708023333888288
334955,0.11372339385145736
334963,0.3463765361266431
334974,0.059902508054336584
334986,0.024518289921106842
334994,0.054336696291113
334995,0.06709496690468009
335001,0.04400191792988884
335005,0.051367819898889874
335009,0.027207673047310105
335014,0.04967276631390155
335015,0.01600666975614961
335017,0.1908347301649477
335025,0.16993022443815742
335027,0.10408340909868374
335055,0.06240685606720656
335058,0.03666328590165862
335072,0.04451188854736943
335073,0.021556459397964207
335081,0.05646670523805354
335091,0.013049771851438158
335096,0.0077843423415507864
335097,0.025597791182175988
335099,0.023519122211416478
335113,0.01273888557792071
335136,0.05810963718339936
335140,0.04022955176249347
335141,0.018587981847498557
335143,0.17922285424800466
335155,0.04894331575296023
335170,0.04482772008192533
335176,0.03871355078015723
335181,0.04123011871109018
335183,0.054402873649738684
335192,0.024116233468811844
335196,0.34035739306312507
335198,0.030800996498195475
335203,0.059137686915055276
335204,0.34221797068699417
335218,0.0345712167461686
335222,0.03803189195196869
335223,0.17456576741231733
335229,0.06658559110380183
335231,0.09371245570552464
335236,0.10786439638644238
335253,0.19882474177755624
335257,0.03860694441704619
335262,0.018225526411845286
335263,0.11397149141933419
335273,0.08388963090732485
335276,0.08088239154511703
335278,0.020821730869349284
335295,0.03264190254113123
335301,0.01262225792147675
335303,0.0076892259710882585
335305,0.13990894037091173
335310,0.09313655378762263
335313,0.0063570482202484355
335314,0.023858089789635058
335319,0.02543967658117426
335321,0.06231513754907149
335331,0.029327579313553686
335332,0.02955705104363541
335333,0.03574442945269471
335337,0.09298338514097476
335342,0.057459614386894564
335347,0.04639862341318578
335351,0.0701402760125323
335356,0.019589758402066417
335366,0.0598298429106247
335369,0.017697549501470802
335377,0.10416736917187236
335388,0.13914670757537526
335395,0.25242209450036585
335397,0.047109774664748694
335411,0.10145307927150068
335419,0.023536137687390782
335425,0.06020920891680485
335427,0.08847382891819684
335443,0.012642424333369744
335446,0.007393598114945525
335448,0.0404922828646629
335451,0.22745582775507506
335458,0.0333845226731546
335459,0.05249465380682754
335460,0.13938782699412
335463,0.051227821211421706
335471,0.04086239673702396
335477,0.010779777835244302
335478,0.1694040694817771
335484,0.011928872836472808
335490,0.1736646631585507
335495,0.06834337893188557
335506,0.16987741974222775
335507,0.10690689388442959
335518,0.03557634694252779
335533,0.020335216512987003
335537,0.08931017407948576
335538,0.04700091251864112
335549,0.09489023511690356
335553,0.14075453810912977
335561,0.0914861483671358
335564,0.013941673565372124
335573,0.049064774638013786
335577,0.022683900150768113
335579,0.014788138302162015
335585,0.04287764802388815
335590,0.07637222905720584
335594,0.016581103123902423
335598,0.03144262002848976
335601,0.05343508015077239
335608,0.045208450096060095
335616,0.12870073349272068
335640,0.051774071374586714
335645,0.07357720475263702
335653,0.037909153769679585
335683,0.017414840673757575
335692,0.03799583073751582
335713,0.013614401791664612
335726,0.021447463273992707
335727,0.20756776111691813
335728,0.02485870855032008
335732,0.026696199370253026
335736,0.04139758152064618
335747,0.017934273933759928
335754,0.030481125713888294
335755,0.017081026990051085
335761,0.05987245616373558
335775,0.03909982873009035
335778,0.19347396886808527
335779,0.04887092033399837
335787,0.016114001549145236
335805,0.03488871108672772
335807,0.039554542758715075
335808,0.07786502491546156
335815,0.07606244415567627
335818,0.01733703614921305
335835,0.14079518855101802
335849,0.04231298044801454
335850,0.0345016035008181
335851,0.05453428227492607
335852,0.019293449279066194
335856,0.0251893641145079
335857,0.08321100440137658
335863,0.12174116204278147
335871,0.06164639450146894
335879,0.0453397740359175
335885,0.0363665665781248
335887,0.17282711809160006
335893,0.19537431963388446
335906,0.04011662927519002
335912,0.016032795465202962
335921,0.04407496725224324
335944,0.10666970512377644
335952,0.1225926079033951
335955,0.01490317602936497
335956,0.020262343383690675
335957,0.09622218821163775
335958,0.03846575505771273
335962,0.04519704849776338
335963,0.052192888105202694
335964,0.03964053153674774
335971,0.013506707735154017
335973,0.03865305136237268
335975,0.10446826758313586
335981,0.04650092190147556
335983,0.13711192605580044
336016,0.05613898490295886
336038,0.11226037133955832
336039,0.026259326585679338
336041,0.07927566371728302
336061,0.02545148714679303
336063,0.02704175876259471
336067,0.027918038412285018
336071,0.05413694613180467
336089,0.11955886512981509
336095,0.0686760929600647
336096,0.06893041394558283
336101,0.0181088724073136
336117,0.036214464138080334
336118,0.06064943057681142
336120,0.2090088895757759
336137,0.0134467719244816
336155,0.04199332496460431
336156,0.4466269700239281
336159,0.02925086238607432
336178,0.13715447089504146
336183,0.31271987709152615
336194,0.011854039257489868
336195,0.07169673476196767
336199,0.015237046726567262
336209,0.049344740001322177
336213,0.038655851535358596
336214,0.04722592269607348
336215,0.01056434876016495
336220,0.018375422305642507
336253,0.027045091002254485
336260,0.17471168741790039
336263,0.04452379753586958
336265,0.0792080276306232
336273,0.04093953477930301
336277,0.026219448373542283
336280,0.04393277898887493
336295,0.09019287553169121
336308,0.009486527579986906
336309,0.03569275182648494
336316,0.08418704764181106
336319,0.08647403563125405
336321,0.013458275384690946
336322,0.2351366627009768
336323,0.047362178390026426
336340,0.05885855614209069
336344,0.07938128319006021
336352,0.07523754368970689
336361,0.14024242776412812
336367,0.028905363376930185
336382,0.09857262067387054
336383,0.0550863062803601
336393,0.03749030458414087
336407,0.052555120753384366
336413,0.019682218561319794
336418,0.08037784279740358
336426,0.03954056182017804
336427,0.04443708736631005
336436,0.017275107519833705
336443,0.023955906082753123
336445,0.036196865956567424
336447,0.009900601028656886
336451,0.09703198338188018
336464,0.022660524679528907
336484,0.06652845633578491
336491,0.05010117911303222
336492,0.03336879548222276
336493,0.051165335961788176
336494,0.03018454132120952
336499,0.028078524106754224
336524,0.0035584355041875003
336527,0.05657338507363543
336534,0.3024320375256301
336544,0.026561046278838985
336553,0.10039072280165418
336558,0.01927148837731893
336565,0.01335121195771964
336569,0.10056506267796696
336580,0.06907256961021298
336586,0.011342181416751036
336592,0.08309692750076275
336604,0.05752202922294927
336610,0.09736989966465523
336623,0.09475060178280989
336634,0.05902960976594791
336635,0.047602402080463256
336641,0.07233772615879513
336660,0.01623072374212832
336673,0.057355115287341794
336686,0.04936904261184784
336693,0.01551222553430184
336701,0.02325113485865725
336704,0.08327545890177043
336711,0.051689219564429574
336715,0.062094604691649964
336717,0.013393219234387632
336722,0.049153600007354206
336724,0.03318618110650601
336741,0.10131772878586101
336745,0.0443184476002442
336757,0.20607488387567796
336764,0.2322589573645033
336767,0.0592380645772104
336783,0.03853543580675273
336786,0.11024464818994567
336791,0.011297487070976473
336792,0.1976907467391349
336813,0.08245621676189445
336822,0.3057063834249125
336823,0.10606561923384042
336832,0.03403980534088387
336843,0.046620009150671715
336858,0.175905015715207
336870,0.1384654553679221
336876,0.057818697412936736
336885,0.06495168648236828
336887,0.09723035695964373
336891,0.022155422634942613
336903,0.032264823515945125
336916,0.09394866081161869
336917,0.025382389308750787
336922,0.019186954886515315
336925,0.012139753920059969
336931,0.2562434446247829
336938,0.022713253211714298
336950,0.3689388252823305
336955,0.05356258294849581
336956,0.05302022961791694
336959,0.08696166432533792
336966,0.19726093133856512
336971,0.03391991385855417
336978,0.024252139101194965
336983,0.03013524690267482
336986,0.028244889937067853
336996,0.1262676770707189
337003,0.3712367305080686
337007,0.06340130302598913
337029,0.05893650739510156
337034,0.03643293739771489
337039,0.034605412941344
337057,0.11876917459640687
337058,0.05005404374027565
337062,0.10102406113809212
337080,0.02988670117385087
337087,0.008639398961111018
337105,0.01923091824359357
337108,0.03666577675629217
337120,0.0724618084473518
337125,0.1205293071929801
337142,0.02823712316599057
337159,0.05437237730691192
337160,0.04911056997172977
337168,0.039657363676249634
337170,0.02198475122616842
337171,0.016591504101936907
337178,0.06368261230590229
337188,0.05661471678653377
337191,0.03368332857778883
337200,0.025424271046584127
337207,0.037020502278072194
337210,0.04441976850068949
337218,0.009679733456043699
337221,0.05261232812782085
337237,0.01612997886888834
337241,0.21880958010038482
337244,0.128666101645445
337273,0.10321973150970105
337294,0.029692925138018467
337295,0.011273903663303095
337298,0.02729962618243506
337310,0.008191096505589269
337326,0.021734262751014116
337338,0.533088081377678
337343,0.07441069481942732
337360,0.04301973224046002
337369,0.17547745716652785
337375,0.23412497024944573
337386,0.04097719614890351
337388,0.4050447190646228
337405,0.043273766762255576
337408,0.054226583693519986
337412,0.010112372835277574
337416,0.029288451930527856
337418,0.19384490298161028
337442,0.16525495354109893
337449,0.054361317983596336
337457,0.008126192033423347
337460,0.023142789196343105
337474,0.07925041813687922
337499,0.06677693191167096
337506,0.06952746602840346
337512,0.11283457455433293
337527,0.06470622810160369
337528,0.025422611942417035
337530,0.019096662364991933
337539,0.1164529418944674
337546,0.019345205310373967
337551,0.07722908179595817
337569,0.02474966495267033
337576,0.027250008166063752
337582,0.04785892257181556
337590,0.10628161076561693
337599,0.03310469318508605
337600,0.23085034437811935
337601,0.40352841307064297
337608,0.030200150158786777
337614,0.23090563758956678
337619,0.16064857159841198
337625,0.1431298432462939
337629,0.0970855478164669
337635,0.048054714522799864
337642,0.046338721489327335
337663,0.23092032735769713
337665,0.2874453280949407
337668,0.008180536395150038
337700,0.09285359875253091
337746,0.0121698680859248
337761,0.019308168770403946
337779,0.1365033697908677
337788,0.03672964430752447
337790,0.05750928747434217
337793,0.03607302169699377
337802,0.10394224620837317
337807,0.06389260194556382
337821,0.1574837586240929
337840,0.019466925158067423
337846,0.12325062189363689
337848,0.20108391866107364
337864,0.044792490734933695
337866,0.10052589350597732
337868,0.016882174047898307
337878,0.02010555232279128
337890,0.10244468618787855
337896,0.07150097098892554
337901,0.05062074699117652
337905,0.057531074883762995
337914,0.09334613679219955
337953,0.02159498310468884
337969,0.01243242160827664
337984,0.02837887920333485
337995,0.037864876896120496
338009,0.017442686690889973
338018,0.05031516223479539
338022,0.045018669534608355
338028,0.09534295722587703
338029,0.10166034546821279
338044,0.005253687970419568
338050,0.08126463950702087
338052,0.032182348844427416
338073,0.15448778347083958
338076,0.029966260820699656
338084,0.014673846959772297
338086,0.01704132418915527
338094,0.023112149889032076
338097,0.038628917169692266
338099,0.0970438862414538
338126,0.02453974932143487
338127,0.1932655134475592
338137,0.3436539721961845
338146,0.0072563294779072595
338161,0.02896712089463447
338164,0.11352243256071046
338174,0.007976239918883167
338179,0.23262201069982352
338181,0.0797594251534799
338188,0.018464864264809148
338189,0.07957676219463522
338193,0.02713990393223577
338199,0.01361280681342009
338202,0.19529633825164766
338204,0.0885030524368298
338210,0.04710719251644484
338229,0.03546410224544336
338240,0.0748747886150092
338250,0.01825944015123822
338253,0.1790471544816425
338254,0.013072160055963665
338268,0.0538915565280978
338290,0.05124309687082418
338293,0.033962787180210764
338297,0.06304784041040408
338301,0.031587783234823905
338306,0.035752635104862374
338314,0.035594955048538233
338318,0.022213481241543577
338325,0.01819026406063755
338340,0.12111003558284947
338341,0.06988920458361103
338351,0.014619425809451674
338352,0.15892919977260334
338368,0.05214775154372224
338381,0.017972328896727757
338404,0.016271759170529764
338409,0.05971991878551207
338417,0.04508727017024054
338418,0.045778475819994446
338426,0.0075253675151066585
338431,0.06740268607299421
338435,0.04306169460416416
338463,0.08230453636540241
338465,0.036340323295933064
338467,0.06333884353989691
338479,0.09547703572671201
338495,0.09952147778313075
338510,0.0665659034919107
338526,0.02087817656917991
338528,0.12434063163272954
338530,0.042130671200885025
338539,0.0098273550056276
338543,0.04486311859618327
338554,0.012521687185599319
338557,0.07152794250261227
338581,0.21497717349861195
338589,0.0607571185557273
338595,0.15725016255128238
338597,0.054101706065544826
338604,0.08290798900397978
338607,0.012091260652881713
338613,0.006025410307156675
338615,0.024203369535924404
338628,0.0617320926297593
338636,0.09982250135056375
338642,0.003433376132089383
338669,0.02322709421357938
338671,0.04926272042136283
338675,0.08105068164315388
338676,0.31424065985196903
338690,0.040181399815631076
338696,0.08982270522750338
338702,0.2506824605199558
338703,0.01653854737688896
338709,0.10707876925377088
338719,0.06470291361112089
338725,0.08496309220899076
338727,0.03693335277331823
338732,0.015515829037253175
338749,0.029534208302713305
338773,0.03734956492945191
338774,0.02855060516892466
338784,0.16570931385006635
338789,0.029310872762961775
338792,0.0997900383524478
338804,0.09890143357096998
338808,0.14843592464659155
338822,0.015581169058106765
338824,0.024172598009682543
338833,0.02936966629124325
338836,0.10698681257214532
338840,0.06909217848406
338842,0.1081901437699008
338843,0.058557468169280535
338847,0.05194519788152499
338849,0.19844429981665979
338857,0.10778736591370802
338860,0.16128137535795053
338872,0.09395315218902577
338874,0.03783167802343764
338878,0.09088246334873361
338895,0.02998946318391162
338896,0.11051375041258217
338904,0.1289831853495384
338920,0.11453056688847993
338931,0.02996872797576628
338938,0.02080932232576229
338955,0.05642990369220628
338962,0.015664256320505384
338969,0.16763669260587505
338976,0.05362066120405288
338994,0.024942602588020477
339011,0.028326344739037362
339014,0.06238195291315425
339017,0.029205410562579373
339018,0.4265115060525776
339030,0.05951357272497722
339038,0.006520288599193719
339060,0.012054386790067203
339079,0.05281802705948059
339082,0.013499695402963151
339099,0.029721846215868767
339103,0.03545199186633872
339105,0.046364799677936094
339107,0.013523412001543136
339121,0.27054855736477407
339148,0.046711501975711875
339152,0.01647375971945828
339154,0.06798381312399177
339170,0.21358845458659653
339186,0.037248061538275895
339187,0.045980225642201104
339193,0.043174505087450306
339196,0.09781409040817288
339199,0.02945367806638494
339203,0.28842623777252097
339216,0.0761872500136147
339228,0.07357785809445372
339232,0.10262681865235727
339237,0.021477404198462134
339240,0.055008993069000235
339242,0.02638053107405735
339245,0.026389629543162228
339252,0.038287987357641017
339256,0.027342306860110056
339258,0.06765239183001195
339260,0.03798074796668569
339263,0.12227819522613773
339268,0.05656279684883324
339269,0.11414127503168923
339286,0.24118530312560227
339304,0.019229239551449867
339307,0.06653137069752511
339317,0.03555621879148779
339330,0.16325513625314092
339346,0.3183617441014839
339380,0.031269707564889844
339381,0.028813538979042673
339382,0.10517454930375987
339391,0.016426873084750222
339396,0.035328494492983774
339406,0.03758202186224878
339407,0.030140804711290638
339409,0.13261904317252893
339410,0.05373420617201907
339425,0.04646781359654949
339427,0.048846003530106305
339433,0.09393932676463912
339443,0.025632372619812327
339449,0.043291687538629886
339452,0.04648589249986246
339453,0.04882508800577598
339455,0.031283943307092325
339457,0.08633288905924906
339477,0.043139888524487406
339483,0.05757753586678606
339487,0.18301392332172345
339490,0.007919261315974318
339518,0.08298469736545236
339523,0.08798205113499544
339529,0.023002198010729703
339541,0.0750320400445084
339544,0.1693959642923175
339546,0.19509893245443793
339559,0.13173745569085016
339563,0.030404085813153823
339573,0.04232288171199364
339591,0.02507344572466328
339593,0.0659790871196739
339599,0.02134415323980388
339604,0.19097343876914663
339615,0.019714714062047764
339621,0.01205012473506406
339625,0.22138450026399703
339642,0.09062364915322804
339647,0.18354887109824153
339650,0.10988146979689067
339656,0.03246739525776893
339659,0.031009528575823418
339681,0.07828324742775322
339683,0.0840025554701812
339684,0.06382133352848057
339689,0.07367172199912551
339694,0.020128944213008666
339699,0.10390429115011239
339718,0.07886086283498295
339727,0.09737937577624908
339735,0.07160710283150323
339736,0.02032187931717607
339745,0.013226708241678983
339755,0.06557166064011728
339758,0.020824971272512455
339770,0.005128892193016795
339772,0.028550253827806953
339778,0.0338539143946174
339786,0.05812357259161205
339787,0.1759983395923312
339788,0.09820201822992788
339799,0.06872296858602445
339814,0.02962781419291892
339837,0.035983486849162374
339842,0.07695007543372075
339845,0.05884853510013997
339852,0.0684229368247285
339857,0.15659180115284563
339864,0.05204689129610186
339872,0.05879187259862717
339873,0.007199532355840929
339874,0.033751549613616136
339875,0.06107151250128006
339879,0.21932819347728413
339884,0.027252718366270932
339888,0.04566021986070376
339891,0.0858118535993197
339905,0.05732175132151043
339920,0.07813497509776618
339934,0.18942685408272175
339938,0.04797784668176771
339948,0.01483524817175335
339949,0.02583117998885197
339953,0.022014221906300004
339954,0.07886590806475777
339957,0.01762439949280863
339958,0.1428635110217822
339971,0.049742542898803685
339975,0.027892516773975546
339978,0.014616551866559793
339984,0.020967546647467823
339993,0.018478469442118575
340009,0.04596467589717804
340012,0.02618689379535628
340019,0.022298093012385445
340031,0.04489338910082652
340041,0.18908798100390947
340045,0.03166133409478618
340046,0.21588622833884175
340067,0.01604654434386863
340079,0.03250274386181755
340081,0.09171369854223313
340082,0.019731339618531036
340090,0.026779045898779982
340091,0.08135057180011838
340099,0.026429690711929285
340104,0.06891787185484667
340109,0.024238286584115268
340123,0.2385340488883964
340146,0.023717770339619387
340162,0.04706760900069477
340167,0.07914167932816889
340181,0.047604157729423335
340194,0.013783891091009299
340195,0.01936760502390683
340198,0.07094149117389927
340202,0.29997296874209856
340203,0.3329260621871804
340219,0.045018784149262615
340221,0.04271047846815398
340224,0.01984479945900338
340239,0.02001233043334367
340248,0.0625309446077581
340262,0.03700411948584647
340264,0.07532300670886524
340277,0.35355571083796544
340285,0.01260318201986223
340292,0.03503898647251815
340356,0.12476820177521417
340365,0.16298641180046022
340375,0.05249514297608257
340377,0.010043046590756492
340378,0.1419197490378669
340385,0.16075338092958427
340387,0.04799642344813487
340388,0.07274582215410318
340405,0.06557888075254262
340407,0.0269919638137584
340408,0.037319774243355586
340416,0.0407272022107798
340420,0.018978095917233068
340421,0.4449077128512859
340425,0.034529896597164655
340430,0.07859517992694885
340448,0.10764291517738703
340451,0.07663659640504406
340456,0.08968179722591547
340457,0.03973031897524695
340459,0.07651233674677062
340460,0.06971113632043584
340463,0.029133974610001404
340464,0.044939046148097114
340486,0.011938975889556898
340503,0.1226431705965951
340504,0.03621438729791514
340505,0.026099183355288387
340507,0.04570605947697978
340509,0.023942902115561333
340511,0.13718491495906993
340513,0.04109929602464975
340516,0.15315806195733447
340529,0.01745500562837625
340535,0.010798649934427938
340542,0.155433191289307
340545,0.05220805020089396
340546,0.31284486614981016
340556,0.07259680998101012
340567,0.01170369351260592
340576,0.0739273086116145
340577,0.026811909632527754
340586,0.011465288405500523
340587,0.11066964584400385
340594,0.07409657951054954
340610,0.44345195732798637
340611,0.08715052014781366
340614,0.05913677486151664
340625,0.016476125126590753
340630,0.14380186163543843
340640,0.06091956598158084
340667,0.06996147830876404
340674,0.011338300081074337
340679,0.17418647241956692
340683,0.0662269097429605
340686,0.13957092478878927
340698,0.01538674631521333
340708,0.013959285819011392
340717,0.06756557996698631
340718,0.02815827737570646
340720,0.015126044188906684
340726,0.02104693222667502
340746,0.06188274613844871
340747,0.013824002155197732
340768,0.05158857125599267
340769,0.04482236366228083
340772,0.2440717445536127
340774,0.08832716950916372
340778,0.017307520333828468
340806,0.08666115941709662
340816,0.05588831485485432
340823,0.04316708320298062
340826,0.017700325025032746
340838,0.1512164755342196
340840,0.028885271460477507
340842,0.030669667528060073
340844,0.08679079910598965
340845,0.0476826893620144
340853,0.17061708816956386
340855,0.20556642562446703
340857,0.07054748125666972
340858,0.05463284926464862
340864,0.10926698824181802
340899,0.04464227391940326
340901,0.0348511298263383
340909,0.14360412204487602
340921,0.02577900057250917
340925,0.056842714259474555
340953,0.034247129212143346
340954,0.100667594119977
340961,0.052646660129845944
340963,0.14527030773388255
340975,0.10322321530874251
340977,0.02464071859466068
340996,0.040950705167411436
341009,0.05852049163306191
341013,0.07712147982666825
341020,0.0623783193045037
341024,0.12007225879625111
341031,0.04809434779974316
341038,0.08946622261693368
341042,0.048024633357301984
341050,0.0529816664354945
341063,0.1556445152055408
341066,0.017767804845825415
341067,0.009709198014652417
341070,0.17774195541813448
341075,0.05055199808394032
341089,0.014966745591070845
341091,0.011188706203764269
341122,0.09139634507251748
341132,0.10326292028833206
341135,0.10365118945164913
341150,0.2160538196102968
341168,0.06293154570453699
341172,0.12538261515125065
341182,0.06373886700105182
341183,0.010432407713307938
341187,0.1890362590175064
341192,0.07139953506553703
341194,0.03301661775323294
341201,0.033875393128249526
341226,0.01942681487392539
341228,0.04286040453971697
341231,0.03259887822306025
341235,0.03615711991603576
341237,0.024894840913312753
341251,0.0978446910572713
341278,0.06986538435311905
341284,0.014403563259940876
341285,0.08371250903042601
341294,0.022633076863168407
341296,0.04519476296803973
341297,0.045724112088916094
341298,0.03271151097160096
341302,0.0381494962720701
341304,0.06265236873683998
341307,0.07884771671591743
341314,0.0631341240023113
341324,0.04725303308244484
341332,0.37930674053784197
341342,0.03653779363702268
341347,0.024821930876286608
341356,0.05064114386186196
341358,0.06099840434810978
341365,0.055000919229668335
341368,0.047208142705162645
341372,0.0393724628253442
341374,0.05498297389614561
341380,0.029673590789781504
341381,0.090841816746823
341390,0.06293314149496403
341398,0.2677197228968825
341401,0.13142108793234492
341406,0.03194609442070511
341413,0.05710528226678479
341419,0.02781662164789352
341421,0.03401846330182496
341427,0.03007176126746494
341429,0.08333021977947416
341434,0.02206210661867513
341437,0.023839120640485094
341444,0.1455330916330759
341447,0.023263131567006528
341452,0.02388010756046526
341458,0.22658952876018884
341475,0.0980905992116687
341478,0.02567391790064838
341495,0.017306494961673465
341503,0.02149642737434459
341520,0.021474029757124043
341525,0.03780788300747217
341544,0.02567521115174959
341545,0.01184554506412709
341548,0.016507353943126787
341551,0.01909984636855458
341552,0.07593359562799425
341562,0.09998907892999653
341574,0.07469993218462592
341577,0.027227405065579052
341585,0.12463503649537082
341616,0.03858727817499284
341630,0.050805672539780855
341631,0.031681535711399186
341640,0.18637155063858984
341651,0.030361946091919202
341653,0.09308309322446814
341655,0.33889701182215853
341659,0.014518624436160959
341696,0.17721476330006547
341705,0.20093127604552297
341717,0.017792416557866272
341720,0.03899653907266119
341728,0.07674098649334754
341729,0.01376883463710138
341737,0.024483283348853677
341758,0.007983965031543534
341765,0.05738854241828542
341780,0.14192855110355077
341785,0.1576134457587237
341787,0.05371370766773893
341790,0.031199629810992516
341796,0.0232685042926785
341805,0.04433271625905593
341811,0.03115549444411491
341823,0.014856007523595895
341828,0.41682777528162984
341841,0.018609306089180405
341865,0.0471729601185445
341873,0.04326263850542943
341891,0.02013868307830613
341899,0.029572088702807708
341906,0.026039384988428428
341917,0.015440245581739764
341926,0.13196356157940767
341931,0.033130693915980884
341934,0.0172765989012804
341939,0.1317652329205201
341943,0.10832025212190932
341962,0.03485119281206849
341967,0.13061692866868635
341971,0.05289554909362265
341990,0.015028960930964029
341997,0.06819447215939364
342001,0.03865871443543301
342010,0.02403136312140505
342042,0.09660179798189207
342052,0.05809537674450943
342084,0.11100952943137338
342089,0.009860041401416044
342091,0.01247955142027958
342099,0.016304783355148754
342109,0.035443955227058815
342111,0.06799549420613253
342119,0.030789141875604057
342120,0.08160426387393585
342125,0.01532880700114579
342127,0.21199888347555687
342128,0.13446407275583788
342135,0.07024158334293397
342136,0.05794774295154465
342138,0.03983320541573162
342148,0.10062042816650282
342153,0.14572267015887136
342154,0.11478344047554444
342157,0.02636146312949254
342163,0.03488806939011991
342168,0.033357689147940996
342173,0.21184668664674594
342182,0.06272405066866804
342185,0.015431262025904703
342194,0.10788863200197632
342198,0.0413466885118459
342210,0.0509247326639074
342214,0.13258594877406438
342220,0.047114934002932624
342222,0.010638022929901672
342223,0.0970612466770735
342230,0.03358826568496393
342239,0.0442613924884868
342247,0.05928206021481055
342248,0.1726815359975783
342252,0.04434168063256279
342257,0.13236919502043382
342271,0.29047299334957355
342272,0.015461556565239197
342290,0.06665579595641082
342295,0.037096393619833426
342297,0.027355457860450346
342298,0.02565705557600907
342301,0.044518923461530385
342305,0.052512189511787606
342308,0.02157111283481007
342314,0.044127007644966826
342322,0.05582247213616131
342340,0.09036891247013232
342350,0.021140362557793942
342353,0.03190331890939225
342358,0.05296118494038029
342377,0.02042902101423508
342378,0.0153139689118281
342382,0.11676652609477596
342390,0.020235669016935614
342396,0.0966298863169041
342439,0.09321685055977286
342442,0.07109167626406426
342447,0.04477977935718003
342449,0.012641794635222928
342450,0.1355962699927113
342451,0.04327857483371221
342454,0.11198200859390839
342455,0.24239708036519955
342467,0.044545828534633916
342476,0.4452846226107735
342481,0.11179923867357851
342498,0.018400802428580432
342503,0.015495659055978429
342510,0.00839520991980403
342513,0.06562090875691225
342523,0.018249375676438827
342527,0.2011632823496807
342555,0.16951579536167335
342566,0.08185948667706844
342584,0.018942193991992144
342593,0.015312071549041066
342600,0.03287914501056382
342611,0.07985772903737758
342614,0.031437594241018586
342637,0.0906449333762199
342639,0.014317752846929243
342656,0.25089056249342795
342669,0.01874355648139327
342684,0.15196389716769754
342686,0.1492728308175306
342690,0.3076473703284535
342693,0.019421546357938278
342701,0.21193386449802518
342702,0.3324223626049939
342703,0.04277271495538843
342706,0.03445797710110396
342711,0.05052843675381923
342730,0.04777063968605881
342744,0.0703569610418628
342753,0.2148696296803951
342769,0.035763127053181874
342779,0.21751945593859023
342788,0.03170489322381177
342792,0.019995374182632655
342794,0.06622608356282783
342795,0.025763134511662567
342799,0.01893478987905653
342802,0.32693462244027327
342803,0.14297107814523924
342812,0.06317301164619404
342820,0.18221531614564607
342824,0.012657757133443331
342835,0.10777627185375759
342836,0.08064517972192464
342851,0.041254147437805644
342860,0.045360209202818594
342862,0.11850730403593694
342870,0.04296034043991425
342873,0.032138096468641464
342894,0.013731248669626456
342916,0.007023544048046922
342950,0.1895255347905273
342970,0.05186381877601738
342971,0.1366306795120366
342980,0.015282729990812417
342981,0.033955988340964596
343004,0.12282065095447495
343044,0.00988457962565845
343045,0.21546250228807626
343072,0.017869001234493517
343078,0.040431536925937706
343080,0.28222657538138807
343085,0.09859456127835747
343126,0.04013484837039377
343137,0.028034045073716436
343139,0.05304764994522344
343144,0.14395186750006939
343155,0.025241459097218404
343163,0.017067642255233006
343165,0.0297464062860286
343190,0.07510333536376279
343205,0.020392107117431883
343221,0.039974534929394366
343226,0.016040335182623582
343233,0.07024721679863463
343236,0.04192249746922074
343241,0.1752799550801975
343245,0.08348614612534036
343256,0.15730695889617488
343260,0.05309100984674948
343276,0.025257450525848327
343298,0.030453515479066225
343299,0.03428913111411889
343310,0.21993265723644856
343312,0.06753207452674564
343317,0.01989809080956579
343319,0.010640949762752743
343324,0.030974252781596427
343345,0.023005874138296217
343348,0.04857464628325106
343354,0.14371655088269744
343363,0.018372635627054837
343365,0.23373031109117012
343376,0.01164856396131276
343380,0.12917176227742527
343401,0.04409406550851046
343412,0.03956396645098077
343414,0.015382792158767006
343415,0.0925287820526186
343418,0.13093145534680298
343419,0.11062293527171574
343421,0.026956963937558795
343423,0.019585625296950397
343432,0.006295810953708349
343436,0.03669892038988546
343440,0.2926488933284254
343458,0.016458459464446053
343470,0.082318388804555
343471,0.02991579675369637
343480,0.05344187356230032
343484,0.029705627656558348
343492,0.35960347816818933
343500,0.0387644003101892
343503,0.027492234433828346
343522,0.07756518671025257
343525,0.019640163482360775
343562,0.20242116520059716
343577,0.07673487090831735
343580,0.12816837417923826
343591,0.017955171151446805
343594,0.042053184260145905
343602,0.11595774293726648
343611,0.021195198527695813
343615,0.15945013899893556
343639,0.024677308109646443
343643,0.030414528099082162
343645,0.02281614251774098
343647,0.020094714522266497
343669,0.009070596897889109
343683,0.03645611906262955
343702,0.5651106014045144
343703,0.05489582278444409
343704,0.022339511929776776
343710,0.012303942051460607
343724,0.21608243576683298
343730,0.08158699089349904
343742,0.21507480432745657
343743,0.041293984648295944
343745,0.05067054383944816
343775,0.13961264916488303
343783,0.04742128779046034
343794,0.060861005602117504
343795,0.02248645020489408
343816,0.01583587276510864
343820,0.04380782015267791
343823,0.2816955459304077
343836,0.0223307489355895
343845,0.056760653316858874
343888,0.25601596657143105
343893,0.020329692581919866
343898,0.05870221964753454
343914,0.021514654944560157
343918,0.016455156919060125
343920,0.038726388129602905
343928,0.04298523507587014
343931,0.03914739190342628
343968,0.055882934708949644
343990,0.07618322662045489
343991,0.03552373416815766
343996,0.049863326953469095
344002,0.1385592715331213
344004,0.05191770320880633
344008,0.22660597518591621
344011,0.039964054045764266
344013,0.1277206811456566
344014,0.11391603052360791
344015,0.06976214502459113
344016,0.030059707724138577
344019,0.0990902698272902
344026,0.008994814770132786
344027,0.05297316322830231
344029,0.09738297481509493
344039,0.1942511906107138
344041,0.5692031664717089
344042,0.022170877588889505
344047,0.14208676682097443
344053,0.36933505742802186
344055,0.03666688694202723
344060,0.029263654586157054
344064,0.0366977695978367
344067,0.053278355969342835
344080,0.02580056333024998
344083,0.04713762274679316
344088,0.017733345226434414
344090,0.08261631136158509
344093,0.04970551134922311
344099,0.02888151449730824
344113,0.04269917824559116
344114,0.07133694003071557
344119,0.0338913284149219
344121,0.022917204096722543
344135,0.10882104073418496
344138,0.024641138430809
344159,0.10463912154541122
344172,0.03715692806374938
344176,0.08920644941934733
344192,0.021491196480976804
344202,0.08636144605393464
344219,0.06312541033025693
344225,0.06495478387633262
344229,0.3336948745072331
344240,0.025916147125197124
344241,0.02311230567510724
344249,0.014242854295535278
344252,0.3307829633583731
344256,0.07466666802264796
344260,0.0400186322052906
344264,0.022488801168935795
344267,0.028655400968133366
344275,0.029099686572364086
344283,0.02046966684913868
344292,0.02515911657519536
344296,0.0948769050004434
344297,0.032501979616366306
344299,0.03477008293946886
344303,0.07081811182810752
344313,0.02487665753422896
344315,0.02045638995555359
344317,0.08189736064804103
344323,0.041508863774945406
344328,0.10410153500086103
344339,0.05045885007410644
344343,0.04808944084190426
344345,0.012555123919866127
344356,0.06669691358230212
344358,0.03750632222819441
344359,0.05474351877956963
344366,0.10569245206155807
344370,0.03893284133179188
344382,0.012082897801180477
344383,0.036015772471178924
344386,0.19939595716340908
344388,0.32159701268841845
344393,0.023869888320922954
344395,0.03591693975133377
344401,0.080680150425462
344402,0.08937377681390513
344404,0.0723274133753933
344422,0.009025850149426952
344427,0.03639014589587403
344433,0.02221383412051129
344444,0.08549472515397127
344454,0.022143220553755297
344460,0.037424567554393245
344480,0.021981777655355243
344483,0.04821470572249746
344488,0.17016778539147387
344496,0.32844857522306314
344504,0.12660036758525983
344516,0.05745820534025181
344524,0.10168863453803043
344540,0.12992904269523622
344542,0.02231000850833545
344550,0.026222435639701967
344558,0.012991620122474961
344561,0.03676939368806829
344568,0.2734941809021823
344571,0.04353992947446806
344621,0.03710434830556096
344633,0.11680268408228091
344635,0.15891731781726615
344660,0.034858172611450716
344662,0.040425935682017466
344681,0.011832828285986271
344683,0.23283748589188585
344685,0.07521705648971336
344716,0.23045143596835538
344726,0.052751609076169624
344749,0.047655213515295954
344750,0.2667878353439735
344752,0.032889032668384555
344760,0.016392857684722057
344762,0.119026850237538
344768,0.06563103918320566
344770,0.20214497462348005
344772,0.1983432607780155
344778,0.03915209954435103
344783,0.06624736235472006
344793,0.011141580296688736
344814,0.030460709848768763
344815,0.017512765061138517
344818,0.013818052095377587
344819,0.03621127950932537
344826,0.11465975711231616
344828,0.3914150452246974
344835,0.04788265569804508
344864,0.025824120783456934
344869,0.09453086397589251
344875,0.3134091019463079
344883,0.012583670661651324
344885,0.029112454951227197
344887,0.07130557040381669
344889,0.08695104062842907
344892,0.3229985256599305
344895,0.08546997635717847
344913,0.02137523610098121
344934,0.011052793717803697
344939,0.13696159360898352
344947,0.2257735405628307
344964,0.23038867932400697
344969,0.044637159163884235
344973,0.03805980117437116
344977,0.07025727954764255
344978,0.0860838190168403
344991,0.07828384600331377
345010,0.09677189862748689
345011,0.041230332170772044
345012,0.09926270074698054
345020,0.06283467879035856
345021,0.018935962975908653
345042,0.020718883839429235
345046,0.021859552196777394
345070,0.030513778719095993
345078,0.14659629271281904
345085,0.11881880878160936
345087,0.12723213164735794
345093,0.06523422937403772
345094,0.18809991468631912
345097,0.045241718129662586
345107,0.01932610680147256
345109,0.20544228888737362
345117,0.03550847898258743
345118,0.034983680402287616
345126,0.16758679264416945
345142,0.019681921706112743
345143,0.05544056998732634
345149,0.017615801283475244
345150,0.020846698081521873
345154,0.42487511092866215
345174,0.0325668591788088
345184,0.04620203509274155
345193,0.03345530893621414
345196,0.06416316437481194
345202,0.05995797052722444
345207,0.06862728838174234
345209,0.2961662283994078
345211,0.0610668494330419
345212,0.0743776567259181
345213,0.0868310100846596
345218,0.03668791338934338
345228,0.024819998166712817
345234,0.018387378722004945
345251,0.035906485361897694
345252,0.02914159148378256
345260,0.041625659577378765
345269,0.007525126859511712
345275,0.08147305935461305
345300,0.010340161423618432
345305,0.035225974213253124
345306,0.23732096767540026
345310,0.047244510544656615
345315,0.23628428957369518
345324,0.03947805686425962
345329,0.06168163592125397
345359,0.18523213843942143
345360,0.08470194379088164
345364,0.013427741831196771
345385,0.09172228762940761
345387,0.029730100355100823
345390,0.07674518811549108
345402,0.2431121019864183
345404,0.07111844131668768
345405,0.01767385542109082
345416,0.09007368595720691
345425,0.2529864006874646
345432,0.05008242810066476
345437,0.20953462737755024
345442,0.018666647927929745
345450,0.04192335817164751
345458,0.04081454576976909
345467,0.06726671645556419
345468,0.12212767268298619
345470,0.05201103724184246
345478,0.02962385256301952
345479,0.10087899969724844
345482,0.09776549492934591
345489,0.08744928462177952
345492,0.03692321061986747
345499,0.06824696708341013
345502,0.014798478341045408
345515,0.048361988373557846
345538,0.013297924837833371
345542,0.06274506505610318
345548,0.014048314765898382
345550,0.03897345596206109
345552,0.019483774172217538
345557,0.015853575790135483
345560,0.013619829387588937
345563,0.05464211902514986
345564,0.24192466719124095
345580,0.025845692333385885
345582,0.041817001732909254
345583,0.018469234829914985
345604,0.1283530154370914
345622,0.0316001003563016
345630,0.043979140092053226
345634,0.04187157598436796
345643,0.07683692068895569
345646,0.01879820578951915
345685,0.14639274170563082
345687,0.015875397199281962
345694,0.03950040772112308
345717,0.0688211439465822
345718,0.11380133436956037
345726,0.09584966884520318
345733,0.05017062047320697
345738,0.03839557441077336
345754,0.07855292260251862
345761,0.05048319606692095
345771,0.06954881211282662
345778,0.028868812786800497
345780,0.38466587580347633
345788,0.10194136968056956
345796,0.17924061364938165
345800,0.3095186042820516
345808,0.12051408430202068
345812,0.016514995455102693
345821,0.06970357886984216
345822,0.10356334582257608
345843,0.2017022128583738
345853,0.07368210381998191
345854,0.026313388050762034
345857,0.009985820027555345
345858,0.05310378138054922
345867,0.04665710017643379
345884,0.029875556875805256
345892,0.032111713414441856
345893,0.02651215706771785
345896,0.03456565076104599
345902,0.01753401998936892
345906,0.05986768814157798
345913,0.029617011395599704
345916,0.08623151382563116
345922,0.05236146096155556
345923,0.1462351614466002
345924,0.018513760487842958
345935,0.1880628062567501
345941,0.02965558244047986
345948,0.1579675559593715
345953,0.03515249812289946
345958,0.03955897039659616
345962,0.024836074529950992
345966,0.150745419491289
345973,0.02327785024012685
345976,0.10134390730607801
345989,0.030478181401546595
345999,0.023903961821741232
346003,0.029149085506446196
346014,0.06724910707489731
346027,0.032428424206952786
346036,0.08228442000650128
346048,0.0218432739645825
346052,0.017884816542052755
346057,0.06051576914376045
346058,0.07625660782378266
346064,0.2587316510232092
346076,0.15383682292354176
346079,0.03523131311477048
346081,0.07689009342737298
346091,0.024382022992899568
346099,0.18463119620214605
346104,0.01859876103795635
346111,0.0302626226092056
346117,0.23206943312708228
346118,0.06288336437503977
346126,0.14631994440184234
346135,0.12414337010028222
346141,0.05907970841981937
346150,0.03566699375523193
346153,0.06840854535298467
346155,0.06049388809197462
346164,0.061864934603668625
346166,0.1648606472358104
346173,0.028329098297752472
346179,0.015784744630923653
346184,0.03742084451935114
346188,0.0134862509897088
346201,0.1232900330220311
346207,0.07353765391298982
346213,0.07051969443429636
346219,0.008227541247039843
346245,0.024743448539142683
346271,0.022749695936446372
346273,0.111433482098515
346290,0.04052066863163228
346300,0.08437067349498348
346314,0.03992642942127745
346328,0.008121440045001403
346329,0.14409522093406363
346338,0.00997473344247737
346340,0.042890155479056724
346341,0.04585387218964883
346347,0.07899222086029782
346358,0.3552513921583239
346362,0.03654428002246516
346373,0.0136127049987808
346377,0.20994413908767962
346379,0.6162907405936963
346384,0.08894143647704539
346387,0.020565440933666287
346392,0.02939687994433854
346396,0.031357349682028725
346402,0.09141690964383084
346405,0.06669323693108817
346407,0.029753823636675357
346409,0.06036468838804117
346414,0.11100702798635985
346423,0.03564241553722336
346424,0.02166655213948548
346428,0.01001153368052941
346443,0.053186678935664325
346444,0.017229048463731696
346446,0.17478358033548022
346449,0.08802231329750587
346456,0.018943275354166234
346476,0.019725389309786994
346477,0.03980544938909223
346480,0.03479520915413783
346492,0.07600489348249281
346526,0.03690479782871959
346536,0.05074850282824846
346539,0.013375036172746149
346543,0.1080298351459861
346544,0.016035478091459374
346546,0.019944566255111276
346591,0.22147381692680854
346598,0.07163387221459909
346599,0.03868584824923102
346618,0.09810645766673273
346620,0.03207954572275437
346623,0.027774507161357206
346631,0.027283544249019576
346639,0.01931930340222482
346657,0.030465225508341284
346661,0.16306303033637795
346671,0.06894404047330217
346672,0.07855955968772874
346694,0.029347371780891883
346712,0.2441123106421395
346714,0.041241178251349486
346723,0.030771939219382573
346727,0.09004318238336313
346729,0.032698516567798486
346747,0.013573383676869399
346765,0.06322636987605941
346775,0.0848117430149326
346784,0.10869270658311052
346797,0.06498479810833606
346799,0.10989774124244851
346802,0.03064914005588927
346807,0.01581648345727316
346822,0.039338094951175386
346828,0.08299544947446305
346836,0.11702888954120427
346838,0.03731402093504739
346841,0.1141439200426271
346843,0.05280521013980942
346848,0.10072320805288466
346850,0.03621477605016166
346851,0.02989286566962201
346855,0.06931079673791381
346856,0.03262123323009007
346860,0.14064738793321246
346870,0.15838636048863466
346881,0.2304132680469182
346884,0.04650684834335679
346887,0.019244272521431943
346890,0.006064896805599852
346904,0.06639515413045413
346912,0.018022041537715215
346914,0.19382597917030148
346923,0.016323979202630526
346924,0.04488858940971545
346926,0.06743421615371283
346934,0.020157543820801656
346936,0.006073048631572724
346951,0.04703540430062881
346952,0.06881639377018053
346970,0.006692298354284978
346982,0.10117622349094121
346993,0.010985096817194968
347013,0.06830472292129383
347018,0.04623906005948171
347021,0.09108225337422986
347031,0.03152503115734914
347033,0.528866456416052
347039,0.07713487856272414
347045,0.06764672751086612
347046,0.11047540035979322
347058,0.02878535588657542
347071,0.11667883446106499
347078,0.14130020423813688
347079,0.04862483903745167
347097,0.015519272164775317
347101,0.06314356684144923
347120,0.10246543188731252
347121,0.033999153640158326
347133,0.010546409766958116
347161,0.10359322530573667
347163,0.03580604216954257
347173,0.013358535321511962
347175,0.0462443315665534
347181,0.009606716490835958
347193,0.34936653192934686
347196,0.2636935368882817
347204,0.10757170988751968
347205,0.16173795248964148
347217,0.2702224928144279
347229,0.01900799538735006
347255,0.022621232426798255
347261,0.05949034692934842
347266,0.09274745475149596
347283,0.05112451576993495
347286,0.048204439167970785
347302,0.015943324509347483
347304,0.045440969830553984
347321,0.057174854112667296
347323,0.042899825533057004
347331,0.16307290190922483
347340,0.04437924704946559
347350,0.09393920638263575
347374,0.015291515345559985
347379,0.05761817809776808
347404,0.09368303512053128
347415,0.08504726408770685
347438,0.21629025875437313
347439,0.0379729046414249
347443,0.06740529752095488
347450,0.18420266913891914
347456,0.027613156515894185
347458,0.27028364579084174
347463,0.05863452800265746
347471,0.03547051622267053
347476,0.05016268414001433
347482,0.09177596635232259
347483,0.020074290354251723
347492,0.031782898482540074
347498,0.034590215266838094
347499,0.036817458247728224
347501,0.045700131169918196
347521,0.04574298464423577
347527,0.011227898746971238
347531,0.01677107950344854
347540,0.02779477916160196
347556,0.03755853646481957
347575,0.024794120001021335
347579,0.008778384451195833
347581,0.04423246561106695
347583,0.05034808754032949
347611,0.0219587136570592
347614,0.06899332352079254
347621,0.076211899585446
347629,0.15362839409007056
347639,0.13278356075895126
347642,0.04468282383307157
347650,0.08301987041104562
347665,0.03076071673233456
347674,0.038430143781506415
347678,0.2633775785275218
347689,0.054107519052398384
347690,0.013217025331755122
347708,0.0943782448375855
347712,0.28720382579467035
347722,0.17324712615546237
347728,0.038721832260270345
347734,0.04043035311305226
347736,0.20860073583170624
347747,0.0826050479088624
347748,0.023629904736508375
347753,0.10100743690032452
347755,0.23674292394668628
347756,0.041076318738398385
347757,0.0264153137492023
347763,0.09636965999528446
347770,0.07847316588644757
347771,0.18194679319927348
347784,0.03431639448060838
347792,0.06408899889722033
347793,0.04472833077340756
347801,0.027386723593639348
347808,0.15441880249846412
347821,0.029622625302876765
347824,0.07181862151001311
347829,0.12927709291394032
347841,0.36269674634363724
347845,0.012091589743167687
347846,0.4683291066332369
347853,0.17999334885519264
347854,0.052885692289488265
347858,0.11765876738927643
347859,0.023087833599407567
347864,0.007410059953068808
347869,0.025592322557523643
347876,0.05450224523942332
347880,0.0521209139029246
347884,0.019753458821605677
347888,0.01878068487229617
347893,0.022330635987580484
347900,0.06187187538119
347902,0.015210212702432734
347910,0.02893925195476187
347912,0.00733528055955666
347915,0.05178046268633907
347916,0.0721642546811027
347919,0.019298937762093453
347923,0.06234406527024706
347952,0.42061461265850497
348002,0.221337797486086
348003,0.02281161936743062
348008,0.1253754586339013
348014,0.022415668537085206
348027,0.24908126007502163
348031,0.05540386632320031
348051,0.1055191571283602
348060,0.03157216944342756
348064,0.0428563517784402
348066,0.06025415832849741
348069,0.13890944122554244
348077,0.11452043254111131
348081,0.017260904315211288
348087,0.05566576055752945
348088,0.017477357645208427
348094,0.2435968370080548
348100,0.025343159280672944
348119,0.048901967583833625
348122,0.09089044750507616
348141,0.20098446437263146
348145,0.014387872848513932
348154,0.01730070653682154
348158,0.040235749212382876
348163,0.2410151997087659
348176,0.12451014613468067
348177,0.016466034147210505
348181,0.20005285696310202
348190,0.07115431020003424
348195,0.15061113448770677
348197,0.08405759807714447
348200,0.009968666499006261
348209,0.05410897873338929
348216,0.01949261645804519
348217,0.05898039236871675
348223,0.2074721503060672
348228,0.026492013774151627
348230,0.07472699463868857
348249,0.019362870727587675
348251,0.08331133518741762
348261,0.08062080533754537
348264,0.026935166564103337
348271,0.03629343870791886
348273,0.05582903147065769
348280,0.0973771189769613
348283,0.06332987120551534
348285,0.14121664548179
348306,0.0718973501473164
348312,0.0877558126385452
348327,0.054889375517562816
348328,0.11366582580507949
348344,0.03490308263593738
348358,0.13942630282510263
348361,0.039146634934698644
348362,0.31488167030005376
348364,0.024048474135229557
348370,0.023689561780242382
348380,0.047886382004574166
348400,0.03354969024815834
348420,0.10203395495184914
348428,0.06586745595874595
348430,0.019309897685832668
348445,0.047899601820044636
348460,0.06872993254369705
348462,0.028237518608106287
348465,0.06355832055997698
348481,0.023842951593932227
348482,0.020881877008235475
348485,0.040308337665378065
348491,0.06680573150909778
348492,0.29913052972776183
348522,0.15991601848220807
348531,0.039996930064521145
348536,0.03555004295352171
348546,0.16270970553656833
348547,0.058683288976087655
348548,0.0619661225131437
348551,0.021754809134760945
348554,0.25107662995917257
348564,0.032177183614557646
348571,0.10783003200082215
348577,0.12345900850824637
348593,0.12219868847437423
348595,0.15903503522076978
348606,0.03379056541532875
348621,0.010973109738139822
348630,0.043973146976005115
348633,0.33054304460943107
348644,0.12446689716182821
348646,0.007166520969672267
348680,0.03646339017021304
348692,0.040380352277356826
348698,0.12395414793851718
348703,0.1074833361960845
348712,0.04013621595458935
348726,0.18164965936193878
348727,0.018745595560232205
348731,0.01920025772947704
348733,0.0871780288384594
348747,0.18874833346217837
348753,0.018025142703575626
348756,0.0409057163078279
348760,0.09328942097185869
348771,0.05670051812993641
348785,0.013735100626678692
348789,0.1162757237832164
348793,0.011783158646080802
348797,0.0076611366404761095
348799,0.02217194882314459
348811,0.037854267835211314
348812,0.043212787878121925
348818,0.024391504226903588
348822,0.027397300777278547
348833,0.10616855785007785
348849,0.05119970267149949
348875,0.05488638205430498
348878,0.020766669393302684
348879,0.033483766733447475
348884,0.2706580536139476
348887,0.024811561539252333
348890,0.07269787492835425
348901,0.03412518586873099
348911,0.08546090351311711
348936,0.015068231678819703
348941,0.024462179532308437
348949,0.034410670082430705
348950,0.03146860161552339
348952,0.006751356387331242
348954,0.03858301831403164
348971,0.057877421801924844
348979,0.3700927169197771
348985,0.11254660929518169
348989,0.052916418110958985
348999,0.06679080996195821
349006,0.07609990823473547
349013,0.20399621211125182
349015,0.024455599746034312
349024,0.03253703448689252
349033,0.024185593941262067
349047,0.020277236445136182
349060,0.017524819392913855
349065,0.04986457695998028
349071,0.32207936299364
349081,0.17240077747187305
349088,0.07373974349700976
349093,0.011864335604534218
349101,0.026423509573261186
349107,0.1859212255186258
349113,0.03966024965920322
349123,0.06070472572782368
349125,0.02593424942451987
349129,0.07051821803932036
349131,0.08538233929246791
349132,0.02672354424788851
349163,0.047317493972536886
349168,0.048148971708688815
349172,0.03592625847591607
349187,0.00991772558042169
349192,0.18626279716785443
349193,0.036563473697653955
349203,0.04392876728084441
349227,0.06204847191719741
349234,0.11168932139873661
349248,0.029830838759394067
349249,0.022763295468071248
349254,0.04021525850033947
349259,0.11696004512118773
349265,0.12203098695421558
349276,0.023143100588320222
349281,0.04377016100300833
349283,0.07266085517084894
349288,0.06235262473951809
349297,0.11763404900447547
349299,0.04596014189410292
349304,0.008900532199166871
349306,0.057300136173512636
349310,0.14422410230547514
349314,0.03618625073683506
349320,0.0427256849064767
349326,0.09119977659174279
349329,0.0214499742635152
349337,0.08778434903323715
349357,0.038835573318745376
349363,0.01266713637393352
349374,0.01953971648887011
349375,0.04783189819157398
349394,0.06357622562092721
349399,0.03557833318739437
349404,0.02433752010680186
349419,0.03090160616616444
349422,0.18016645529889075
349425,0.2014978301354719
349432,0.01732129770941958
349433,0.16699180293615198
349436,0.007325093070633898
349437,0.03276631440333138
349439,0.02312390517526279
349484,0.026792165348827425
349488,0.14406655433754895
349490,0.18522502184387568
349538,0.137403668636069
349541,0.02141943302462645
349543,0.017037752586083595
349552,0.019960707174776944
349560,0.09885553820298405
349565,0.0855783007165448
349570,0.06546075241324342
349586,0.04244194860335335
349589,0.07782760706851075
349592,0.08617329255104747
349596,0.0706226048425612
349598,0.024760050088401202
349601,0.020041152619930058
349608,0.4688850459108408
349615,0.06727775013116788
349645,0.052620414299669176
349654,0.07421696353000484
349671,0.05076671499988432
349679,0.057285163649620496
349693,0.056526589295589555
349706,0.1700514770290032
349707,0.20990323088000545
349708,0.036865549616199055
349719,0.04986523669242783
349727,0.2100533495868171
349730,0.023066655682003022
349735,0.14389906263810692
349744,0.18878353254319585
349745,0.038532148757652006
349760,0.20412559172031536
349765,0.03159631052340964
349778,0.07076426244751012
349787,0.07127626148388504
349802,0.07035516732752996
349812,0.2747861002899913
349815,0.020294684255309444
349847,0.06810689810573745
349854,0.058212073472893824
349855,0.10410337131860167
349872,0.019584102214237932
349873,0.06428610665656256
349874,0.04953673541117128
349886,0.009342742547731857
349887,0.10423231929272357
349911,0.02742784268231685
349916,0.0282987814449704
349920,0.19758746043890485
349921,0.015476000615063854
349929,0.037426167366145305
349931,0.029301697558311884
349935,0.015601687829613055
349939,0.052924650646047955
349960,0.020757621247947465
349967,0.05598046338410438
349969,0.08370102405002125
349971,0.08038506259901256
349977,0.02159525187223854
349979,0.08626987474283845
349981,0.03165161036340291
349982,0.10930120873425772
349992,0.014597596881718992
349994,0.04360011513377761
350005,0.010479775420129296
350006,0.013328036936716072
350009,0.08406603907503384
350017,0.04187556989514664
350021,0.09095781894373609
350023,0.17887288618526212
350032,0.13076410752537984
350033,0.07249116759232359
350036,0.10414271376602172
350037,0.03262616560682884
350048,0.2708611530841587
350052,0.05803158789405094
350063,0.024648437223517755
350077,0.06887496793530544
350078,0.13679796323912174
350086,0.24979823767564918
350087,0.02434852247538785
350107,0.005421455624114583
350110,0.03612806355369684
350114,0.05228715163060338
350119,0.2019495987001724
350139,0.020992519275781656
350154,0.05672623355897501
350174,0.25104536543194417
350177,0.060754893253671116
350190,0.1827384313810013
350193,0.10623084828968493
350203,0.008933007814053378
350206,0.09350942635255469
350210,0.09359760893654369
350225,0.07426145186022547
350242,0.014409273176438177
350264,0.02582663963331877
350273,0.008957794967033066
350277,0.05883195995096539
350283,0.02493056823875013
350286,0.030417429966938067
350288,0.027387174507818895
350290,0.06242536907406568
350293,0.04414972282926878
350310,0.2130066189581286
350327,0.26149690614876253
350330,0.029960916822690854
350334,0.30664234330435086
350340,0.01914511387790454
350342,0.1338882881486485
350344,0.07202209247195693
350370,0.02348894191925617
350372,0.17030351047183806
350376,0.1812428133418409
350387,0.03395873598251593
350389,0.061512551436791296
350395,0.27244149501521103
350397,0.20153897518161973
350433,0.08063950527221621
350436,0.07886083656160323
350442,0.008170805658299205
350445,0.03784067819919317
350446,0.1583913275010642
350457,0.12830091540277733
350480,0.030111271901422612
350481,0.014739685950458957
350484,0.05603370275490571
350494,0.026092918482680486
350511,0.020680332978297064
350529,0.02534727938624322
350531,0.016952566110138022
350535,0.025851656447834336
350539,0.010061408056296347
350543,0.10865567315146574
350544,0.04049804542531528
350550,0.05439642749810704
350558,0.039246340610276424
350569,0.164510387840137
350571,0.1686147863708145
350577,0.06471450682067759
350582,0.06339088534152158
350585,0.020706494728351326
350596,0.016349091792685233
350598,0.04579437790049566
350599,0.06621701165709838
350602,0.08574147814364126
350612,0.01436549036021523
350621,0.06602948900602337
350626,0.032016412119296664
350628,0.027554601190495645
350638,0.08097383047949502
350646,0.12069252599111868
350652,0.029705864114768187
350665,0.050964552975016744
350671,0.08190533966657562
350677,0.060979851334500325
350694,0.11756317351069265
350697,0.0938339963497507
350699,0.130566372469652
350703,0.09769748941068068
350705,0.3680397394811698
350708,0.009774118907065572
350724,0.054523488284239446
350731,0.02427006844665566
350740,0.02071285578577619
350745,0.062407226176691824
350749,0.04171777008445453
350754,0.14123479140551964
350757,0.008903357205650981
350764,0.05506053345895383
350766,0.08649566580573415
350779,0.05549245849931262
350794,0.07061585377478208
350805,0.0344546987504963
350810,0.02809137003200718
350817,0.07721842273692701
350825,0.034970547482431634
350829,0.030322767943351838
350832,0.010210495270992154
350841,0.011961861142115853
350855,0.02066127302612567
350862,0.01195625382470025
350867,0.048446628773771414
350871,0.04364424150468432
350874,0.09512238144360124
350891,0.012270873888115263
350895,0.04860267345637978
350898,0.08873078185139865
350899,0.010572037168214532
350902,0.03475511700910273
350913,0.032738383837605314
350916,0.014384300190171954
350933,0.030636126831421077
350944,0.02256550303078996
350954,0.18899679902895217
350959,0.015068964797618491
350965,0.02009373495013171
350969,0.048985665736056574
350984,0.04741503876796413
350997,0.031088193994604548
350999,0.10807540270027235
351002,0.1528228026024642
351008,0.04260253013360421
351014,0.05110674768622444
351025,0.07059167063569367
351026,0.05815765626508615
351046,0.14229985070942144
351048,0.010223442248167089
351070,0.04791478580457102
351073,0.035006219610507885
351079,0.03622901819390253
351085,0.2563802887666256
351091,0.05402911715677434
351094,0.0579006630490133
351115,0.021158342364562557
351117,0.0414468766766925
351126,0.02887355004973484
351142,0.012248549615834593
351151,0.02204964307721946
351171,0.016285761917788605
351178,0.032059194328570045
351186,0.011436492805282137
351194,0.08719064256569466
351201,0.013537496700653524
351223,0.15709560984446325
351225,0.10178082990994664
351226,0.062470975904188625
351227,0.06612972377555973
351240,0.11983665285152158
351243,0.011111380689653196
351244,0.1932004787406573
351245,0.04306057952480563
351248,0.06172555964064255
351252,0.014698552516217173
351259,0.09049560376779445
351265,0.06048006851840306
351291,0.06713921783914895
351292,0.03213752030747162
351294,0.06089876831826367
351298,0.020004932544214874
351303,0.19269434344696051
351311,0.013822609358980878
351326,0.033227101480354154
351331,0.07017495336844104
351338,0.027819774979351494
351339,0.030555027281911104
351364,0.11743650190431981
351380,0.11467775262721364
351383,0.05427612019838651
351385,0.019125850128882235
351386,0.018604084725875044
351389,0.05144686794154847
351392,0.12724406942271493
351393,0.05549782466896552
351407,0.2147011145936081
351419,0.022046289495429555
351422,0.03530574104009979
351423,0.12692745729629107
351430,0.07400130753961828
351446,0.019747756957282356
351454,0.06604135121499817
351458,0.04826776040236169
351461,0.016840660228476224
351489,0.009840737914502195
351495,0.022159417413386145
351520,0.10138250516568606
351526,0.11005064071702274
351535,0.026329420124370024
351541,0.02080180202156092
351567,0.024732811816845605
351580,0.0498958019141477
351581,0.35723821997628447
351584,0.023173878773680063
351587,0.05382097424193662
351589,0.10497955179926755
351593,0.1957409494823537
351616,0.0976990817913686
351619,0.046663840070220626
351625,0.06404687375107884
351626,0.01886790606373389
351635,0.02433116192254558
351641,0.016761806058146658
351655,0.0245284121314982
351658,0.07743048517311539
351669,0.1221187037340522
351670,0.07553729598231052
351671,0.06301703905836144
351680,0.011561843086361958
351687,0.009941888577316673
351699,0.011868078526383153
351722,0.054657150186203346
351725,0.27783288155694824
351740,0.054077052177280836
351747,0.07939730458966936
351758,0.04776093214831868
351771,0.025760504584678712
351780,0.06363539497399646
351786,0.011216508477032585
351789,0.04914949527949432
351796,0.10988068980793998
351801,0.08256491092699707
351814,0.010748628282985374
351817,0.06503182900867073
351819,0.12118802518376916
351825,0.12177583960604778
351830,0.14861263845584827
351831,0.043078775793157484
351834,0.028797133496057108
351836,0.03284139840654749
351837,0.12946463721869794
351838,0.036841600691551936
351839,0.18817391701791908
351846,0.3255131743458078
351863,0.0660793059546216
351864,0.026080004647708398
351880,0.05137007842055725
351887,0.1178133725013643
351891,0.08259833938756315
351892,0.12493340943061466
351898,0.43494114908309917
351907,0.09214051104918441
351916,0.031053211251517006
351936,0.06362140175309239
351937,0.03396315950518536
351945,0.0909791607467042
351957,0.045422450748328264
351958,0.0284486778397164
351962,0.03129404066146234
351967,0.04955962778776153
351970,0.0964751015110285
351973,0.08873960825391047
351978,0.021270693884092706
351984,0.019265272223559077
351989,0.1236805428308265
351992,0.10632189489960776
352015,0.035618122385216826
352036,0.01705571904774545
352043,0.029565499305269007
352049,0.01873511102899522
352053,0.0440427464292349
352056,0.017769212191762473
352058,0.046597651313587216
352064,0.010173034573559883
352065,0.03148004933407017
352075,0.011563167959383249
352092,0.03012982084221409
352096,0.02575301330915683
352097,0.012077445023772691
352102,0.019278710808965926
352103,0.00577815571765848
352117,0.14532959224415176
352119,0.020052209283118877
352139,0.1443454892044857
352145,0.007100413010325037
352158,0.02517125614982537
352198,0.11501031237069903
352199,0.027129449744498896
352200,0.12457962906775233
352205,0.08710267191579601
352241,0.017721483427423676
352244,0.11164260481958699
352258,0.0476068667690301
352260,0.01954328750512402
352266,0.031331160225912535
352273,0.061417710541997655
352283,0.022270652811288347
352303,0.14292087630993094
352304,0.13990508142149496
352351,0.08559105329991377
352353,0.047648028628612234
352379,0.029531044259607515
352389,0.10401718577889651
352390,0.06933896556237168
352391,0.07290172542842915
352403,0.04770911176500327
352407,0.028141588909049643
352409,0.16264977598064762
352421,0.012454783130269962
352425,0.03324715825428034
352447,0.017371417067874366
352450,0.08127409567526073
352451,0.1277994384651736
352457,0.02410392502992213
352468,0.13491220132648826
352482,0.03163389112372997
352495,0.020270297237382842
352501,0.11554117191344418
352506,0.4720089951433674
352508,0.1864394931807039
352522,0.1053583732644765
352528,0.13043083002253986
352539,0.06083233974005521
352540,0.01347716126220572
352551,0.3181532169034404
352560,0.02917362989183278
352561,0.10832952511233282
352565,0.06548670008413467
352566,0.043566934761921236
352584,0.10942908016498709
352592,0.03063481445219029
352626,0.12746037913810046
352650,0.010745763260033951
352655,0.02292024490500006
352668,0.25212550076236484
352670,0.013142448069838173
352685,0.15567196599063457
352690,0.09164938402137558
352692,0.030326946567757744
352694,0.0424428901447403
352700,0.04254844199918699
352701,0.044505199307610446
352708,0.10698034552646216
352711,0.1325647465000019
352734,0.08529041701949741
352738,0.05438484347951335
352742,0.02726897318407043
352745,0.14566920902928396
352746,0.038681055521332004
352751,0.06521404409068378
352762,0.19463502936089083
352767,0.019883602393412324
352768,0.02974239524067586
352785,0.02140861811272554
352788,0.024871995858379667
352795,0.07879474619304672
352814,0.05507442916710611
352825,0.04425686876468242
352827,0.04257693944832831
352828,0.013549928607104553
352830,0.0702985627459844
352850,0.05575312827206838
352890,0.012635492446559347
352901,0.01308486742005895
352907,0.06515226624934098
352909,0.14070418815608746
352913,0.017663926721668124
352925,0.04123475986414074
352927,0.03339127744241501
352928,0.1817474021538677
352938,0.13968447551480456
352942,0.04267537989912994
352943,0.16117254148284527
352952,0.01905747105468052
352958,0.07316053945358572
352962,0.06548011805156902
352967,0.07126945015224774
352972,0.050742411322292416
352988,0.008662321764447242
352991,0.054116958184033684
353002,0.06024832098933963
353008,0.0706998550258491
353011,0.028814610110892213
353014,0.06395218303330912
353018,0.010513887276000677
353023,0.018795134215768897
353029,0.02083010651176491
353031,0.058337290815179146
353035,0.18759809487935314
353037,0.06320971500446496
353042,0.05530390052513033
353054,0.028868858937795876
353078,0.034180531201117526
353122,0.059307654340961094
353123,0.04423398297029394
353140,0.029203714347961846
353145,0.07830129404140038
353167,0.08855503145817303
353177,0.09074637227676739
353179,0.28686102260325547
353185,0.04271784711354552
353194,0.1807528486622154
353195,0.09595074175697066
353208,0.17651532933263267
353210,0.03047961877806623
353214,0.18602718127371803
353215,0.2043591745686072
353240,0.12464860601231374
353241,0.10074330406266985
353247,0.029587288445118196
353259,0.09268902679802792
353262,0.20148010262917065
353264,0.10701270457834328
353278,0.06655947877116361
353279,0.07855680015666569
353280,0.0926076692946154
353287,0.12384983585925834
353288,0.032834213637669134
353290,0.06817292595738667
353299,0.023114467200266206
353314,0.13655414467723537
353328,0.08208769441084106
353340,0.04295621470465411
353350,0.019965065740776666
353352,0.01597203137827198
353364,0.04239122027804235
353371,0.018611104014197393
353373,0.04155248686448401
353374,0.10097713402587288
353389,0.015696973572377808
353395,0.11005646547652316
353419,0.5216178433438922
353427,0.019055684993290502
353441,0.11874224133655467
353454,0.026073119285589676
353469,0.09138779649352033
353475,0.1099612887151521
353481,0.005657131690617092
353483,0.08723064389349613
353484,0.09424264062123239
353488,0.08653810580509363
353496,0.010067368304014572
353504,0.016648023568866868
353505,0.07213591805899372
353509,0.03234736905466898
353527,0.05936551468411857
353574,0.09437303379881543
353585,0.042524377727170236
353595,0.04179168532821819
353598,0.018833509858945226
353602,0.07830450817336336
353610,0.1305375997986392
353618,0.01838059646659385
353625,0.016641458576020427
353626,0.2090143850513395
353631,0.015173538791635037
353635,0.024078163903107602
353654,0.03845315029550175
353682,0.10562483551170193
353688,0.1633999255510365
353695,0.04997217919717175
353711,0.010972093383009897
353724,0.12311739254716295
353729,0.04510443347005041
353732,0.01838921567759238
353749,0.0940992450515838
353750,0.016821780695494094
353752,0.09699810118367794
353761,0.029358008320416438
353782,0.00964244535641956
353784,0.07713357179892583
353801,0.008341529999490777
353809,0.09341570985035827
353812,0.07150157994067619
353814,0.049227040297023225
353821,0.022826751194635703
353832,0.10396197489947279
353845,0.15704059252679758
353860,0.10114833311473334
353863,0.02249411193677615
353867,0.02361408296970186
353876,0.03213799111692938
353905,0.023456055208963454
353923,0.045786939467289005
353934,0.04881435452764152
353943,0.043600134656206255
353945,0.04701124417584787
353973,0.024232966828609568
353995,0.014530209354840905
354001,0.06296065225031537
354003,0.1873130986426435
354011,0.01940147200596193
354020,0.03409152186782103
354024,0.18863535880617244
354027,0.041912990473118306
354031,0.036487674175863405
354036,0.022314491059881376
354037,0.08760541242163469
354039,0.029663411865655354
354044,0.03538404571455285
354058,0.024993024855029786
354071,0.026108257482922774
354080,0.07893340240684674
354084,0.034167162646210156
354085,0.03363227185874841
354089,0.015831977068895168
354099,0.059885659354731356
354100,0.0302913401697607
354104,0.03017768692702662
354106,0.06776563141244306
354107,0.1544425991121108
354111,0.0316582360161522
354114,0.11128029759813153
354115,0.08504959864580536
354122,0.1529568366966309
354130,0.0926793684931255
354139,0.08231715005444876
354140,0.04252459517015752
354145,0.05197439490749567
354149,0.010047981274243582
354167,0.012027679234130843
354173,0.4314024158253338
354176,0.02163559979850293
354178,0.03981114459280388
354182,0.04750442457402243
354184,0.017758135794865692
354186,0.0646000399679875
354192,0.007457982192386657
354209,0.044922376828057525
354214,0.029453465849254096
354218,0.1536534849086389
354230,0.1619712237018321
354251,0.017466022586265874
354257,0.09056162162982734
354264,0.16840774504675465
354265,0.017800760267755466
354267,0.04110433960707932
354272,0.027405413968539946
354273,0.13942396068326934
354285,0.07061133363105482
354298,0.09427613171137778
354309,0.04902447580666433
354312,0.07532804087648984
354320,0.024639248336962002
354322,0.05553602796715497
354327,0.023113621370898896
354333,0.09898051630036325
354335,0.17625973534506786
354344,0.192793694275543
354355,0.1191450549030536
354358,0.02079566144956456
354365,0.03926739889423437
354368,0.052638482409787926
354377,0.0616052095069774
354386,0.03661911744618649
354390,0.03771465011516312
354394,0.011220906839485598
354398,0.03326417986000819
354402,0.024967638113380406
354403,0.012745059266565259
354406,0.22359237845892832
354414,0.09941134726305476
354421,0.037481427942330475
354430,0.06385788037620843
354445,0.0629338859483266
354470,0.019637013558702118
354479,0.022437774243676704
354481,0.008963372074970298
354483,0.09003029608950897
354497,0.04783223911462015
354511,0.041806555784580576
354533,0.04229176524167651
354549,0.264021927327023
354561,0.2987276001511787
354570,0.04431178976593565
354571,0.08063859581392302
354577,0.10663104085119277
354586,0.0791708392302409
354598,0.07385471702603767
354601,0.03861014868974838
354602,0.029736072920216267
354603,0.03172536046053847
354606,0.03647181765167626
354612,0.012951983190401826
354613,0.017451357151942393
354616,0.1358401855720836
354624,0.0358671713246175
354625,0.3689348702566363
354636,0.03875267701600391
354639,0.10098857641061247
354640,0.031235568765043534
354644,0.08227943661508437
354650,0.028020415782723074
354666,0.07792987119895912
354673,0.13635607644201664
354674,0.025374770255767946
354677,0.05156631247335408
354684,0.04607929112681106
354694,0.15938191429822093
354698,0.03821442859301897
354708,0.025521834645411582
354709,0.045832350844285566
354720,0.055757398628993954
354738,0.06293708052689168
354740,0.051566617280630486
354757,0.024818616566882987
354768,0.05042243968791328
354775,0.11839272020729044
354776,0.03784864758529698
354792,0.08831059850677923
354803,0.08627679027327699
354809,0.028708606536365523
354817,0.016898405374182253
354818,0.01337978979161598
354830,0.016209932764580694
354832,0.10846436466108367
354838,0.0884191288305215
354839,0.0382870894270186
354851,0.043006910140069285
354861,0.046917385800153116
354865,0.1272005297613339
354890,0.10615877712973229
354893,0.1392754726696763
354898,0.10924904364018134
354900,0.07489552566609944
354910,0.18628990493233413
354913,0.04186212284374158
354937,0.03401247846699254
354942,0.029701826161887532
354953,0.012259290318393432
354956,0.03812901089723186
354958,0.03832865552652272
354960,0.07962399852237229
354984,0.127544927188202
354993,0.030958186635699297
355017,0.13073947434244415
355025,0.08088276206222474
355026,0.11052775924180108
355041,0.07205815142751276
355043,0.023720632286985455
355048,0.02822151277316962
355057,0.08225826535218586
355071,0.11310301683783744
355075,0.09992174467214979
355081,0.029534772194329196
355083,0.15497426794741503
355090,0.03244407371195435
355105,0.1391997700336523
355107,0.01536025329250748
355108,0.1579950148634899
355109,0.11468914391001556
355114,0.04862335762442263
355117,0.19007802071990562
355127,0.011874613755686048
355148,0.03184850470076161
355174,0.13844302174694523
355180,0.052284212978482306
355181,0.03142333976797304
355184,0.1706191706201921
355201,0.02611088564133865
355207,0.039970327604128
355209,0.048091095702857294
355217,0.034535753602895035
355218,0.021396908520115502
355237,0.024814483343454416
355239,0.026634564590467775
355241,0.10727425250975406
355243,0.26762640974019797
355250,0.15766234545243188
355275,0.02321406495312886
355282,0.05755056580481507
355284,0.020858160189193342
355287,0.09946644356035675
355293,0.10073074587040856
355296,0.045080726834952276
355305,0.06391879505398412
355312,0.0811350268697826
355320,0.08998334341671618
355327,0.04749148397433299
355328,0.02039858206412092
355333,0.05549744683281977
355335,0.07349436104623654
355336,0.08340796094349595
355337,0.14059669196138488
355338,0.11016370645634954
355341,0.043593977391083914
355355,0.15114294938872763
355358,0.07043322899860126
355360,0.2778036403136443
355372,0.0785594697817911
355382,0.023879105891749363
355385,0.06646172034320547
355393,0.27133335036671247
355404,0.014601880946025842
355408,0.0512890105850217
355417,0.023381347746949836
355418,0.035507393699225974
355431,0.01681469416040974
355434,0.030208137525619107
355445,0.06791232327961061
355502,0.02854420244549764
355503,0.10819897977759424
355511,0.07842037513460053
355517,0.14608616591591153
355519,0.14270880778871867
355524,0.07936251488825523
355536,0.05062968665458774
355549,0.015971612147226213
355550,0.057976696862453964
355560,0.08730087674259379
355569,0.010753277020140343
355571,0.02054620088404253
355572,0.04326939500182106
355575,0.055627250817988236
355578,0.11178595009354624
355584,0.09917249242586564
355588,0.047335418072880144
355592,0.18235542724414477
355604,0.022376863638675713
355638,0.0864319246922833
355646,0.07146159644558608
355649,0.03576733278034797
355656,0.01587949265189149
355657,0.022978361437892995
355666,0.023885619257901315
355681,0.14979163560734585
355697,0.08978217449040952
355700,0.058288959631396416
355701,0.06575551824378567
355703,0.05229926511432655
355704,0.24129183609620924
355708,0.013447793951062319
355736,0.05058637077933262
355743,0.10846212415530587
355769,0.028609964115380325
355773,0.09392406260279729
355781,0.057817549971220475
355785,0.050888286474516084
355786,0.23782480694174546
355798,0.027096374260706095
355817,0.17756290817430598
355819,0.03274196777360761
355826,0.030718484335913638
355842,0.16071736352463434
355846,0.1163435381998063
355855,0.029449414317965553
355870,0.025132636733449308
355873,0.009392541527709429
355874,0.41841233836749675
355876,0.11037966024363888
355877,0.019418500632183
355880,0.027138670156760157
355920,0.05580245037284747
355922,0.01877074698222203
355930,0.032439422665815267
355935,0.027456662386006025
355942,0.09444504159039524
355963,0.052962306672161306
355971,0.05804667576586265
355973,0.020629939433132228
355980,0.0697580574228889
355981,0.03807323875889726
355984,0.07093511833154248
355987,0.2088767205886593
355996,0.1596885343099837
355997,0.007411563928557327
356013,0.03469737075089284
356016,0.041706608484009366
356025,0.049020402347849254
356027,0.01120448286103998
356035,0.02438132712240649
356036,0.10569324776514123
356038,0.0693477393668493
356041,0.017121356722454562
356057,0.03577069412399245
356063,0.04651367370730085
356077,0.01209844827826009
356080,0.10123697096215396
356086,0.021948340229462703
356102,0.022358177644924225
356106,0.06636160378138573
356118,0.06094448707044951
356140,0.02348711547103246
356150,0.19960688894196954
356153,0.04679913478892692
356159,0.06796328297192257
356163,0.11427806943802446
356164,0.03553965660704444
356168,0.12017739832656837
356169,0.024306419531668344
356170,0.04337442211926812
356199,0.04182235850938551
356211,0.02475228453958391
356220,0.03227917877186906
356246,0.05280582753990493
356249,0.030354582228158802
356255,0.13363825046025923
356258,0.08095180275270518
356262,0.19636211279988644
356273,0.0053192121500583315
356279,0.24571034712051562
356281,0.011108245431371214
356308,0.09414742571912335
356324,0.08736823819796743
356327,0.056647737925766724
356328,0.006239590792583032
356331,0.036662090769325015
356336,0.05287572457885901
356345,0.028856076800969875
356382,0.05089405958870544
356395,0.0720578588605629
356399,0.06844856354145695
356400,0.027282733957026545
356413,0.03763877001919816
356414,0.06342811047976435
356418,0.04742677331337494
356427,0.027496160721914412
356433,0.016771768879179205
356439,0.017193692775940593
356444,0.034504483042047195
356475,0.09371347204767518
356480,0.09641946584558309
356482,0.14327489688884942
356497,0.01051538459321328
356512,0.04359655168144978
356517,0.19691891669246625
356536,0.05193898679569703
356539,0.0347134777606241
356551,0.07104430609618256
356556,0.15486172781080412
356558,0.23656561320841513
356559,0.012190615996192082
356563,0.03491140062579025
356578,0.08430491136472323
356583,0.14774849910664625
356584,0.2053278785585223
356592,0.04964307880546369
356594,0.026754192041671065
356596,0.029990795918613655
356597,0.010255310790497409
356598,0.055560143939522924
356602,0.03162355566290697
356609,0.07430687044288485
356624,0.05077548751668855
356626,0.04085764824607715
356627,0.017896349537441975
356641,0.08833400546371972
356648,0.08822496837412801
356649,0.09107935565153606
356650,0.023791841500732536
356651,0.017113518918594663
356659,0.018306759898997035
356676,0.06870185174959631
356687,0.18330322658541648
356689,0.04183583605752084
356698,0.016528900813525003
356726,0.034227935843979186
356732,0.03806603629416385
356741,0.2914838326251527
356742,0.010521670691449938
356746,0.021171169598944165
356750,0.09531500734198461
356754,0.06954667553155261
356760,0.018576194045886125
356762,0.024461468066378195
356763,0.05923483400757994
356777,0.06292581605295287
356784,0.07941492832057195
356795,0.16557599324890193
356801,0.02012392729196188
356802,0.021359135313681228
356808,0.016409639418858066
356813,0.08314033211582118
356816,0.08568346098089363
356818,0.17900018113632454
356825,0.11593690818990536
356828,0.06976200164549742
356836,0.055128557865245405
356854,0.05262684744736922
356857,0.038847998529912546
356865,0.03507627190387393
356873,0.032777642508200824
356879,0.020777510533150106
356880,0.05328343814653218
356885,0.11108923204771892
356889,0.021620940750387126
356903,0.03734883835335423
356905,0.02493981183121411
356913,0.06646587858496412
356916,0.05249659720978783
356939,0.048728394866145316
356944,0.0940949272295849
356952,0.1377708427393496
356958,0.07633529229540893
356963,0.03159759131650548
356967,0.00905574959050345
356970,0.03155158277471439
356977,0.0205582936781738
356980,0.0819786371894689
356981,0.05447743000803528
356983,0.11202175309163023
356998,0.34377085627088466
357005,0.03312276388003647
357022,0.07872475577143347
357032,0.10106725053304311
357033,0.10683453664364026
357035,0.01922178259884115
357047,0.13681954082380965
357054,0.017811629949532976
357057,0.12773194599266893
357069,0.08644079201092467
357096,0.12657509320288776
357102,0.16913041085816793
357118,0.03852122765290407
357124,0.045766593998639304
357137,0.04571362334449097
357138,0.08257119919971295
357149,0.03614387017826175
357151,0.040621392799744416
357157,0.041037192757220814
357158,0.19428399796930204
357162,0.02675990325895474
357163,0.035598404105806655
357171,0.021507086299135565
357175,0.022950991862787998
357192,0.014405691896209168
357200,0.054662087439907275
357204,0.043230751361556526
357206,0.04381993579170866
357215,0.09583812846232545
357221,0.03679633024951214
357228,0.017056135984204697
357247,0.03310525022900925
357249,0.04186327417029163
357268,0.03301676643812699
357270,0.036359559185406794
357279,0.07771103119038913
357287,0.040530461531627815
357293,0.028625379915213488
357306,0.021197852059303093
357308,0.1805163442356059
357321,0.05260162082046843
357326,0.13371851374249946
357340,0.010144756836292847
357342,0.13132358193275048
357352,0.02006026744694342
357361,0.042249276652628356
357368,0.03427103312527861
357370,0.039981454608601405
357377,0.03608295155765049
357382,0.00894754925055333
357383,0.016425054553551588
357384,0.04528601281961836
357398,0.036027815557379744
357415,0.01620349765189975
357420,0.12421403968588636
357439,0.05856821422826861
357440,0.01358291122303408
357458,0.01188785208314689
357464,0.1414769347314595
357467,0.02036124533078541
357469,0.20684524865816675
357472,0.08970504201391272
357489,0.09750107665816934
357504,0.1757775333122545
357522,0.12945903547613347
357527,0.029964826104298757
357547,0.09108696781053671
357550,0.06387778961159661
357558,0.03306569134310383
357559,0.1398428873317372
357562,0.0328690017918295
357572,0.03292954296130557
357583,0.31085586679182453
357585,0.35279383877814235
357598,0.03692512497439071
357607,0.03955909681531959
357613,0.03126872700620048
357627,0.039029645096811026
357630,0.0348408468775814
357631,0.3242710540284632
357680,0.005833922557854741
357694,0.02563898542514158
357698,0.14016551122790202
357699,0.03257963376005714
357707,0.015888500672846844
357732,0.033387440424103944
357748,0.16006517710233575
357755,0.23258748123826078
357767,0.10124518293982508
357786,0.03439238920726472
357791,0.04919692925560683
357799,0.01743282389461482
357824,0.029532511049682943
357830,0.014622816938849316
357832,0.08224203126515588
357840,0.11748918297500854
357863,0.05045332665769445
357865,0.02554432613049855
357868,0.1908678837212131
357869,0.012396380667076417
357878,0.08713821274444385
357886,0.11642190745667175
357891,0.03417268226121255
357897,0.02716636592394738
357915,0.20823410423950853
357927,0.025938484839172504
357947,0.027534792063817776
357958,0.02660678604948375
357959,0.018393057756313936
357976,0.021310811657026515
357992,0.2524608082987853
357995,0.01868601665892883
357996,0.03583767469215749
358020,0.06999705036057027
358022,0.23215826721627014
358023,0.029511574740069463
358029,0.01716730369056303
358040,0.051099868778864466
358059,0.021878271456655135
358071,0.027916854665697315
358076,0.06597712919474585
358095,0.025944567118445103
358096,0.0555487954467467
358104,0.026572326704617323
358110,0.06892810720393305
358122,0.155790388633008
358137,0.020680053035919237
358147,0.08157831228953688
358149,0.042227534624539126
358155,0.12026703586027296
358161,0.0975114918294461
358163,0.051842796091142895
358172,0.14843051283096814
358178,0.0553810425701764
358183,0.12905880168160322
358186,0.024790096551506585
358189,0.060260449007045566
358198,0.05297282632854071
358211,0.13955257286439468
358219,0.024272052093838748
358220,0.09539153560293415
358225,0.1518565683575584
358231,0.02001997200290767
358233,0.016296606195595795
358247,0.17931391997344515
358258,0.13293879076049256
358264,0.06936171271667219
358271,0.32083703851100964
358273,0.04529349789676204
358275,0.05429858353845826
358278,0.0526880055766293
358287,0.09526600149189093
358309,0.020063065097556648
358327,0.037733645748517106
358342,0.030983495806212985
358348,0.040086931875920995
358352,0.016669675290407804
358373,0.13346475524722867
358384,0.04094751200135621
358394,0.02089606168414147
358405,0.17867632676455897
358409,0.01658407765214314
358412,0.23485667833531887
358424,0.09333723013400436
358427,0.006417044235764675
358434,0.08505283920681556
358444,0.10271513894017939
358448,0.040773876208307545
358449,0.04772605499183352
358458,0.01696362747634478
358472,0.04570672429946405
358483,0.05743707061615577
358490,0.06756515075145081
358503,0.013720566918783688
358504,0.047129723510661
358505,0.02360304265434908
358512,0.18046795863099913
358513,0.0477788418544129
358528,0.034572864427622085
358532,0.023926585149479658
358536,0.036442673227708736
358538,0.033740947532619546
358559,0.07433843421965432
358590,0.10681751543319953
358601,0.11824249274550395
358627,0.01698517931747657
358631,0.12069786106748068
358632,0.02910501902718416
358640,0.07564994557404339
358649,0.08623278781154142
358650,0.011021935550438048
358653,0.018429961100540578
358676,0.01143698727055236
358679,0.04329874838685009
358695,0.0548948742433012
358703,0.06804744903673696
358705,0.018756295322588344
358710,0.01306208898202523
358730,0.018120270334560883
358731,0.05493266217983593
358735,0.11766059105761059
358744,0.05289323775850644
358748,0.04258326300680397
358750,0.017606494340151067
358752,0.004156995106617286
358764,0.11647311878622779
358777,0.0350266757390044
358786,0.25129573793496934
358789,0.094287054539336
358805,0.09216286452008526
358809,0.02149986632802987
358810,0.016963409176266587
358824,0.0632923575703483
358829,0.09904057805428451
358838,0.10403055434420705
358840,0.052967133759085655
358841,0.04909795524309546
358854,0.06444228346725761
358873,0.39134546661882963
358879,0.0592385538731169
358884,0.09285535881096092
358885,0.0075765812391824835
358886,0.013536877631647883
358892,0.07383861643337193
358895,0.08729215908488762
358906,0.011190122768876445
358910,0.023527347036047686
358911,0.011956689229690457
358924,0.15884354978361898
358929,0.0508993512097258
358937,0.13829022591397833
358949,0.13766576589559848
358955,0.041830551151596784
358956,0.1750050563614592
358959,0.035359999899605705
358960,0.02799162332853831
358969,0.023661786986786844
358983,0.016698429529959785
358990,0.11880795855125809
358992,0.018727975111723777
358994,0.06422890062225216
359004,0.06001387366989732
359015,0.042454741285715164
359023,0.12033986179689564
359030,0.017463422389011253
359032,0.028636199829966638
359038,0.055128065275836025
359044,0.10240579736220315
359049,0.09381334563457523
359050,0.021322576918360685
359064,0.02227542129248044
359095,0.0315746967411014
359100,0.14318880761748828
359105,0.019297370520451322
359116,0.05665680310941139
359134,0.06717935418233627
359136,0.18558151031115985
359143,0.024794983409283097
359147,0.01541497066674363
359175,0.06973562150304564
359182,0.033842858607752734
359188,0.019754457075498964
359196,0.02505077666065731
359198,0.06675864334343895
359202,0.03638962981530486
359212,0.037807814115546456
359229,0.0620889854255168
359232,0.1045668075599934
359247,0.038065286866069706
359258,0.08230455229768174
359260,0.1811023978580382
359261,0.14222916381997028
359262,0.3020633209157591
359268,0.07274230125881755
359285,0.017748251119533587
359293,0.03545539931755313
359294,0.027362833917317066
359297,0.030025752646974033
359299,0.021748672418912644
359311,0.011556514600734953
359319,0.060252621934750714
359320,0.048659695905900205
359322,0.09465098061216036
359353,0.021920036292439396
359355,0.08255537275805232
359360,0.157230279981417
359367,0.024563065407788975
359369,0.017227411812901168
359372,0.015931538342326766
359377,0.05350255564622003
359381,0.018397289700591304
359382,0.054384520361576934
359387,0.06651750430401848
359389,0.026998461032654814
359392,0.04223415601012554
359437,0.21360505495587376
359438,0.020382227740506277
359440,0.05298235527406028
359442,0.047237317127981376
359455,0.03277880756493015
359474,0.1338095826925896
359475,0.04299620249581822
359480,0.36768598179078743
359485,0.05186985311148544
359493,0.009587963884077094
359497,0.021752731743117218
359505,0.022251013960051125
359506,0.05331614762646081
359516,0.024934230148529885
359518,0.018057889349321475
359523,0.050532398772028614
359547,0.23671721484014982
359548,0.05388145673275983
359556,0.040269970330771045
359577,0.06525908671411289
359580,0.187804049364445
359588,0.040776450553437524
359590,0.019553698140168337
359592,0.05177508020492946
359599,0.01902309960228125
359609,0.12722724563581725
359611,0.028672744998938383
359619,0.06475942301014317
359623,0.2883457201133932
359654,0.045893162964576045
359666,0.0271688827492503
359669,0.0745775737151889
359672,0.021351382797861838
359673,0.4506081120786306
359677,0.016552755467876674
359685,0.07446747124607905
359690,0.046111457679062454
359697,0.05661133849352741
359702,0.008619606594383539
359707,0.1495504128886177
359711,0.04467852198390739
359719,0.060359448158747886
359722,0.051056580911838595
359726,0.19210915852410407
359730,0.03476480231080675
359731,0.08095644457214812
359741,0.14216583938150346
359743,0.1587577674698098
359748,0.013200127711741559
359753,0.018160272530173726
359758,0.5204034499881942
359773,0.029163357133449568
359780,0.04514691691541527
359785,0.029824864760657023
359800,0.021752733511301605
359806,0.1281032473748598
359809,0.11652511208005555
359822,0.03727124526367917
359828,0.19711899125972282
359847,0.06749325986072466
359855,0.041302014806688575
359858,0.03166597277381556
359864,0.0184933087714082
359884,0.0962187674189004
359886,0.04327346896273915
359898,0.17149516692583994
359908,0.2722102302643058
359921,0.3647475656555229
359945,0.0379530436490836
359958,0.003416577396716063
359964,0.06397356897644105
359980,0.03160861156759892
359992,0.0207926552451023
359994,0.10478598003834272
360001,0.0457752667442724
360004,0.034313016712925914
360009,0.14396496814046314
360020,0.05701731344906076
360049,0.4746797369717779
360058,0.023036229455638085
360063,0.039507447511892904
360064,0.012410758649349306
360074,0.02279224162218601
360095,0.055199252365936154
360098,0.019448876479919237
360099,0.0053964901269211345
360100,0.07967509522457517
360103,0.040034053477527226
360106,0.055953673436991286
360107,0.07960755311400822
360124,0.14884103497303974
360126,0.010959391145627257
360138,0.09145298522595713
360140,0.029349590104597072
360141,0.008717964369311638
360149,0.17302465660308536
360152,0.18458536263914876
360165,0.044373720340757004
360171,0.020104929940774043
360176,0.28387882018483224
360183,0.04495166066945699
360186,0.004525040103121346
360189,0.2248653222870753
360191,0.12561463571592535
360199,0.32354550636749724
360204,0.030872280941021905
360205,0.0817747490923113
360217,0.07796523733707457
360225,0.0974923838209465
360231,0.04755673622313639
360238,0.021714060865731695
360248,0.4386071456867526
360249,0.01834328807767298
360254,0.12440982401923781
360256,0.1070874044308719
360257,0.045513279894383446
360258,0.10219749341153553
360277,0.08739141515519785
360279,0.09152396883940905
360280,0.24812837974583427
360281,0.18792858357891215
360283,0.022586426220983693
360290,0.05828165035866152
360312,0.045457885874798036
360316,0.01891803353575397
360320,0.017691344448157544
360324,0.11958080369015245
360333,0.02787144844415672
360339,0.03459891019761647
360347,0.026803323551209887
360359,0.1109472250171705
360360,0.22240467254276863
360367,0.12086619525501244
360372,0.016204619181327522
360382,0.07878454242641089
360386,0.05571448112057503
360400,0.017484007035648723
360411,0.07012844658945493
360412,0.056536913292471805
360415,0.04880259909141771
360419,0.1162582246553217
360421,0.018106068057541714
360427,0.014408785155665387
360429,0.20646802310572834
360438,0.03496133050528375
360439,0.040584561111167525
360445,0.1943114532018403
360454,0.2850191979377996
360458,0.07329155412840342
360467,0.013922647615366414
360469,0.05167528209597771
360471,0.018736074595399794
360472,0.02636103967765158
360475,0.06795220031215506
360478,0.15030891710220706
360479,0.04289388257296878
360480,0.08304104441183961
360484,0.08249221668482484
360496,0.019321195992134547
360504,0.0609403915478885
360517,0.022897047113146794
360518,0.14865752359883772
360526,0.034687657838162717
360530,0.09684838985769859
360535,0.06455203392850097
360538,0.0642891881818647
360539,0.05250889332807802
360545,0.021015201685134606
360569,0.03392129765667248
360579,0.11213422295040965
360580,0.04393500638841086
360611,0.013016249525359104
360612,0.01852135136738828
360626,0.02194424545073244
360628,0.021928914205716295
360631,0.05087924902754262
360633,0.039321972891457876
360640,0.02314472612190622
360643,0.36189343701675236
360645,0.02584269720047976
360663,0.01035069038099485
360666,0.06267722908585972
360678,0.0327729463160531
360683,0.07214342595429246
360707,0.08113427630053278
360715,0.115652779572458
360723,0.1064506117872241
360727,0.01772251233014679
360733,0.14488661118168622
360746,0.008540958574863653
360759,0.016729374999721883
360767,0.05105862291129314
360769,0.027984660624240855
360770,0.02347750430443376
360779,0.04534960752163103
360791,0.074637308854621
360792,0.011633472717364559
360801,0.09978273621234106
360812,0.07418652807979213
360814,0.014515289937313327
360828,0.04107053536856417
360830,0.18886847123945355
360837,0.10358822511760324
360838,0.0830173797822974
360844,0.11854021555672355
360860,0.016867968477710944
360864,0.046799282187483526
360871,0.028961428775638533
360872,0.06831007781568828
360877,0.04685279009722019
360880,0.02655412863298387
360881,0.017655297366361927
360882,0.05541134083406327
360884,0.018854175039134564
360885,0.033591784243484364
360889,0.09852016724970775
360893,0.08968315686139222
360898,0.06081443657578313
360933,0.3878002804280848
360941,0.06717790468147719
360942,0.04014276178962785
360943,0.014744964219245472
360960,0.039890454960820505
360973,0.14044054370883408
360979,0.08173764705327823
360987,0.020126908755917747
360988,0.024748512709615523
360999,0.05486924821410159
361001,0.023190382368581473
361005,0.10217303803003602
361007,0.0503648978815595
361024,0.014235770743461128
361028,0.06206361202575909
361051,0.040594985000984615
361072,0.016468814890699623
361086,0.08158783069499076
361093,0.18853726151522449
361098,0.02880461979949781
361124,0.02654153715304707
361130,0.02459784339667128
361132,0.09481681825451713
361133,0.01338312631604556
361135,0.09691433293862375
361148,0.2714229713504811
361150,0.017910086186430214
361152,0.044741698408660754
361154,0.05453217287901903
361158,0.037725258633220154
361171,0.03843678748611116
361175,0.080945806995028
361177,0.006789664735598028
361195,0.09144951984892655
361200,0.027659046322598232
361203,0.12578142011022084
361205,0.03801384594239073
361214,0.0722668167609681
361217,0.038646349996367804
361226,0.039695736825538924
361232,0.04385989967078904
361236,0.057328283815118564
361249,0.015117039125639197
361251,0.3446041857773084
361252,0.05466258424354099
361284,0.09926738993334315
361289,0.09513891263377372
361297,0.024940350115655652
361304,0.16766044618263973
361311,0.1050729385604309
361334,0.12317969239351954
361339,0.040739668138344225
361340,0.07309341940924992
361348,0.035872531555271016
361352,0.024221493155763232
361354,0.02969313372966345
361355,0.07667894645490128
361370,0.13873841788358562
361390,0.06352230898746392
361392,0.042020934573945075
361397,0.13885249603407518
361402,0.056330928983369666
361405,0.0492961612250226
361406,0.044401551825983834
361426,0.00974239223442637
361431,0.05678843940637027
361440,0.012838079409202513
361451,0.30742078090374375
361469,0.1927077563539685
361473,0.09043092440073822
361497,0.03996131703500079
361511,0.013345161697880342
361515,0.008718002107937946
361525,0.03061837154296483
361540,0.08028594960111893
361557,0.0953769610937279
361560,0.06547693600593163
361565,0.030282502173851155
361569,0.03312031662269632
361570,0.07295424556748736
361578,0.010801553640716223
361580,0.14702812025713222
361585,0.024941364762613806
361589,0.036115589962836606
361591,0.008739653839156349
361599,0.08029797863048999
361603,0.05220124423143527
361605,0.04194704542962775
361606,0.2066164971560984
361615,0.184105479281955
361622,0.039822664276615224
361627,0.021376937605259064
361632,0.10818984221449154
361636,0.017390513579945397
361637,0.061007440518007564
361638,0.07890915229387657
361639,0.02691247305384118
361651,0.023180247813096765
361662,0.14098134208690144
361684,0.026659680390515333
361693,0.053384012156030336
361697,0.13532172480715027
361710,0.018118562512991043
361713,0.08889682119900302
361729,0.15233382570701642
361785,0.011475288960382439
361796,0.06208862806363438
361805,0.08874062451581083
361811,0.056187130485806994
361812,0.060325381009509176
361819,0.1746903582514817
361828,0.026671051181772987
361833,0.014237746522329042
361836,0.05857400282905638
361839,0.0303807843345488
361855,0.016575863115667503
361866,0.07212289006503929
361870,0.036797774084108795
361873,0.04530010103906464
361885,0.08443473091533682
361896,0.050881507465237376
361913,0.02454324287655183
361919,0.0481268867217995
361932,0.14752387837410696
361933,0.0813257395854179
361935,0.11863907087681491
361939,0.0385709133339546
361946,0.020607962202214024
361947,0.02949410105335619
361949,0.06378613187614313
361951,0.08510626826445583
361962,0.09443028998410544
361972,0.0398382617472463
361975,0.06169897203526921
361989,0.0340975356380558
362004,0.0746645363930029
362012,0.013554106958554786
362014,0.09771910342912124
362016,0.00759041107588147
362028,0.08083803109672263
362033,0.01871422133838144
362034,0.15274443471891086
362038,0.017615297369163892
362052,0.11544417988399625
362061,0.023076979614089596
362063,0.06463049358783098
362070,0.057861134756060986
362072,0.0107341999079742
362075,0.03445614684212578
362079,0.050122593620635876
362086,0.012150093136098833
362091,0.0779177035369628
362094,0.09447822931117399
362101,0.00705242687208674
362112,0.02830854938059437
362115,0.24442648158975847
362117,0.048488849403425266
362121,0.2521852483792126
362128,0.06806221697713276
362130,0.02732140440737085
362135,0.09417792759127949
362142,0.03558128076995099
362146,0.0872250260527912
362149,0.07076324619449324
362157,0.04233428323096905
362165,0.02641577617543867
362166,0.043815046213652016
362167,0.029247629342429957
362173,0.03029869954565415
362187,0.04706023242389106
362197,0.05649096843253389
362206,0.03077316423878576
362207,0.02959228390317073
362210,0.03028009150747255
362216,0.08117371622023717
362219,0.17148208210125554
362221,0.09824476249639562
362224,0.042431152931710805
362228,0.03376504247435883
362236,0.03503229276929682
362242,0.04102891114157291
362251,0.045007039049517986
362252,0.04003270394766967
362257,0.04015396727040923
362284,0.028649080880761207
362286,0.04137372798756952
362298,0.07298327709072772
362300,0.06245596375877897
362306,0.05830557280553376
362308,0.24327940909343182
362315,0.025032633320335132
362318,0.05901802829586556
362322,0.01405593422268977
362332,0.0701631415630861
362338,0.06260641799606845
362341,0.13750872240694192
362347,0.2689088915199634
362348,0.05766546768547509
362361,0.21981202802373606
362365,0.06958593875166978
362369,0.12806519415721776
362373,0.018458374861289685
362376,0.0811842825493437
362384,0.02701701110313949
362386,0.036593030805164906
362387,0.01687251491940011
362389,0.038813118626562906
362393,0.03678424953109082
362412,0.016687513951716186
362420,0.06728974067642601
362426,0.15252475329883233
362432,0.021662852314623938
362445,0.20727329937129255
362450,0.018491624083228086
362452,0.15861479206924972
362465,0.03621832174555334
362468,0.15497993185810066
362474,0.055842896237826345
362484,0.01900346567647965
362487,0.09420963195080978
362512,0.027247188128685686
362530,0.019402734170134658
362531,0.08189294692413447
362552,0.026463678892326058
362555,0.04506341126071298
362556,0.07555475712703612
362563,0.1389257167456067
362572,0.027499170413888198
362579,0.026244784065057238
362580,0.15338992870364032
362597,0.10598714298166202
362635,0.012073383179920384
362637,0.08261493896916886
362641,0.06467341023393376
362652,0.05434088859800361
362657,0.02142507537430805
362660,0.02436372173834199
362661,0.056092060413273526
362671,0.020989802528875383
362675,0.05176949966198789
362680,0.041706952307650064
362682,0.024878564886093225
362685,0.08179972948438843
362697,0.017712069720707536
362700,0.21120782373685576
362702,0.029141913573924053
362705,0.17857848825663947
362707,0.0975740391316337
362710,0.039834259048684144
362711,0.1588739542289392
362718,0.11673753682695603
362723,0.038201483482706036
362730,0.024880128838680723
362742,0.24144532495599685
362781,0.03895957416143618
362789,0.19145956357302457
362790,0.03688919382206907
362795,0.01801097248077244
362799,0.03583337681284784
362800,0.08681491069896377
362803,0.03996645977077321
362808,0.05042110189619588
362814,0.04396597044630754
362820,0.021940158194281724
362826,0.03426566757039298
362831,0.05070063818007347
362833,0.06090703635913634
362839,0.15337228899290933
362852,0.038080634997334585
362872,0.06838189433133911
362882,0.0682004397646491
362885,0.17657061706754246
362889,0.047742416779766594
362890,0.07228920368065084
362891,0.15934054406931064
362900,0.1033751380648448
362907,0.047802233110115964
362908,0.029076329955511522
362953,0.029002221550236757
362967,0.08944976814671689
362982,0.012056518115836305
363015,0.016343598792354887
363027,0.05749746553066695
363035,0.058871944240165855
363039,0.0815253285855141
363045,0.04104555275577012
363048,0.18313832075537945
363057,0.2383228972489187
363059,0.044573895220715545
363063,0.08300948632367997
363080,0.047962482828517235
363082,0.10966262680128365
363090,0.15968975672349636
363094,0.039905263377176876
363106,0.020234136825306746
363114,0.24082161313300404
363118,0.2346335449882591
363121,0.0622398409086999
363128,0.049111557820166685
363136,0.03935893021085906
363141,0.03284294305168128
363142,0.03634789522310952
363147,0.010793398503094553
363151,0.028886720786311885
363153,0.03923293550704439
363158,0.004701509585592075
363171,0.016522279282800163
363174,0.0332175274454969
363180,0.020936398095856658
363187,0.02519677003276041
363191,0.07711699097170199
363192,0.01694078885120023
363196,0.027785787027992184
363199,0.05082078522087384
363209,0.028356175081591696
363210,0.057635081623612104
363212,0.07821940947457579
363227,0.09858159697916757
363231,0.061576634863316874
363232,0.01327658045079131
363243,0.021621238288452752
363253,0.036459718210562854
363285,0.029196144192025514
363299,0.056115145029580274
363310,0.06489215879628835
363311,0.030738076173800213
363316,0.11422365361034287
363322,0.36238396450914767
363329,0.01467322253226693
363331,0.059021308824532395
363334,0.0540563104711147
363339,0.010302035414502763
363340,0.3842366737724063
363341,0.020993517477121526
363343,0.30034602393898263
363347,0.025664834657214315
363350,0.022998952112491117
363377,0.10804721461918261
363379,0.08790314061860657
363382,0.040593126270520065
363386,0.08182619527789864
363387,0.021408185134194888
363388,0.010968308760784463
363391,0.012363522537624657
363394,0.03713608031710878
363397,0.03962119818514083
363405,0.11329827463784439
363422,0.015150203519120282
363427,0.056452826757476884
363455,0.07065074027044163
363467,0.07025411035572832
363493,0.09452337998820501
363508,0.056092034372858646
363514,0.3829131412440494
363525,0.06344828210001488
363530,0.12040884930672174
363531,0.014336050517896234
363538,0.02042683920395321
363539,0.011039172430014406
363542,0.030345763715214108
363543,0.044843134827374564
363551,0.39305512167054
363568,0.022049878345956703
363576,0.05661086573431169
363580,0.2378586464773516
363582,0.02595929048570982
363598,0.027197584377398644
363601,0.035073477798886726
363611,0.047764611262216705
363612,0.03477661486310826
363618,0.018400680296429654
363623,0.06043392182784152
363624,0.11103343380205116
363642,0.042828678155525796
363645,0.2177271767328851
363651,0.2433091951357038
363657,0.03514484029758601
363663,0.13914873276074605
363667,0.026465395239847297
363687,0.06300329986704187
363704,0.02093058260409408
363705,0.08061551172613494
363717,0.026325206323885953
363725,0.029075266985576238
363728,0.005247451098504722
363733,0.04405938403518252
363744,0.07276760679913069
363745,0.027132978292734013
363756,0.057500976355569174
363759,0.1295434132838246
363760,0.07251336425243188
363762,0.019517729975736642
363768,0.03385659972623509
363777,0.09528827390593705
363782,0.015007881143346653
363785,0.024271689299319225
363797,0.07930324024264032
363815,0.01400945638559917
363822,0.019521452706158793
363834,0.10991050592630705
363842,0.08713724656616714
363845,0.6068033666680394
363846,0.054658927304465754
363849,0.04794280860803333
363850,0.04576183467246217
363853,0.021638590294440603
363859,0.04990998183044755
363860,0.03504642876077188
363877,0.03199773899301285
363881,0.04103469020573471
363893,0.02045438172615035
363902,0.143331621499775
363903,0.06272891173862245
363916,0.06625830164904159
363924,0.10136191540944178
363940,0.06852233244174195
363944,0.044476067845992145
363955,0.13834735265425013
363960,0.02153003200546722
363984,0.013749329401255853
363990,0.051858493736890963
364009,0.09792729162688496
364014,0.16110426183821333
364035,0.017550923835140776
364043,0.013376053764933511
364065,0.009659458662623237
364067,0.014205425196679
364068,0.09545624358543144
364072,0.17805752467890756
364079,0.08051288894296971
364094,0.10427866892949456
364096,0.024886118632226926
364105,0.08724999163294922
364109,0.03145785454564404
364122,0.1916015136908592
364141,0.05931814919333151
364146,0.20909955587905665
364147,0.07490313253975146
364151,0.052895052344394095
364152,0.006640566836959287
364156,0.027215600443112005
364160,0.07161444506074273
364171,0.014478114733840603
364183,0.018059686885342024
364199,0.023215532268718943
364206,0.024928070847267607
364220,0.044209378641911476
364222,0.022188266485168973
364224,0.11544777600305019
364232,0.03286314761237553
364248,0.0479654420715343
364251,0.02724937025428177
364274,0.03851830190427052
364286,0.0645996959897279
364289,0.008322003021513626
364290,0.0326062397576205
364291,0.02216449472198894
364292,0.024882642638862796
364308,0.030171675733165808
364310,0.07825341922663098
364311,0.15768449328973216
364312,0.24274562863071114
364314,0.10969830324923249
364337,0.021137582596974444
364339,0.14194523654564317
364357,0.43109157150667415
364359,0.07970900787795916
364371,0.052732513482584814
364374,0.1765659905080485
364378,0.10492419919444
364382,0.12988274739167918
364397,0.05456700607725869
364401,0.0396441703181223
364403,0.012520806815305199
364411,0.10099669075845642
364413,0.10503707692624119
364414,0.022302345228698842
364415,0.027647088705083693
364418,0.022690847681668933
364428,0.03789783339731731
364430,0.011420228688922236
364436,0.2597463378787418
364451,0.02565892778564867
364457,0.02802567795840149
364461,0.0304718572169827
364471,0.12630065031740423
364472,0.08327359745866758
364481,0.32403687933383485
364482,0.023935286354462883
364484,0.20629013362281196
364492,0.09395041313497043
364494,0.03364081019148348
364507,0.0550620237315613
364508,0.18201502837845834
364537,0.06391357497030976
364538,0.07173750802707181
364539,0.36311743179306144
364547,0.24448736487069433
364561,0.1201133337633913
364586,0.1582421330241588
364603,0.027286242236219907
364622,0.020488023810171826
364660,0.018185947096119284
364662,0.03261032148280349
364669,0.21243725312822412
364698,0.048700676386409215
364699,0.022440370624401976
364700,0.0282319348726569
364702,0.05648917174200882
364710,0.1845142535692751
364714,0.04663228567736103
364731,0.04897251663455342
364738,0.011983159437442981
364739,0.028483072503958786
364743,0.024192270226294554
364762,0.17177530303447391
364767,0.09109707261806718
364775,0.014554134342427208
364781,0.05991191275729992
364783,0.03933473887033333
364796,0.014375004722439353
364810,0.034931276397732476
364815,0.21542491393623353
364823,0.028627064584486946
364826,0.02734053888307358
364837,0.055240734968474384
364839,0.18930321653598564
364844,0.04561628047031015
364851,0.0678165600971424
364853,0.09067026651919455
364854,0.07849193301165903
364858,0.029569845247952635
364872,0.06678864231672951
364875,0.0768351331545259
364877,0.05658106518265586
364878,0.017019415969196657
364884,0.008361972215331333
364907,0.12043966240753534
364911,0.12710771136937188
364916,0.09274461717442598
364920,0.04302839055095229
364927,0.046539883983234394
364944,0.22298792400524312
364948,0.1571907924062081
364950,0.10101563628906228
364953,0.012485448837232602
364955,0.09747340579857128
364959,0.0392171772736814
364966,0.056760970611278314
364971,0.04178660056164652
364979,0.10597358605429208
364980,0.019466067633843964
364982,0.1163756140893782
364984,0.032500460450328644
364993,0.016065444710710468
365001,0.011340872206223578
365030,0.06102279363666813
365035,0.06377864518970928
365044,0.016581892167722198
365046,0.022923696606935447
365050,0.02488110601425572
365051,0.09041884358677223
365054,0.08610048808803994
365055,0.040045810808455706
365064,0.09493102371596468
365069,0.17283684645623348
365092,0.026326560357135233
365102,0.16920588083718474
365109,0.03173594807779988
365110,0.11625594738972475
365117,0.016276761472491942
365120,0.08450842210382678
365128,0.1648167109232645
365131,0.20159833139066963
365136,0.06157760726135655
365151,0.06553236426785124
365153,0.10841082790578159
365154,0.024162853540001375
365160,0.024686799433530256
365166,0.048835541857416155
365171,0.03582563960838052
365181,0.07863188317015526
365194,0.11523324009579719
365210,0.04528065668701116
365221,0.05203977576970595
365234,0.020088286909649308
365252,0.05757071694289524
365254,0.17382325105963906
365264,0.0411816236084356
365276,0.015038213132362869
365282,0.018497380709894273
365284,0.10975591642669388
365290,0.008556351950004462
365317,0.03661202072754386
365329,0.1084639164005314
365353,0.02162298484009858
365356,0.07760886753827495
365358,0.03911121254228757
365374,0.14800985677825135
365392,0.05601684394226786
365396,0.035205215555447415
365408,0.0758109083163432
365412,0.013206098860545397
365429,0.029221245393772435
365431,0.1093974492570297
365435,0.17806240669204346
365439,0.0495658707282364
365473,0.09804273869705064
365476,0.06438830162302915
365486,0.03727817363818117
365497,0.027546314131839313
365518,0.15063344018997885
365519,0.09370710236164259
365520,0.20997107187640318
365523,0.03920852194161967
365531,0.04010593388411298
365532,0.013492465661138195
365534,0.02176933803655186
365544,0.22352523169153232
365552,0.050890266428786385
365564,0.027276430751527886
365569,0.030145369430056416
365570,0.07010352549380101
365575,0.503000991875176
365576,0.04839115527091575
365585,0.08220222345144068
365595,0.03937422808228431
365612,0.041451939996665604
365613,0.17379244939255223
365624,0.03257468805653528
365631,0.05518986592950186
365634,0.035479272273405624
365643,0.026023157404079122
365644,0.16457257406903603
365663,0.06439459648939123
365666,0.051423632796046295
365672,0.06297260769576829
365676,0.16327512581379142
365680,0.016323931792309444
365696,0.03363551484686892
365699,0.1140910837543579
365706,0.011556384399818709
365707,0.054722465286055
365711,0.05383984768128851
365716,0.016272219925173827
365717,0.021322004310179596
365718,0.00913449822703066
365757,0.04794439590714933
365770,0.07689883210244243
365776,0.03438713505259149
365781,0.16160833210031822
365784,0.009261838010966174
365787,0.027663112435831493
365805,0.0880127440164161
365820,0.0055644587702358556
365831,0.07130211185347468
365836,0.0907319399237619
365837,0.12555456884086277
365859,0.571033782088632
365861,0.019885221305933447
365863,0.04208661608004052
365872,0.08693145870164268
365877,0.030848760623196723
365882,0.07911003504559014
365893,0.16284593378475476
365894,0.1029958373732908
365900,0.05337400969589383
365910,0.014227048490044289
365913,0.03801143284461994
365916,0.02888518169724331
365923,0.08300378154155083
365946,0.2413382140651929
365948,0.09479388071386453
365951,0.04947689144588244
365965,0.07202848463640446
365966,0.07172912698696439
365975,0.04898448176404331
365979,0.45518488070096497
365989,0.08159863114326914
365991,0.21419626704734
365992,0.022918895309020186
366001,0.09445859136262902
366010,0.1414935953721839
366013,0.16523712873746021
366028,0.04118805384533765
366036,0.026076980958073284
366038,0.05034131604542198
366044,0.01650914981423722
366048,0.1710174036908596
366060,0.025315243291478533
366067,0.10954619992123504
366071,0.1820015640091088
366078,0.03664465590443845
366081,0.038877150759746536
366082,0.1069076653764311
366093,0.18682159295665135
366099,0.02133218278629108
366103,0.025220759421769906
366105,0.04783063221837331
366111,0.08528940436439127
366112,0.05121067566832857
366125,0.03304839424369517
366144,0.1105780691067684
366147,0.02887230137134383
366149,0.29770254982371486
366166,0.021334354836442804
366168,0.23223484762005522
366173,0.06430138886373521
366178,0.0340038285947796
366180,0.08381901043414873
366209,0.009534106400421717
366213,0.1014529832972556
366214,0.15090758223815737
366215,0.023896669788085138
366220,0.026816272734666986
366226,0.031614405498299185
366230,0.2542072625777994
366236,0.26092231859793574
366245,0.028891286518727785
366282,0.23690400288141347
366286,0.04489787464022024
366295,0.031612256637369045
366296,0.032259701308453737
366297,0.23270945171289964
366300,0.047213883261069935
366303,0.02602169579282346
366307,0.21458723737119706
366314,0.08136521239827771
366320,0.028750369767795207
366321,0.019266527101872453
366327,0.011381897511272897
366330,0.055692533922664864
366332,0.18097861908680007
366334,0.009733912952625837
366341,0.03270416754578847
366363,0.02351769012359025
366367,0.12145274102831283
366369,0.1237776712295319
366382,0.027510501070611586
366394,0.11887675824580382
366396,0.01590453495291245
366398,0.06737576980556108
366406,0.16411577931116175
366414,0.013538766874105376
366417,0.054392404228408325
366419,0.04933874590226392
366422,0.07631553379611451
366436,0.013276332859421761
366442,0.2572520612314985
366451,0.16374320522826544
366455,0.053737427044369075
366458,0.0653272333352594
366460,0.03609155036652343
366466,0.04269329728290434
366473,0.089496039423787
366502,0.02541995059012534
366505,0.3753212242395977
366526,0.1823356820251711
366530,0.1685338901503553
366532,0.012369764707965006
366539,0.016101295213878736
366541,0.11508664383558409
366542,0.05311731341571223
366553,0.020796435787406142
366571,0.0532153164151947
366582,0.010408201284745117
366583,0.179047534181801
366589,0.1357099495249539
366595,0.19765941147583937
366606,0.04287976976657691
366611,0.048490155392005505
366613,0.14254018541231558
366615,0.0757513479449316
366616,0.12758759618746401
366624,0.10142948268422503
366632,0.016112475629581718
366649,0.010144015898106158
366650,0.10295161677573214
366657,0.02908480722432625
366664,0.05088573945891726
366666,0.02046951596175798
366674,0.1568192147878044
366676,0.03303084874355829
366677,0.027630782515499757
366688,0.03678043326803185
366689,0.06621215662304815
366693,0.02711026054886375
366696,0.06263990308141316
366698,0.05662623850395761
366700,0.022187406951166222
366703,0.2048850092294187
366709,0.05746800598851587
366711,0.016503315107075964
366725,0.03366790838052276
366741,0.03085322822187712
366742,0.010898703511316051
366747,0.016710030832171978
366750,0.028524766537064747
366754,0.037877506819123274
366762,0.023672945956252273
366774,0.05723754330247734
366781,0.016268899992562313
366784,0.03527157824330537
366789,0.030649588004843152
366790,0.12397796597856792
366797,0.04772507924312858
366806,0.027818140872518375
366820,0.013941918573975871
366845,0.17037663306805578
366858,0.08634601972807472
366860,0.03074518792329244
366874,0.03912855076939792
366876,0.11663560881715432
366879,0.01376451075510967
366884,0.0475614783232443
366886,0.02385625974072599
366905,0.20736869777967332
366908,0.05127281775380513
366909,0.27854061250124307
366917,0.06858377684986151
366921,0.11897528876643898
366927,0.030498792748563704
366936,0.03616997481965768
366952,0.06492162144102905
366962,0.18388824057729358
366964,0.1264748857057906
366965,0.031361181262172244
366981,0.03535110158375822
366988,0.02794808286777232
366992,0.038730151264719355
366998,0.09858166535383908
366999,0.036042264200211664
367017,0.021547585330050363
367023,0.07775116122155473
367024,0.03693882491582799
367025,0.13417039705644443
367037,0.033886633054321255
367040,0.21132863028992183
367043,0.045574084280760596
367052,0.01916296087228368
367056,0.027696192662121272
367064,0.057625389423126415
367075,0.03898133281117873
367089,0.03522728578058735
367098,0.029499634840906272
367119,0.044181631718230766
367124,0.0841158512543368
367134,0.13742988167775783
367136,0.049970110545179955
367138,0.03287729829858633
367153,0.07823434701630527
367158,0.10160359922949747
367169,0.03829692850604152
367179,0.028020126082858456
367180,0.026385557865663448
367212,0.06780300689966098
367216,0.24833603636249407
367217,0.017802588929379252
367220,0.008276754308420868
367224,0.04591946767948993
367241,0.03813984909375955
367245,0.0793370081070986
367256,0.11891575226209516
367266,0.01383751316668171
367283,0.02270917396847498
367290,0.049694600846567086
367295,0.037565010662178676
367310,0.03623410480426658
367315,0.17695380237154845
367322,0.10870926198160612
367332,0.015754654239540145
367338,0.13349731637943937
367347,0.12702546535469925
367381,0.11103673229793651
367383,0.05029358254449593
367386,0.051233296987707094
367392,0.01725977070279293
367399,0.307162627842136
367411,0.01988917217931732
367414,0.013634906178250004
367436,0.028755501837769017
367439,0.04751061313960302
367440,0.10247711498100483
367465,0.1672787157272747
367466,0.15374892142997384
367478,0.1475207046396666
367479,0.13242990245932085
367481,0.025335885438537438
367505,0.0889133424953893
367515,0.054448406346883416
367516,0.0700535302488327
367526,0.14706421386236038
367527,0.08862850691089691
367533,0.1938571823803248
367535,0.16722948621004305
367545,0.20596090553788388
367546,0.022526367468005452
367547,0.06003621600918449
367555,0.06488811658423385
367557,0.054621406712122594
367558,0.1381023290424766
367573,0.027178997307788187
367580,0.3038492551246336
367581,0.013280405234128575
367582,0.14219962845410108
367588,0.039707683545856846
367601,0.028795728977917937
367617,0.05315643380116841
367624,0.05144660573789685
367626,0.08118803793170024
367632,0.12218178285304697
367651,0.026180396095068104
367663,0.014439261446579213
367674,0.020002194844281923
367677,0.25288571185931275
367678,0.025294407423221525
367691,0.02894689589593264
367698,0.02570515282114187
367710,0.018355936360538398
367712,0.04420552781261736
367727,0.11661545367838176
367739,0.12649403194608205
367740,0.0500369224001566
367746,0.031113290698850053
367759,0.03131001631444092
367770,0.24260724097133501
367780,0.03536809755412101
367783,0.11183530107416001
367787,0.037396180806069546
367791,0.29096260106326505
367797,0.03884017478106569
367799,0.031320913353247194
367811,0.009205971742627377
367817,0.023954554578866468
367827,0.061506784007584164
367829,0.12960710388524202
367830,0.1546819001099476
367837,0.13527449156032062
367843,0.00977761259271605
367847,0.04231633086343821
367849,0.10486125057177356
367854,0.01911329543762284
367855,0.03186309148924313
367862,0.03931504991769703
367863,0.08920646702738726
367868,0.038479220569961795
367873,0.22231309144338857
367879,0.04846005918635522
367889,0.17841170500703102
367890,0.13114808804723763
367892,0.011839135035208295
367893,0.026330827838579905
367895,0.057425603808431286
367896,0.011095704168634032
367898,0.020360822945351714
367903,0.020293378023224614
367906,0.07097038825120805
367919,0.016244713963166336
367927,0.027168579208837938
367931,0.12595277701191612
367935,0.0829740163680462
367945,0.026770284473315413
367947,0.2604940509022194
367952,0.09423255583494208
367958,0.06019118572614962
367971,0.036322489528470794
367975,0.2825221604248125
367983,0.15671416666754537
367994,0.055163006439906265
367998,0.03550522602083237
367999,0.0093555844132727
368005,0.03858406530946931
368029,0.10628296175883145
368034,0.019523091582776885
368036,0.15013548799763185
368041,0.009796570933994405
368064,0.012650657320435939
368066,0.010662758479204917
368079,0.06550460192588932
368082,0.010363439673908677
368090,0.09463208435595495
368092,0.054423219333564817
368097,0.015574322001051012
368107,0.15295115253342062
368127,0.10658010786137456
368129,0.1565181019763231
368134,0.14495414345427504
368150,0.06992854662675306
368166,0.13829261096106873
368172,0.018248957840771244
368179,0.007177808896195981
368185,0.11547250752900845
368193,0.02606786217284124
368207,0.07726410907343542
368251,0.05693292935457736
368253,0.08322350147479311
368256,0.1312289061739753
368257,0.04105563232703422
368263,0.024356761212435865
368271,0.11705729980715296
368273,0.025184277840092167
368279,0.031046118507575424
368281,0.27327134433833244
368282,0.06979786060682552
368288,0.11270065665399653
368303,0.021318559578839505
368315,0.053298047978447054
368323,0.010767741903895397
368324,0.012449081210668185
368326,0.03974405359658458
368334,0.029325211056352874
368337,0.025936985174731707
368351,0.045003217527495296
368353,0.2686554700448033
368358,0.12023824171045937
368389,0.020361906076945803
368392,0.22461277027735183
368393,0.03886011816976361
368415,0.054827698066936534
368424,0.05805141720644728
368436,0.015161350867323708
368448,0.023337910937838092
368456,0.02496872123263369
368457,0.009308712482048905
368465,0.07455058702684644
368484,0.052461328893252744
368485,0.280984314322204
368487,0.04295047099828332
368489,0.02515537774172635
368493,0.050691533988037885
368509,0.06095320293153597
368513,0.07911192598263397
368523,0.10516357888747044
368530,0.01880825666787344
368539,0.05708573883411512
368543,0.2570691727534182
368544,0.032895877046347534
368557,0.09734753506485462
368561,0.02444303192655116
368577,0.045812583439299163
368579,0.020088936896089284
368580,0.136682016300977
368583,0.022797181747635283
368589,0.011973929233759742
368594,0.02361678436200404
368598,0.011614559075101992
368621,0.05621323428724948
368622,0.1562081582570738
368627,0.009111377842425397
368628,0.04350447104963494
368633,0.19402127140192302
368638,0.11387067141079081
368645,0.12331710814705649
368646,0.20975006122241074
368652,0.06382275591106368
368659,0.03355701460283249
368672,0.18800116693002483
368679,0.036273677085175114
368683,0.1560346997267797
368697,0.028768900649057745
368702,0.26373844137190294
368707,0.03738612197762423
368715,0.2355386536937818
368740,0.019679942924915157
368754,0.019144592628878274
368765,0.04939967630013911
368770,0.07846306466254904
368777,0.1610923976131337
368780,0.1877530079699115
368782,0.14896322381928212
368784,0.12185766211442225
368790,0.14547011863533568
368792,0.013680951883694573
368793,0.03494705375372923
368811,0.020813488034262452
368816,0.05428352468775545
368819,0.08954278103805068
368843,0.021670157757124615
368853,0.012165819940745726
368857,0.0650836445078794
368858,0.14292710173087192
368887,0.05174350684348609
368898,0.019929473152335703
368909,0.08259973628062302
368919,0.007693301723805402
368930,0.07356942588357765
368944,0.06463066797768438
368949,0.04858281863710305
368953,0.04585159438889359
368956,0.05618706781038993
368959,0.05819204613500017
368968,0.06699826201822806
368971,0.06863399924036725
368974,0.03241380099274735
368975,0.030772071914250555
368983,0.01440646088730902
368991,0.050476531979657964
368994,0.022982419375708545
369001,0.23046542249761998
369004,0.052276030876643016
369016,0.00976860717203615
369030,0.02021612090197733
369047,0.025129663209377023
369055,0.12225903903912763
369067,0.028885806853449228
369068,0.1884198069435401
369096,0.23062256071591528
369103,0.07060782975974696
369105,0.11966499573873862
369107,0.2582695052263308
369109,0.06851112799257342
369130,0.029596242766059308
369133,0.015471993103906196
369144,0.02858416680021488
369150,0.011602417400342676
369152,0.1149546944514411
369156,0.03424037905054155
369180,0.027625346078356976
369183,0.07141788106957753
369184,0.43319669678104616
369186,0.09692317132466291
369187,0.03799987794588275
369200,0.019368265272260467
369201,0.031127327063783385
369220,0.056035858199047356
369223,0.023964391940517006
369233,0.017561013317760072
369240,0.08542486754072381
369254,0.0436151467152352
369264,0.12509388678373196
369266,0.11758314124591392
369272,0.09949388009967076
369283,0.028265754590146783
369295,0.06280826590472406
369300,0.0078105899969412
369302,0.00860664382945198
369305,0.09567818647842352
369322,0.021911978464264674
369334,0.17772275543986849
369350,0.013955834791677703
369355,0.0679708442133511
369361,0.04375839140933631
369367,0.018929280676782328
369371,0.021463849149037623
369373,0.13755414391369944
369375,0.11146421708146288
369385,0.017712512910102018
369394,0.058670844683259796
369398,0.04592724986134093
369408,0.04691385815688237
369413,0.09848321821025992
369419,0.1275480253929814
369424,0.08181110256240287
369439,0.031044695574541113
369466,0.12330836558829268
369482,0.03362652135470584
369494,0.042775839971760196
369504,0.009094244852431592
369512,0.1887842031727353
369528,0.05230692111096352
369531,0.030354303553923486
369540,0.048291617699112874
369547,0.011580070909867526
369565,0.017294414840717483
369569,0.02837978338076109
369581,0.09811351721889841
369583,0.0663212061401045
369593,0.07449894017644638
369601,0.07163793121937115
369608,0.03375296134707052
369612,0.22745334667816697
369615,0.12009747458139852
369621,0.09783772019302603
369636,0.012645316720653638
369648,0.14518318918056627
369649,0.408174818133384
369651,0.02417828210697997
369659,0.01443054197045301
369666,0.021469525403759075
369684,0.042545720185560895
369686,0.18205192969607095
369698,0.14345250262947848
369701,0.04188576223887134
369712,0.02137538717286696
369717,0.012175018725203433
369722,0.031003008118037377
369732,0.2911908994569567
369740,0.3739843253427586
369751,0.026198497625296642
369755,0.015159422554394689
369757,0.04124235135049922
369761,0.12711703396686883
369767,0.21889322924952243
369782,0.03412526100985707
369788,0.057828864198388064
369790,0.0511059119792341
369791,0.01432795539395603
369792,0.020909022974806027
369803,0.029210486446310142
369812,0.02261512788601086
369813,0.1336517943393692
369827,0.10105781495911804
369835,0.0750554108257823
369838,0.03501964098107198
369839,0.05674617802597419
369843,0.11002077527542209
369846,0.04999138732544382
369860,0.012549613414248414
369870,0.07278692503766471
369871,0.40940476259081504
369872,0.04021616107632242
369884,0.09656193840865175
369893,0.04699957912315565
369901,0.0489555374109014
369904,0.043043594000160564
369908,0.21373678223207992
369910,0.03630828352555297
369911,0.07339229791562225
369919,0.07082137731895284
369920,0.07938402122998513
369921,0.024715246357669803
369931,0.24742809845287647
369935,0.03231939758518976
369936,0.07468342401975472
369948,0.047865708813888394
369953,0.0495900593862995
369955,0.15755551727016964
369961,0.018049970814954186
369964,0.04452550637324956
369967,0.11254110470097063
369971,0.19516598282883538
369983,0.05172537701514779
369993,0.04363667170148422
369995,0.1733902998320711
370012,0.07496038050118323
370022,0.06980276100732305
370023,0.038204068335909606
370027,0.06985736570808804
370030,0.07350884340559018
370033,0.12275639440097513
370037,0.1666305880799766
370051,0.006995421168924865
370055,0.030878717038266845
370077,0.037972119290645895
370088,0.027168981619225284
370091,0.019691657648607464
370114,0.012104474067708785
370117,0.10841618856613114
370120,0.25450535831036275
370122,0.05133103566056225
370128,0.15139490436879277
370135,0.07541261590208612
370144,0.06303945054885818
370146,0.11924805050115828
370148,0.024381304538905028
370150,0.03360955372791948
370155,0.04089872691085231
370164,0.017870390666334886
370179,0.05332778161511488
370188,0.06990988287833187
370190,0.015817914198160563
370199,0.01752817211534158
370203,0.2465130327295486
370213,0.05109061766703389
370216,0.020315710266800565
370219,0.016148798108123693
370220,0.16749804174340696
370224,0.03649068360615651
370230,0.02324259852548133
370254,0.12207914659293487
370255,0.015998504732036022
370265,0.18705765115842296
370273,0.013248864836278105
370288,0.0336366001706636
370295,0.15693712783348304
370297,0.07744370368775086
370319,0.09905847843433455
370323,0.011676771483275556
370329,0.04703485644064334
370330,0.02642991219505661
370333,0.11628939738717566
370346,0.09887552927420508
370354,0.16790070139113428
370355,0.01609089638229002
370358,0.17160752941315682
370362,0.008224163970281445
370373,0.021757401280888634
370376,0.015180386540096735
370379,0.011579303935284935
370380,0.011752077112462053
370386,0.024497920151981
370392,0.00975181174317134
370411,0.018583601746757716
370416,0.009659639232238278
370432,0.024219311885744086
370439,0.04349053914794461
370440,0.022039620380414893
370445,0.03330461309951866
370446,0.009592623670335407
370455,0.0705793703800807
370473,0.04536023984513601
370474,0.028058652516113752
370475,0.018898776416654557
370482,0.2840587171265558
370489,0.03597698762180314
370512,0.020587293940463006
370518,0.10678177408356164
370522,0.05171120553342477
370533,0.02298857985413681
370538,0.09382196609310818
370551,0.017970705732540403
370552,0.10518422538812953
370556,0.07052103080988856
370566,0.0185599427101543
370568,0.10604890090473101
370573,0.07695803244901309
370575,0.05521066028799995
370578,0.019548189072412868
370582,0.03665261806282073
370596,0.01916048782733459
370597,0.04375953525111356
370599,0.032363730808267606
370602,0.06839136696807177
370609,0.041869809938406166
370632,0.03214357895128757
370634,0.27705210402728303
370646,0.03451079315214134
370666,0.2741912129619487
370670,0.007610024233339554
370672,0.011597563290816602
370675,0.027276053533810664
370676,0.18318224010096987
370682,0.02408816661547052
370685,0.018832172541956044
370697,0.012135847405171051
370699,0.0350697639101031
370701,0.02400149075970988
370711,0.24634967133417388
370719,0.13903022752791236
370728,0.03229484255217691
370731,0.13553255441905426
370735,0.025891910121328944
370749,0.12979493133081063
370753,0.049158312551134675
370757,0.0799814368113476
370763,0.14107419873999058
370770,0.162238853444105
370779,0.10228738339892335
370794,0.026140387504312988
370805,0.02399843057255406
370806,0.02767065985686564
370808,0.035944663993521725
370814,0.036738908777112514
370827,0.21376669361696632
370833,0.08985188825978094
370844,0.09702408437184246
370845,0.020736089714438813
370850,0.10351065553685423
370853,0.03636456596950595
370856,0.030720580335478354
370858,0.06562695411029572
370862,0.0887021634022452
370866,0.25901102552238037
370874,0.16407269416837172
370876,0.011627510475901699
370878,0.14836785350229847
370881,0.028230355648310522
370882,0.16504764159976953
370884,0.09235443162081064
370887,0.06509806558421982
370904,0.23690903751509118
370905,0.04008955004996153
370913,0.08752354265807538
370915,0.08904539332041497
370921,0.24860388953123996
370922,0.03233338929787427
370932,0.06691197087605857
370939,0.07761238173584702
370953,0.022365439626719864
370964,0.04004508493898624
370968,0.0216879872618047
370969,0.03701690806799079
370972,0.030915305575285556
370978,0.025003017522135594
371000,0.04958192532063547
371001,0.2119852493134281
371013,0.028470045188431978
371053,0.07213622260006897
371059,0.06925026365822437
371060,0.02383468543702013
371065,0.04413979656825988
371069,0.04305028052599906
371073,0.20504355648584008
371084,0.23831175196651624
371085,0.03271525609131852
371088,0.07411576676815307
371099,0.030718622612615272
371115,0.011027434423891154
371118,0.2540421823296241
371127,0.14967351651545213
371132,0.2262453508012346
371136,0.04775445548761369
371139,0.13700563680369587
371152,0.0950383553229118
371161,0.03392391327743802
371162,0.06088371629229411
371174,0.03939673525138446
371176,0.10640651975019147
371182,0.015379536491092315
371185,0.07878201943318794
371193,0.040207500556466304
371197,0.043593801449559974
371198,0.024882755478373954
371202,0.036566583620797365
371207,0.12897914946429903
371211,0.1459352525083407
371242,0.019155960185562836
371243,0.06968774242895269
371244,0.05937540582656603
371255,0.13646188368663004
371258,0.0217152906480872
371259,0.15137609517641717
371265,0.025641678045277616
371274,0.10630376769058103
371275,0.19898149040091961
371288,0.015421738803956881
371291,0.21727252225500546
371295,0.12452989025460237
371314,0.06798886080487547
371322,0.08482292573438982
371323,0.03347484240484695
371328,0.11780483293445583
371332,0.06864956911571081
371333,0.1443860089751351
371335,0.00946229848420449
371342,0.022211150665413442
371350,0.05856483762758699
371357,0.11700143087595996
371365,0.012106443150906764
371383,0.35919655895810304
371384,0.06659383433011094
371385,0.09873932293350916
371393,0.16720963673038997
371394,0.06047672481206194
371397,0.03933764783307684
371417,0.0908718408010523
371431,0.05039518826738282
371433,0.07990694697464171
371437,0.007423064370529262
371439,0.29277825709902683
371445,0.04268937204844278
371452,0.10079281555941125
371457,0.07336272471741487
371469,0.05895875081268523
371470,0.04655102884095526
371477,0.02975280505774521
371500,0.027032010182619644
371504,0.08988831185427154
371508,0.0798429723537574
371514,0.033227262735067355
371518,0.1140287780240028
371520,0.02274384009333278
371521,0.07841366134106705
371522,0.042120369097058165
371525,0.024489452197882428
371530,0.0738874819570537
371532,0.01595598647431389
371548,0.16223460731146008
371561,0.017767669253469155
371566,0.24292238062975813
371568,0.07518254615378553
371571,0.045312898081826515
371573,0.044167551613919866
371577,0.10787368949685416
371587,0.1353170887829975
371592,0.1846526234877915
371593,0.31323955675280685
371595,0.04473190975154673
371603,0.03340973236703999
371614,0.03339782056933099
371616,0.019123440631917808
371619,0.0900649181202706
371627,0.34606261339165856
371641,0.10185364617868944
371657,0.030726443925450313
371664,0.0272845663821532
371693,0.03666447147379417
371698,0.022160746522467335
371700,0.03933728743004771
371707,0.015992034892638753
371710,0.032808863467334866
371715,0.06552361400756364
371722,0.035538419960251345
371731,0.02450399815896024
371741,0.025484727587926533
371744,0.12399706863883758
371753,0.04448369407822458
371755,0.018967549416787938
371760,0.037203971329978526
371773,0.08670918341232206
371797,0.017956356332797997
371807,0.2725157722764451
371809,0.018671494765226053
371811,0.021857990678075524
371815,0.07812844026223227
371822,0.06988284630438224
371824,0.16820368273588693
371828,0.04598325196928897
371835,0.012332814310762354
371837,0.021286128534655724
371840,0.13909154270650612
371849,0.024672019606194178
371857,0.008481259988500372
371860,0.18173270097466154
371862,0.034410041715926175
371875,0.06168012422685499
371896,0.19821934852367923
371898,0.06413798541133145
371901,0.31010156478024575
371903,0.016679854365987155
371908,0.028415158759087716
371910,0.033440466673171375
371944,0.056605371720019254
371947,0.049595939625484836
371955,0.07814157605669814
371963,0.09279444179804396
371972,0.043735691334618375
371973,0.04129661927460966
371978,0.03993388646580393
371980,0.018622866799538392
371988,0.019905233740184457
372020,0.0758781621732131
372043,0.16188770412735826
372060,0.17065689435022766
372070,0.015433052444153487
372082,0.02891490357410746
372085,0.06730170448526132
372090,0.11974625927152563
372091,0.24867415370843876
372112,0.03556340495793558
372115,0.0479071277548964
372132,0.02560672410902468
372134,0.3349568544456659
372136,0.045231673151165455
372142,0.06288970943583956
372145,0.12702488372798657
372146,0.07903455777268782
372159,0.015391295128638226
372172,0.02597988545727693
372179,0.14609457512767643
372183,0.034089295999823806
372184,0.011078305912815277
372192,0.005327618942208784
372234,0.041220741964773044
372239,0.1751481292735827
372244,0.017378474110155327
372268,0.05929557561493959
372287,0.04798116418133386
372289,0.11827747620282024
372292,0.010870407128729762
372301,0.03569631096205744
372315,0.055034848171765044
372316,0.3367585955354931
372328,0.09775152654382491
372337,0.013075704274348933
372347,0.21511754887560391
372350,0.30481880150173163
372381,0.025687414765168948
372382,0.1439526436951712
372384,0.06130926806616446
372393,0.0429746667123187
372398,0.16334909165465078
372399,0.0348621928001777
372400,0.034487487272914445
372402,0.0115660186294879
372410,0.046266269470855416
372415,0.07159629121305909
372425,0.03171004665378027
372428,0.04218078846928909
372430,0.04900485927184509
372431,0.03144220584579474
372449,0.0303512858418771
372452,0.05018676007800238
372453,0.025650618589033114
372460,0.11166420514384177
372463,0.3116653584593259
372471,0.11056190519770134
372484,0.07345615726754254
372486,0.09755295950704332
372489,0.07056895800748077
372506,0.17081736623420218
372513,0.01622922229613034
372527,0.2288804000550541
372568,0.16425999209780773
372596,0.019745047436354853
372606,0.009763805140815127
372617,0.033935691576435875
372618,0.05815428082257387
372622,0.06436859666367545
372624,0.07169641748805823
372633,0.06009014479734612
372637,0.05292753509648097
372643,0.05620364032746372
372644,0.020853270690139807
372656,0.06362427720233021
372662,0.018514524059537647
372664,0.046317454473412935
372666,0.017238416191417357
372672,0.13714090486457
372674,0.03240698261895461
372693,0.10376580187792665
372704,0.024064530855075962
372719,0.05209062243163305
372727,0.03105523261296486
372740,0.06210226653706309
372745,0.03273524278151095
372753,0.052299812095347877
372762,0.019744015612796914
372764,0.08136906820090485
372771,0.14898291189691334
372772,0.12340850481273694
372789,0.10951029168295304
372793,0.06364794429324908
372799,0.03018069920870237
372806,0.26362039084549677
372809,0.06923691894014536
372829,0.09889205746813517
372848,0.013454389879863617
372850,0.04111740117761234
372853,0.07904020986713936
372854,0.031665987052002284
372858,0.06495811392438058
372861,0.03668405941335257
372863,0.06800810364927777
372876,0.07469999002552662
372878,0.021584208791282623
372893,0.20708672116464905
372894,0.03316455984889358
372911,0.04353279557415718
372912,0.08126742841598456
372924,0.23695130801966435
372942,0.13998175704857807
372946,0.31579627552427925
372955,0.081929131183222
372956,0.038540067482866466
372957,0.12025151956041549
372984,0.08371920632210461
372993,0.05911608858452178
372995,0.3457989515930403
372997,0.05349184616262258
373014,0.05840909456538773
373018,0.1560554260296891
373022,0.0736767493494851
373023,0.018021001646425252
373029,0.047177427203162065
373063,0.011456096576742377
373071,0.10800547249866756
373075,0.16573462284773752
373088,0.031382212746497745
373089,0.03783011802527884
373098,0.08423876573823874
373101,0.08248172118619247
373112,0.03204600671270204
373114,0.04307065326184024
373118,0.18474526425996823
373120,0.22455413934700455
373121,0.020772278134155782
373122,0.02831105819616959
373138,0.1268154544601723
373145,0.03203893082173842
373153,0.03358859961068942
373154,0.10681595879149516
373155,0.0350780337800447
373159,0.16968382214995353
373167,0.07039230580223407
373190,0.04029336319091953
373195,0.06250932416489953
373202,0.03814000859533408
373205,0.13997711362824808
373209,0.030012810373399857
373215,0.05237263166056094
373222,0.11106654055800488
373239,0.03620250584647796
373240,0.09310309257828722
373247,0.056147244340821856
373251,0.0678382386990599
373260,0.012023056981863591
373284,0.03190904003979569
373286,0.026825505681433024
373292,0.0919085221082386
373297,0.010625008619678265
373299,0.2805566940986767
373305,0.13832183831427575
373307,0.059001123813653064
373323,0.013259658975578585
373327,0.04481313228505626
373328,0.03299512973055706
373363,0.05939735487397198
373390,0.03216434604854438
373396,0.008661107900218535
373407,0.049375410314245666
373413,0.07875463626810492
373437,0.1260203179529804
373445,0.021533539999240184
373448,0.027549247777232912
373458,0.04540518600349282
373464,0.02390224629141397
373472,0.18896074679236596
373474,0.039715951929262056
373475,0.03362696465460795
373480,0.01765121494520291
373484,0.15988222584391112
373491,0.0928760137898913
373493,0.09085808321211165
373504,0.025024633160987908
373537,0.06485526212927865
373542,0.1265553456299054
373545,0.024985958782272888
373554,0.06839491588424201
373559,0.2470107331697801
373560,0.024972093338270284
373562,0.04226654285173255
373565,0.09119801607349451
373573,0.08553076465304232
373577,0.05911615487077028
373591,0.13916823122700547
373592,0.08369229632045724
373596,0.026945160690632672
373598,0.19451080996128628
373600,0.02665339709983216
373605,0.017252406715907925
373607,0.01916785525416334
373616,0.05207102095170664
373618,0.03732190455645019
373624,0.008700915938538088
373630,0.06359924756533038
373631,0.053387757069995406
373634,0.04293914068271636
373646,0.05162953072673618
373651,0.09580851072867418
373669,0.2522876761374439
373682,0.03182158444443711
373716,0.09350387568911456
373751,0.3004829724388989
373756,0.16171130169248069
373757,0.011620040822642928
373767,0.03285268194572529
373778,0.038652257484445424
373780,0.015481221548636896
373781,0.1152616511590624
373796,0.10082961643207207
373801,0.031446007332652404
373805,0.07383221074428296
373811,0.026323875410468225
373815,0.025944650054568877
373820,0.0921465986269356
373833,0.008776059609788353
373839,0.04656736018062918
373841,0.02614263782520663
373871,0.05253307230837312
373875,0.20530170098531442
373893,0.04883852050607107
373894,0.25213003978571286
373898,0.04815788735100351
373899,0.37127140464038877
373908,0.1903018896033912
373909,0.03537687124264226
373911,0.02246512888329987
373918,0.026142572008207583
373927,0.021014995331543714
373938,0.11230703733085537
373943,0.09796175590088875
373946,0.02412955880447723
373948,0.06119595475500622
373953,0.1476875633616073
373956,0.08713363381667819
373984,0.01727701479469326
373985,0.06803828290131678
373986,0.17020758868034797
374002,0.05236851874549428
374014,0.011097855809705034
374015,0.09596246311436954
374024,0.034365125664866665
374029,0.10470311138864208
374034,0.016101109116234198
374039,0.015923823460071623
374042,0.13277052536145156
374048,0.07728284323207128
374051,0.06849465436579492
374054,0.014539868080486008
374055,0.10765319606557971
374061,0.03928835256321028
374075,0.07228356579611005
374087,0.014648203964394514
374101,0.1115579114700383
374103,0.04108637398895653
374114,0.09126440630962707
374116,0.16681953042890046
374119,0.06280230449391871
374121,0.11784032500134926
374133,0.04120005998135305
374134,0.016427069479396685
374140,0.01844399862963924
374141,0.18693662842391232
374145,0.12335472937795644
374155,0.022168357586964234
374163,0.05020461564467474
374169,0.19726807165526156
374173,0.06338540707943832
374188,0.06582788994728846
374199,0.017038712231788586
374200,0.050506495383222556
374207,0.07797785258084801
374225,0.08269818032752398
374226,0.017721314515132196
374227,0.05450356725186299
374249,0.05964245863764882
374254,0.11535880618072658
374284,0.014450484243266035
374293,0.04551965035044558
374296,0.05229335042160684
374297,0.05513423755665672
374298,0.04705085221457407
374307,0.024331038167011036
374320,0.07791455332431184
374322,0.079653497826157
374324,0.00823876437277958
374328,0.05737730602654982
374334,0.04547719168586572
374341,0.021698114994217584
374343,0.10525957568147803
374346,0.010182013019973419
374359,0.2921801054776599
374374,0.10453818018902719
374381,0.15019684724921045
374400,0.019217703753968536
374405,0.03571186074254202
374409,0.06398120060674277
374420,0.11843764704719126
374442,0.11188980477754068
374443,0.04925832481257766
374445,0.13071893896851602
374447,0.18188870232251428
374452,0.05722781753430027
374458,0.02633716969190223
374485,0.02805663980666792
374487,0.020005459781556646
374496,0.018868097977660307
374503,0.0586108382953969
374518,0.0531264698259395
374519,0.027358145191240635
374532,0.02355071303018756
374534,0.017868137021134232
374536,0.02437812597297223
374546,0.008236403274227828
374559,0.008113630263350415
374568,0.11330778670073291
374573,0.041663216380026014
374582,0.008269581056274882
374585,0.016836820906620295
374598,0.008438334781908856
374606,0.08024313914833649
374612,0.03012503112925376
374617,0.02189458949227828
374619,0.02076272797178131
374626,0.04341223049420361
374646,0.04589386259074322
374653,0.04323278993006704
374656,0.04018291061689453
374664,0.0665902830558675
374666,0.07863415231056793
374677,0.10402686452430805
374679,0.08609330477275116
374682,0.062347718316683384
374700,0.08122718388899965
374703,0.09885085253724143
374705,0.1328480519966588
374720,0.0936781718882557
374724,0.08124864171199893
374731,0.020242828668648637
374732,0.05004099709199328
374734,0.07974795340982803
374759,0.06871614447767606
374770,0.048147848049607214
374774,0.03022592851536761
374777,0.2965877967076894
374788,0.028200724882759494
374796,0.10792426806432315
374799,0.07473437680361816
374813,0.17027532580753663
374819,0.016582038599064947
374826,0.2868099564925336
374827,0.055108748777834435
374832,0.059372511276610335
374837,0.01245249972341641
374844,0.17264301263980575
374848,0.1879903347270575
374853,0.12100295165012952
374854,0.026194219188357164
374856,0.018113571193851867
374864,0.18682337962698137
374868,0.013866702225998595
374888,0.04098324363275982
374891,0.03484421433637672
374892,0.01813590128489205
374896,0.025207288647155476
374909,0.08314898051628147
374911,0.024851010177596215
374912,0.05883026721840866
374913,0.20399622792550243
374916,0.02609417561233158
374917,0.03253531085394346
374923,0.05086708583505278
374933,0.1746469272357443
374935,0.06781287071976091
374940,0.02905874660566341
374941,0.022098115630176773
374943,0.01875429253022251
374951,0.13648412344389524
374967,0.11175977783569975
374970,0.10332025299165652
374990,0.10483394238282862
374993,0.07971630424665496
374994,0.10932637263519968
375015,0.01660153631213449
375017,0.1659315535867741
375018,0.045386985472196495
375021,0.04102906737619165
375023,0.040463596474401654
375030,0.25247043782762774
375038,0.016741768895104158
375040,0.05332976253665449
375041,0.1173160783223865
375052,0.014119918388576517
375061,0.13731386360428388
375064,0.0218016741393673
375076,0.05975764011261926
375086,0.2329842899534798
375109,0.08153989827401396
375118,0.06770491378278966
375133,0.016291684064240544
375140,0.11321328200867585
375156,0.07138186971402626
375168,0.055774211400383536
375170,0.08039071730476785
375182,0.027592444889923788
375187,0.1844894726430408
375188,0.04660564151002099
375197,0.04453082659478361
375201,0.01609873103240199
375204,0.08413454435782548
375216,0.12938183712514925
375225,0.008718683375667013
375231,0.008668358200515749
375234,0.005982973674868797
375241,0.0491820500100338
375242,0.15551669139543883
375244,0.027944860203220904
375246,0.04176206640094508
375257,0.04909439797589307
375290,0.023691671810066452
375292,0.0387049692990784
375293,0.09313433187591913
375295,0.05210675770195519
375296,0.024847773296860956
375300,0.06363935235145474
375322,0.09611129155601081
375332,0.04527355652406619
375338,0.05001726732138956
375342,0.01581945532867618
375365,0.02043607777306085
375367,0.08684402214879866
375384,0.08936460215474278
375418,0.019774734467541726
375464,0.13353183793230466
375477,0.05437758579729826
375485,0.08734741315619962
375496,0.02322318173197751
375534,0.0493894386788446
375544,0.061118701493213155
375556,0.08680361865697189
375588,0.03033812433731434
375589,0.012858083810443857
375594,0.08556766955034568
375629,0.05289713954237135
375649,0.0892239119958336
375654,0.24896847652581433
375696,0.05860948857534304
375758,0.02099968068885262
375795,0.4796239909733895
375843,0.023209146786924872
375844,0.027372111514752894
375853,0.1424053022372642
375878,0.03629823544363562
375879,0.07837605516411864
375883,0.06153394327275101
375887,0.14301462308581225
375929,0.05784593663426829
375934,0.05626530512370347
375936,0.06693329943171322
375937,0.027583606384244008
375948,0.15211391193501916
375951,0.03697838269687548
375953,0.07190450875908128
375964,0.08579093945339097
375969,0.009473200115978643
375970,0.04290574998761082
375973,0.41951713072705676
375976,0.08619542081102538
375997,0.0511428062581641
376000,0.02823672361509852
376011,0.11060039193544202
376019,0.02482469353788888
376035,0.05201920152976011
376036,0.15674112639609067
376041,0.052121431601495224
376042,0.0645701762565518
376045,0.02568621386221292
376047,0.09622007475997689
376060,0.012227173288858507
376061,0.07716987275850964
376067,0.052167251223051644
376068,0.20681648016348503
376070,0.04654424699579991
376074,0.018090523761952092
376075,0.06871420107901564
376076,0.04625803721035319
376078,0.0419214065855318
376080,0.054084580957935044
376081,0.0317393537803758
376082,0.05020131453035877
376083,0.11646665628419783
376084,0.05351085783039264
376086,0.029834624478514954
376087,0.015446989662761623
376088,0.028157584156053822
376089,0.054540044941632185
376090,0.0626087866990316
376091,0.08799726994536883
376092,0.04888512992224857
376093,0.05881973449292596
376094,0.13454288113611676
376095,0.21772869467441905
376096,0.14559226856837157
376097,0.04992970993109766
376098,0.16709386203148802
376206,0.012356331215854112
376209,0.06747665965264577
376225,0.033709047424406946
376239,0.016307648756858518
376247,0.09421770786010962
376248,0.02446157797986674
376252,0.03831624898944331
376257,0.07080674099304535
376273,0.03222081381271477
376274,0.05751679922093427
376275,0.00838385718025822
376279,0.06591457295234039
376283,0.04233267435235953
376284,0.034829500281966734
376288,0.0286188346472875
376289,0.05436319346425755
376292,0.0341436406898063
376298,0.17959322350812468
376301,0.026212509789407375
376311,0.03772959024117256
376312,0.20264191734401948
376313,0.0624824667521384
376316,0.02479718814172446
376317,0.03764847256485715
376319,0.05153921069375701
376320,0.07425169886808342
376321,0.0988935229129138
376322,0.041771415713719735
376325,0.1621534081664364
376326,0.07633671829719382
376328,0.02395930529619869
376329,0.1389546366709286
376330,0.04403731050011123
376332,0.024957846686962826
376334,0.06800541127098472
376335,0.07255993392661857
376336,0.12430721369682693
376337,0.1353729386828632
376338,0.17421031564170117
376339,0.03035918934301427
376340,0.046668460372518455
376341,0.16001927415190698
376343,0.05228076114458812
376344,0.038577736777208715
376345,0.01901969155272371
376346,0.17920263622978436
376347,0.1414663041122573
376348,0.1269668130312642
376349,0.12061866702024318
376350,0.021233524429052734
376351,0.0444741347672518
376352,0.024469340528568452
376353,0.020155791380024095
376354,0.04018448556141059
376355,0.021558502818649638
376356,0.07089827627614163
376357,0.00978505315818986
376360,0.035258883281203204
376445,0.08619878313125853
376447,0.027136409682677113
376449,0.017047227689709957
376470,0.010554287774614785
376483,0.06535538409580699
376484,0.043686184833560446
376486,0.05642187631116649
376487,0.027192815259465326
376488,0.0776869978844697
376491,0.14259485048374354
376492,0.02558532162651342
376494,0.20404527833395542
376495,0.16537287972422154
376496,0.08105134629558673
376497,0.30122906634577407
376498,0.008306329161365063
376502,0.06722797769864067
376503,0.1292787466960703
376504,0.06697695819633048
376506,0.021324332542953912
376509,0.08079240670943488
376515,0.037767296488707525
376517,0.04151934554269711
376518,0.17399175597326613
376519,0.2423030452299578
376520,0.06663534900397568
376521,0.04935869330152053
376522,0.0442359879842019
376523,0.02267494032454495
376524,0.0722458003487512
376527,0.10836949730710684
376530,0.07830190351759601
376531,0.05715283575419509
376532,0.16736119806679106
376533,0.09159512540896164
376534,0.09849967823063646
376535,0.04201744535471792
376537,0.1096793788385114
376538,0.044436762391354204
376539,0.035694669629147344
376546,0.05805013281253917
376594,0.05719743580826653
376595,0.09650093081522973
376614,0.041489077005598805
376616,0.022447923439890008
376617,0.01883294549127667
376618,0.15598000315112415
376619,0.04718462587404787
376620,0.04582729592409436
376627,0.08431910747325845
376630,0.015396059077222406
376631,0.11094353656942696
376632,0.015992836983324342
376633,0.07241158056523464
376635,0.046697984077377686
376636,0.1238377433000556
376637,0.020801542656893064
376639,0.33746081941427275
376640,0.02594498877642233
376642,0.02048845332679835
376643,0.03996334888030832
376644,0.02500301842075915
376645,0.0373735367650642
376646,0.09123645785009085
376648,0.10232893528177014
376650,0.011616546138182053
376651,0.025564358139288534
376652,0.10008914985925052
376732,0.03854054357301854
376733,0.0472727157111596
376734,0.08923913515509346
376756,0.031096485904166145
376804,0.01745319899518982
376856,0.14549633920522528
376869,0.05198367869358682
376893,0.04934083555731705
377045,0.053185661750962274
377088,0.03706613024586831
377137,0.14628695260517477
377138,0.018919586574255135
377159,0.025134287863239645
377176,0.07807090769320044
377201,0.036631966441984666
377226,0.1254726590659466
377335,0.01628324606920237
377358,0.2556799778324156
377362,0.021648622596483542
377363,0.014034186453468388
377389,0.10305947167598173
377426,0.13915536274479728
377427,0.04245400665465786
377429,0.03740252178466466
377441,0.032114015685619744
377449,0.061683156814891255
377450,0.2124926940050107
377458,0.03462731342213027
377472,0.09785171031460828
377541,0.38552439212520784
377567,0.04298031282289788
377573,0.014603212333475057
377605,0.09432652758289002
377611,0.10149403143916116
377622,0.04181918211962078
377631,0.03697703623205772
377657,0.014638958254194274
377681,0.052013188754815816
377711,0.019707978645557123
377717,0.08032843920465067
377720,0.11774576168241656
377721,0.12298238978487147
377723,0.07183750380109448
377727,0.04308007428253176
377729,0.039068703336169866
377733,0.01848542172427183
377735,0.036056765775875285
377736,0.020761485734258574
377737,0.05786439253344773
377738,0.03014234460800414
377750,0.22324783022407604
377751,0.04482013902250965
377753,0.06367096721867765
377754,0.0777016867616454
377755,0.09321572609726111
377756,0.07987732918053649
377757,0.3210792264554166
377758,0.06435442396391082
377759,0.013787699959463976
377760,0.013913602708170051
377761,0.23273948822988588
377762,0.026815089966395866
377763,0.014378639671550016
377764,0.07702282601081972
377765,0.1579910084266734
377766,0.17369829489756608
377767,0.014451581512284449
377768,0.01640386085859113
377771,0.028256493478730972
377772,0.012219544206256327
377773,0.08884391916411356
377774,0.04349742710564249
377775,0.15060097557948363
377776,0.031097712346523296
377778,0.04579375401940839
377779,0.03516624637368829
377780,0.011846951132045635
377781,0.031811831673460716
377782,0.015643710699195613
377783,0.014899569746942551
377784,0.0513221197666842
377785,0.04041063381743339
377786,0.04299159069560679
377862,0.06361206741423736
377871,0.08906792332538321
377930,0.02899218787927306
377970,0.026549809279931277
377987,0.018168947543767317
377988,0.06438159267755696
377990,0.03228299583868398
377992,0.13227419080818897
377995,0.03293405681990286
378005,0.018351842593789316
378006,0.011469673604689465
378011,0.06218481189747445
378018,0.026829186576946412
378019,0.054256506771130676
378023,0.02060932285578758
378025,0.03319316349222118
378026,0.04210541458623067
378027,0.01866699642197313
378031,0.03963633621418348
378033,0.026187610101210075
378034,0.04085501677255121
378035,0.019456843381910987
378040,0.07504731622282415
378041,0.13480034152030176
378042,0.02007643625693331
378043,0.15028105710786177
378044,0.0450178769988917
378045,0.07614259046018182
378046,0.04777314925403485
378047,0.018455202574988144
378048,0.019510088776230033
378049,0.03011891784362826
378051,0.055846440021955684
378052,0.04116826932117203
378053,0.04915889990833253
378054,0.17692668553278257
378055,0.050911507021749736
378056,0.050889672127840596
378057,0.02116592681884318
378059,0.18211551479906377
378060,0.026953286134924224
378061,0.19344385319697938
378062,0.09131664501319553
378063,0.039731627008553164
378065,0.04242222863421682
378066,0.2411914265562619
378067,0.0368277390002181
378068,0.009568877037597503
378069,0.09151703890341097
378070,0.04273709447332491
378096,0.021293710638927186
378098,0.13055591544680864
378104,0.08302620116857241
378105,0.1149679620085654
378106,0.033312658607801506
378107,0.09749185720307928
378108,0.04268932433841727
378109,0.03754729617243332
378110,0.06757271243111247
378111,0.10015864955761204
378112,0.06151593479026745
378113,0.08900714393879952
378114,0.07695901032756874
378115,0.06996062650234233
378116,0.08947545702765877
378117,0.08403678226682751
378119,0.04677866910786301
378120,0.04757425264921428
378121,0.07411240900432267
378122,0.0336933150339559
378123,0.10829354808137004
378124,0.023655413579810776
378136,0.049654124728919176
378181,0.03316040778936954
378184,0.11922592965084661
378190,0.06805130236588233
378263,0.0298109975083777
378300,0.03880075974414992
378304,0.3107756192574647
378305,0.11839159773085409
378311,0.03829899110931602
378313,0.03611881345690279
378314,0.08457818194243817
378317,0.0884168833602075
378320,0.08295570609654525
378322,0.04486332904777883
378325,0.03759814975806076
378327,0.2057021255591519
378328,0.1397225373485524
378329,0.04438605973687175
378330,0.01450756280303203
378331,0.05433645910436455
378334,0.012684375085360841
378335,0.03573511917104694
378336,0.009455647646558398
378339,0.026974231086381553
378340,0.0718712202568651
378341,0.06986664401403142
378342,0.19893271653192424
378343,0.018665434475406237
378344,0.0533969670121136
378345,0.18424230661924224
378346,0.011193273836734165
378347,0.25853706482297356
378348,0.07325208266897784
378349,0.4337647349352335
378350,0.22895840930977304
378351,0.07455738176329334
378352,0.02165838376599995
378353,0.03705322058159753
378354,0.0316624966697238
378355,0.062286069262832436
378356,0.15854588883151183
378427,0.07269775452690498
378434,0.23021909082835568
378564,0.017150009921423133
378671,0.07798049889794684
378689,0.01670665748168531
378710,0.4076068882517835
378755,0.04565235296422282
378887,0.011107028167105699
378907,0.16954074312180356
378924,0.012287469195038796
378944,0.12729756929694763
378945,0.08526613399815132
378991,0.02301211739362671
379009,0.04014973984971053
379025,0.052017734332865155
379046,0.06430628757654167
379047,0.07213707009663585
379048,0.1114205768892872
379052,0.05740564149219546
379065,0.022950879318026293
379066,0.0962346541065854
379076,0.038326688816412546
379080,0.12572062061685574
379085,0.16574441094303818
379086,0.07230401560778917
379087,0.21542088939070184
379089,0.021499128908524626
379094,0.038118591425702834
379095,0.1523549346847364
379101,0.019748417375943114
379102,0.06762914645957457
379103,0.04011137406261971
379105,0.09537902095454845
379108,0.033597156838880364
379111,0.07282490850474627
379112,0.08924285579715398
379113,0.25978605404314764
379114,0.06800826517639583
379115,0.03520282889222938
379116,0.04193039553999369
379117,0.03916010306543558
379118,0.03811223323770719
379119,0.5099463017999157
379120,0.10087302022732406
379121,0.01181535474362786
379123,0.08347680049611228
379124,0.05170161621661002
379126,0.0851564162576238
379127,0.010336237247465116
379128,0.028787308440597924
379129,0.07043301814405718
379131,0.14051276543244162
379132,0.16514866951963386
379133,0.2406048757650356
379134,0.10805720733180202
379178,0.011602618712962812
379266,0.011953892925576927
379268,0.062419462362048594
379291,0.027701912860160785
379296,0.016329512899343097
379301,0.07004799672381451
379313,0.02686470547088533
379318,0.18958713739255584
379319,0.1971401569078774
379329,0.058731205717369464
379336,0.16453523694046737
379348,0.057974838870985965
379356,0.046821340128673214
379357,0.0930886643782938
379363,0.2927704542430448
379385,0.35739096726889036
379408,0.022230046387122313
379432,0.08031080317400312
379437,0.03607162545324979
379440,0.031170448805670853
379456,0.03646981067203116
379457,0.037447370407403854
379463,0.14129438378812728
379464,0.043885018106172326
379467,0.12568783310976814
379469,0.06670546403806359
379470,0.016297596414436594
379472,0.10368562580899851
379473,0.05809619189167803
379474,0.028010202139259942
379475,0.05527418053445509
379476,0.09846764994122745
379481,0.1620036229113527
379482,0.06202340226147618
379483,0.06528714079144858
379484,0.05064283348127496
379485,0.6039223892399375
379486,0.04635966234171067
379487,0.026954828470694366
379488,0.01785823226050509
379490,0.048592262391103425
379491,0.040119392314804866
379492,0.0476130977208136
379494,0.008442797591067237
379495,0.03341598087219468
379496,0.035487100888262235
379497,0.0350277939416991
379500,0.11435033221879255
379501,0.09345544376678182
379502,0.08759071013728076
379503,0.049513462055804175
379504,0.02126886043634393
379505,0.09483466456827228
379506,0.014311933646169487
379507,0.009273992275013927
379508,0.09785833243300687
379509,0.10686761946448825
379510,0.07727613363930039
379512,0.01793335455874718
379513,0.06203819740213933
379514,0.5099376553668373
379515,0.06584845232016968
379516,0.031721237786571405
379517,0.10568939568806296
379518,0.10641683716606455
379520,0.20553408414984484
379627,0.09736042690198335
379673,0.1573840331424491
379674,0.018698681832585974
379720,0.0990974035053056
379726,0.04032735878171742
379730,0.012069847345868242
379746,0.04841785462453457
379775,0.03079637891960526
379776,0.010557757134283939
379778,0.24051375841979533
379841,0.0200021182757389
379921,0.048709157283531125
379951,0.05471491477062093
380002,0.10107267922440706
380003,0.13727112602247382
380005,0.051507218169192105
380006,0.0816793453433803
380010,0.04992388793766697
380012,0.06847228655334245
380014,0.25794556675239866
380015,0.16304406084159612
380017,0.06842833075230813
380018,0.11150823607933437
380019,0.014536527625984693
380020,0.01373324678087731
380022,0.021395183135821755
380023,0.12601628796139966
380025,0.046626684928632395
380026,0.06826986534274475
380028,0.10133910997049524
380030,0.05054064493837367
380031,0.052112626698794656
380032,0.028713670082254582
380033,0.020579048838816227
380034,0.045895777422383044
380035,0.015638370799672688
380037,0.027326910457670488
380038,0.1088589560295084
380039,0.272320248202577
380040,0.27443129784204245
380064,0.05444215703626838
380065,0.047047792060748175
380121,0.027441378507243284
380122,0.047011192185101316
380130,0.06256321628748045
380219,0.04621199365836988
380228,0.07799049772187226
380229,0.025804984739032685
380366,0.01001177980949334
380408,0.036890602668552944
380414,0.0377679624231973
380487,0.035566242976303494
380488,0.034174014342140104
380489,0.04166788765974599
380494,0.052837138771482765
380543,0.030946185706445438
380553,0.04204078597328319
380600,0.01818371167826971
380625,0.06397068425328027
380635,0.06299299622463347
380643,0.10023129873018877
380762,0.036366140059256466
380773,0.07963986113331231
380781,0.08220269479395978
380785,0.05095515158438057
380787,0.020733563613972248
380788,0.03321324807923793
380789,0.04270210062622866
380797,0.05164160474295813
380800,0.04720461878187729
380802,0.06677713129351476
380805,0.09935771181305611
380806,0.06970522087711734
380807,0.4565126203619333
380811,0.054614721321643835
380812,0.023024374596134666
380815,0.042089931694034764
380816,0.016801351990614208
380817,0.09460563328006259
380819,0.12372468174210058
380823,0.011932474368045499
380824,0.07281648505654387
380825,0.07340573787054952
380826,0.11302197787920938
380827,0.17487358231043776
380828,0.05405198353990471
380830,0.034371048703949365
380831,0.09451094839456459
380832,0.1480212923464681
380833,0.015698437421239362
380834,0.03289551954608726
380836,0.17776214195876974
380837,0.027440933956476513
380838,0.073564374333048
380839,0.011046647955164478
380840,0.11809029348049789
380841,0.06117340573984077
380879,0.02558148087901127
380901,0.011253742018423375
380928,0.08194587457271509
380956,0.025987666710251864
380979,0.053439872411496246
381037,0.015179727723362858
381047,0.11745995955367564
381074,0.022473073632231028
381104,0.025695606878225613
381121,0.10656363573691058
381130,0.12942914959134866
381133,0.02312608027254421
381139,0.01210136583330396
381141,0.14530852025341814
381142,0.01889831777276331
381145,0.007741713154548303
381152,0.024757424011160482
381153,0.10139931538237795
381154,0.33694022695985415
381156,0.03432543226211561
381160,0.03601715899091685
381164,0.5710325949716093
381168,0.03108479582830965
381171,0.036895913905730104
381173,0.10891974789477374
381174,0.056569021655208176
381176,0.020141075488226513
381178,0.2450400561849088
381179,0.024636610454537612
381182,0.06051016897499792
381185,0.013758785973829374
381187,0.06977583667528583
381189,0.058090735976391666
381190,0.024483765591363844
381191,0.09037708740978939
381192,0.23431358010546433
381193,0.054195244533432364
381194,0.024526896872749206
381195,0.04669229068165112
381198,0.008077205699350389
381199,0.0409171795134294
381200,0.14520181746469032
381201,0.136647515522878
381202,0.020352317108479463
381203,0.6449403272840651
381204,0.17654085715644002
381205,0.026710357558550262
381259,0.020851228062118865
381288,0.050118895344370425
381289,0.06278473361409301
381335,0.027136347740293523
381344,0.027860714983184078
381367,0.05255078872491823
381376,0.013316247429201233
381381,0.10563449256374627
381397,0.015475227901546859
381406,0.057966129047343155
381412,0.05575984536670652
381421,0.1535922842980988
381424,0.030026717388352712
381427,0.06717854320950618
381428,0.260178237410981
381429,0.030523105073069046
381430,0.041088179001071395
381434,0.24254244075054043
381435,0.01838044367161341
381436,0.04272535623554346
381437,0.04115166167674495
381438,0.08768781748806459
381439,0.15406150064502272
381444,0.019968536773038555
381446,0.014067237837168829
381447,0.2979205357842219
381449,0.3895457835395999
381450,0.017176688049943243
381453,0.12424649794864144
381454,0.06668690224894926
381455,0.10335584560999209
381456,0.2658873235537966
381457,0.03616008571032975
381458,0.014368121341536259
381459,0.055955674261949036
381460,0.031663338921845835
381461,0.10657198128457807
381462,0.17457287009461406
381463,0.04201716590417547
381464,0.25373660180546986
381465,0.027437809079805434
381466,0.10672471282245549
381467,0.17521730116386558
381468,0.07819780435457077
381469,0.22119833574627482
381470,0.06202690374535002
381471,0.225720023752222
381472,0.026506324598244868
381473,0.02687253855306184
381475,0.04980015685758242
381476,0.03129240456466504
381477,0.050811298886268945
381478,0.016173204971523955
381479,0.07960936054885012
381480,0.20307574519756566
381481,0.010956915714327237
381482,0.015106659070735683
381483,0.04582209801417685
381495,0.03913663086928638
381545,0.0162948888659443
381580,0.10023501096451765
381657,0.17631239211823257
381674,0.1385607159184441
381691,0.028411183257156983
381697,0.08040129551473923
381704,0.10219865829394181
381711,0.04794606130685346
381721,0.0745325371092424
381728,0.06884976188087916
381729,0.015103954177135686
381734,0.02599085707930343
381735,0.03999664098375379
381736,0.045588374584339175
381740,0.14742781465566568
381742,0.21666012019124697
381743,0.15666174619583412
381744,0.03480165878771392
381747,0.01268582458144471
381748,0.22368185807600832
381749,0.01925199961441304
381750,0.08914323886670769
381751,0.03710725756163884
381752,0.10456395834984387
381753,0.09388516226822893
381754,0.3005535059353898
381755,0.19213750095415155
381756,0.10045071990407638
381757,0.01862206674811977
381758,0.010776573200184554
381759,0.04823045885571996
381760,0.05173649479136043
381761,0.3238687636953345
381762,0.02948869020652177
381763,0.02782966391615302
381764,0.2073372664950629
381765,0.1097979025058334
381766,0.037973129590190474
381767,0.03925210444002706
381768,0.04809697361191698
381769,0.040786210614417964
381770,0.027629584499385566
381772,0.020290110678510387
381774,0.02309359876945311
381777,0.04295225834307237
381861,0.02362965507069642
381974,0.11743883607309756
381991,0.043371354813150687
382024,0.14196098742279478
382051,0.05254292932711817
382066,0.01855061672591558
382067,0.025316613955364213
382068,0.04462726382496006
382107,0.030802459214752328
382108,0.0831069978172513
382111,0.03461052509045887
382113,0.015157812481071328
382114,0.03974533353048525
382120,0.027320259458837336
382121,0.11505179582422212
382122,0.0735059365956738
382124,0.09216713456329365
382126,0.02486245139538389
382131,0.009963085944539133
382132,0.10437903247002878
382135,0.06284654262296918
382136,0.015886205438287997
382137,0.011239381111772043
382138,0.01832376438416805
382140,0.11294915955474519
382141,0.09394718905760852
382142,0.03852970598448609
382143,0.061235361186465234
382144,0.0970681228388092
382145,0.06408729131979632
382146,0.21301715025142653
382147,0.06811412832728299
382149,0.1334949597241702
382150,0.08081407177607161
382152,0.14572451998495192
382153,0.017513346290702333
382164,0.46614419394778855
382180,0.07904838871600067
382239,0.14142122637421883
382275,0.06899782693182575
382297,0.01590581180356737
382391,0.0691218394836235
382392,0.18409382128217944
382396,0.09372471919200537
382424,0.011880246443288296
382471,0.16496960721642592
382493,0.016587023463509987
382496,0.041691556590641415
382504,0.029551344443022095
382505,0.09263514869682132
382513,0.014074576354158482
382517,0.19090975377926112
382521,0.13153136449015373
382528,0.026428172948598082
382530,0.09662926183031259
382544,0.22202524616752453
382603,0.2975127864060639
382604,0.03938169145179987
382642,0.028997166495954876
382666,0.019203494292177596
382699,0.025285398031702433
382737,0.0736644852186987
382792,0.20731300055919552
382796,0.01454575019850421
382807,0.027792539032595938
382813,0.0892847082873468
382817,0.30490844393321026
382818,0.07392740085832974
382826,0.03120014941864698
382845,0.02252753132306777
382846,0.023996720878328492
382850,0.37417635963829377
382851,0.057729768179713044
382856,0.05007936234442001
382858,0.028098787569641542
382859,0.08266794636062916
382862,0.02118545661687414
382863,0.04183233291944988
382865,0.013532077123067237
382866,0.12959126411868185
382868,0.03867535584220288
382870,0.014375272101465733
382871,0.11913069278751359
382872,0.09947028659688623
382873,0.11341775073367791
382874,0.3201304102219296
382875,0.016933239494682718
382876,0.08410366974043128
382877,0.12507298098513803
382878,0.11476680755430063
382879,0.12113843782938621
382880,0.0088271073660304
382882,0.05807390773176649
382883,0.029263330679120285
382884,0.04484969281327015
382885,0.0857056519245607
382886,0.04366730087670016
382887,0.09274743778984468
382989,0.023461896086128545
383009,0.0881073491814727
383039,0.06610442636961143
383068,0.021707961748817107
383072,0.023459667165208718
383093,0.07833803725848046
383099,0.4421217011915277
383167,0.025534108651590334
383168,0.08982350975250242
383170,0.08060330534533058
383171,0.21957057877420522
383174,0.010461425817397906
383175,0.010630600836362475
383176,0.06153533520418317
383178,0.07231334400936179
383181,0.12772309610522822
383182,0.20143079175650186
383184,0.03409732106958214
383186,0.05169228262134208
383187,0.01563146037630036
383189,0.010786086096181558
383190,0.020734871054442366
383191,0.029384027734083905
383192,0.045548107121901174
383194,0.00949257382997727
383195,0.0344305282418179
383196,0.02053921892109816
383197,0.041922035228096746
383198,0.013239301311037548
383199,0.031571202567997135
383200,0.028830016986730985
383201,0.05180089721156045
383202,0.22320018340469117
383203,0.014682284149537313
383204,0.15706633814463786
383205,0.028031966440016313
383206,0.09286266006846544
383207,0.011212127722494265
383208,0.046244693145388774
383279,0.05499292353143983
383335,0.06675170712425546
383384,0.05198162270560532
383394,0.012043598297915292
383400,0.13537102746316285
383401,0.016133227552785782
383409,0.0624835202917938
383410,0.015811782944098327
383412,0.05486970650686639
383414,0.048548391040789694
383419,0.06952320894864074
383422,0.03201648659141793
383425,0.00912818757902283
383426,0.016517519915812334
383427,0.09237211925022396
383428,0.09633851259686767
383429,0.09029161529612023
383430,0.09522919314092296
383431,0.14103786093713794
383433,0.5356366381664055
383434,0.0457764111204755
383435,0.019894427118104963
383436,0.09473130696986892
383437,0.036213983364828964
383438,0.03213439441459609
383439,0.06472932899548788
383440,0.01676141701656024
383441,0.014126474305557727
383442,0.04819567028369644
383443,0.00829874784199978
383444,0.011351686059283505
383445,0.012996981071587546
383446,0.06998426177165584
383447,0.026885315797083836
383448,0.03426342183220792
383449,0.01445909880697124
383450,0.08853047998991045
383451,0.017040849695302934
383452,0.012098755275658138
383453,0.053257239482705256
383454,0.03943018723391127
383533,0.022042182622346054
383583,0.04004383792480084
383608,0.06660684898929733
383622,0.09608026205217009
383673,0.09016317711843588
383804,0.06045472125342996
383806,0.08685485036746293
383812,0.04051233451153943
383814,0.01984574642298447
383816,0.07271437120038465
383825,0.11771845549349635
383827,0.07062048532227001
383833,0.09240587747518442
383841,0.02074842929003934
383842,0.05618573862328358
383849,0.06391402851703534
383859,0.02965489524904478
383883,0.045805196109124834
383891,0.2528722092084386
383910,0.021612425303783933
383925,0.014850585963208431
383943,0.18938726128248554
383946,0.10754453706138203
383959,0.012145243674072886
383960,0.06212388448495952
383961,0.02773045000256591
383962,0.036797217039297746
383979,0.06826158549342869
383985,0.02948526382920326
383990,0.019980769733093907
383999,0.040943327965802995
384001,0.12085044866107532
384003,0.020810851924346296
384008,0.014830342590679302
384019,0.18902179490814414
384020,0.05381610552781965
384065,0.10579575147942892
384102,0.0878876101905248
384154,0.041026988666631445
384155,0.2649688998121336
384171,0.05909081154589205
384177,0.024138016051333245
384183,0.023738173437215612
384186,0.047920494816071094
384198,0.1902594637646243
384199,0.041321184708261
384201,0.1827573927381066
384203,0.12254111741290355
384204,0.085589826614719
384205,0.05446331937245642
384207,0.011185709633017571
384208,0.041499065403237154
384209,0.07021912747966458
384210,0.025053370906112513
384211,0.07248628315955606
384212,0.06704318528825194
384215,0.24024858875740668
384216,0.06011895443175201
384220,0.1432366915574359
384221,0.00783202583028995
384226,0.10517912726008705
384273,0.02587793198743177
384287,0.03475360296217322
384288,0.040156421072186074
384332,0.10282680770740019
384365,0.020457192499260722
384380,0.1447093587314613
384392,0.028862854171296175
384412,0.010985562065808158
384424,0.13277993010970357
384428,0.06035107784209052
384429,0.15791050137363966
384430,0.01834247023709984
384434,0.0227622883508238
384480,0.042134274905597374
384502,0.1577097183669997
384503,0.048914151593786565
384504,0.06318722624134408
384505,0.07299405901444074
384508,0.022908072325983016
384519,0.013864046691224624
384520,0.22180488640132692
384524,0.013763277053071742
384528,0.019373422387193806
384532,0.026901501316978486
384539,0.03712807223816731
384542,0.06263098794798101
384543,0.26193920882589317
384544,0.02196944306351978
384546,0.06292078904296629
384547,0.022643016350681857
384548,0.056378952469508664
384549,0.014010394581371885
384552,0.10673388477685211
384554,0.017903102748807038
384556,0.037035451394710824
384557,0.031905201137133125
384558,0.030815335215071793
384559,0.012718952105190372
384560,0.07342261161296626
384561,0.10529047611414705
384562,0.08530809622281832
384563,0.0626312357118248
384564,0.07989868923250813
384565,0.051256577564978534
384656,0.043594174178762005
384657,0.03310684954362983
384672,0.1476083740687687
384679,0.03206069814389062
384680,0.016254209770114235
384689,0.016485339316538006
384692,0.05374698125829257
384695,0.27416335098159095
384710,0.36711806510947653
384712,0.024355281079249065
384715,0.036046646831168566
384735,0.02982099309904643
384749,0.01694390011685717
384751,0.02980721341771362
384753,0.08142755907877766
384757,0.015479966102964163
384759,0.029481806610048393
384761,0.018063289254521685
384762,0.07436206240882816
384765,0.10903416608904543
384775,0.12024682148721492
384782,0.09987877185098906
384794,0.05822554700521282
384798,0.019555789289811835
384805,0.04258343292529212
384807,0.08755659876814056
384812,0.012863942414628522
384821,0.05709637490880144
384834,0.030512856144707036
384847,0.06972663067902879
384856,0.03438041018748916
384857,0.07915445210693632
384858,0.05411661512940412
384859,0.03320353575426649
384860,0.1271264900101026
384861,0.33484455092258186
384862,0.038635340523258795
384863,0.10145626667226566
384864,0.04809010839132784
384865,0.012580736528517327
384866,0.3984347419516783
384867,0.08482361629617038
384868,0.030919143345044246
384869,0.11184578352006556
384870,0.016635803647498025
384871,0.03363687888050242
384873,0.07350288593210212
384874,0.05395290810034217
384876,0.06136556742236425
384877,0.016825879071000402
384878,0.0387662399619725
384880,0.02184003604142557
384881,0.009852066867317499
384882,0.0938667428790459
384883,0.04283540572808971
384884,0.05302302312095386
384885,0.02070159062190058
384886,0.062422285411598236
384887,0.014806940328758053
384969,0.009224505342985384
385023,0.03142304281618123
385049,0.09054347595243609
385081,0.03081035393624529
385091,0.016718010902155512
385092,0.03703047888840904
385093,0.03903485781452874
385094,0.026330359998963226
385106,0.3009630690880164
385107,0.21171145224393295
385110,0.1016107766908518
385111,0.06848759483677187
385113,0.020480204274660865
385114,0.06487086021039315
385115,0.2009298857472051
385117,0.023205394798019446
385119,0.040676285643652194
385120,0.1198726684590362
385121,0.17632481840987835
385122,0.02346190886774014
385123,0.007074817358652097
385125,0.021110546025261287
385126,0.025802385498224965
385127,0.030116516004769063
385128,0.03403355582641291
385129,0.05304838519956345
385130,0.02461197114286187
385131,0.02496149939246011
385132,0.06428724041403848
385133,0.0625962487282144
385134,0.10440575143040765
385135,0.04220329018401612
385136,0.08591081446029399
385137,0.17471461591359638
385138,0.01957769142034439
385139,0.20829824783636328
385140,0.3417556174381555
385141,0.033804331863882875
385142,0.019845188253321364
385143,0.009312304493818955
385144,0.038800559806062555
385145,0.10786662432421096
385146,0.03105536785437038
385147,0.056008139229517424
385149,0.06560650127722385
385151,0.029573513607246138
385152,0.0218514115412078
385153,0.06220571827942416
385197,0.011246646924174045
385230,0.05138682666102298
385231,0.12950409242920774
385252,0.12069755349678479
385299,0.0643870339138774
385351,0.06606852946081193
385376,0.0928548656814701
385405,0.0351513021264665
385452,0.05481155551164134
385479,0.03283518211961235
385510,0.0626628185484217
385522,0.21339801475120224
385524,0.017851233171472414
385544,0.11259117056521249
385563,0.06312617875283007
385566,0.07124103442032718
385571,0.012546411992741344
385585,0.02519857400053474
385586,0.1372395989329906
385611,0.02434226582642844
385621,0.02114068613350638
385623,0.14420727863263375
385628,0.2757937919484656
385633,0.024683473609255227
385634,0.019424597505785342
385643,0.026470573373441057
385650,0.047203975742530144
385656,0.010576003166022743
385666,0.10372959946836792
385693,0.09431774023977117
385705,0.12303873947285954
385706,0.03522412958698025
385835,0.010667109926671081
385847,0.07775949415743896
385867,0.11835189911838549
385871,0.09324917248441206
385872,0.03701245234144431
385879,0.016877673787212315
385883,0.026352171910605855
385884,0.05757521794107612
385885,0.044656558361551975
385889,0.0300739827333688
385893,0.04858962719676469
385894,0.04989958626798757
385898,0.04124719179522832
385899,0.0700744969171141
385902,0.021903928919700062
385903,0.03484713936869074
385904,0.019952345028231434
385905,0.02768831742388363
385906,0.02972632525688577
385907,0.059129387527537956
385908,0.16995096346219646
385909,0.0483919761011645
385910,0.03447694254112513
385973,0.021467598324509764
386003,0.11768669584386028
386013,0.008499706366268676
386023,0.01170241109519008
386065,0.010358416599629473
386072,0.1494183711299722
386077,0.17598037300274694
386135,0.04052152685080606
386141,0.011219678467148612
386178,0.13091720709398394
386198,0.12098164192218111
386200,0.01687007115773459
386203,0.13808388473970487
386223,0.03615246931528511
386225,0.009108621012757447
386245,0.06401538895371844
386250,0.021320398033151534
386253,0.032286615898280455
386254,0.07796017286533259
386255,0.03789798196395442
386262,0.06203621029022401
386263,0.03343587793304424
386264,0.02853097377738828
386267,0.025034047765736336
386268,0.06170316536837704
386276,0.07477819078094772
386279,0.25062193165682717
386281,0.05468742946892362
386282,0.09162176381173402
386283,0.087128047158985
386284,0.022359760371405614
386285,0.035385980776515974
386286,0.04796433318051512
386287,0.03592249408997347
386288,0.1132208698370679
386289,0.23712941391905976
386290,0.05861294827982265
386292,0.06496159532016048
386293,0.02802879617813829
386294,0.053515404616195555
386295,0.48179113334414636
386296,0.11441515881236652
386297,0.06721432242485077
386299,0.05385961520205764
386300,0.03909429364827971
386301,0.01622242799532545
386302,0.025850985549154003
386303,0.19540347617293874
386304,0.24166731279557976
386305,0.06786950955303125
386307,0.03571687810722913
386308,0.07407034455408186
386309,0.07259058196327865
386310,0.08073843717718723
386311,0.03634471474800256
386347,0.13325197584164306
386350,0.08439237988938533
386352,0.026514687859917535
386365,0.03574369829909247
386378,0.05096343197590763
386380,0.06140781445452086
386399,0.07243420113461607
386458,0.02107942293114626
386523,0.05559327850743158
386531,0.1675399212788105
386545,0.08361909281337976
386546,0.10239122581858032
386547,0.03870874783957489
386549,0.04758607053752109
386550,0.0718793826406911
386551,0.06885148534233584
386552,0.00770601142424515
386633,0.1059948451160711
386647,0.04284191640385121
386665,0.021451049113089937
386767,0.04820529757915347
386773,0.04615139337433796
386774,0.07160614426883602
386775,0.10951640286086353
386777,0.021656417903269703
386785,0.08509310313561015
386791,0.018620163027219448
386792,0.023178221640215435
386795,0.027671652714258164
386798,0.07499057450492762
386803,0.029758482898096045
386805,0.08559376512863295
386806,0.05949487239653525
386808,0.027444341764656745
386811,0.017608086633737252
386813,0.03904510653232126
386814,0.06172793048207709
386817,0.033830909265727856
386819,0.013915480131465723
386820,0.14677504337190844
386821,0.19251840857481162
386822,0.2924787277356149
386824,0.04564989297645126
386825,0.13771466245084119
386826,0.009335018019373038
386827,0.11709479843953999
386828,0.19396988396801584
386830,0.019278830732176393
386831,0.1084155332809646
386832,0.015479495300147354
386833,0.1107700960212667
386834,0.0976598217419025
386835,0.011114747421838522
386836,0.030684073964684984
386837,0.0982615697159296
386838,0.023568077314834287
386839,0.1801518497662969
386840,0.020737112287135456
386841,0.14215466624655168
386843,0.11057370595102992
386844,0.11104823912036299
386845,0.036455818258587534
386847,0.07081076628944781
386848,0.05280902015371016
386849,0.029113938572624544
386860,0.05105545772197687
386938,0.013942895144827513
386940,0.048196497287638106
386989,0.03511325182360823
387021,0.04967348307941391
387193,0.15171395247632283
387194,0.15851466169636155
387286,0.19112353550357591
387291,0.011977472241396135
387292,0.0505326615231321
387324,0.09570743450384105
387325,0.024812582296980037
387329,0.04110840403467303
387331,0.055017150222838374
387333,0.007810685354480997
387337,0.08170148393853625
387341,0.08676701756596261
387342,0.027611339720360124
387349,0.13511645615218348
387350,0.030877543752199005
387351,0.035948176219266166
387352,0.03196708851310785
387353,0.08832721789357462
387355,0.13624884535018006
387356,0.08138756786927005
387357,0.029810138967145496
387358,0.014379299109134044
387360,0.11187242168800547
387361,0.018026522636961615
387362,0.026406981905240417
387363,0.021939041466085378
387364,0.027082363133305754
387365,0.048919575983163134
387366,0.04101543696995294
387367,0.031026573199436844
387368,0.019491634494908303
387369,0.034014239995556736
387370,0.018829727337555557
387371,0.05364957289226299
387372,0.08396906192875836
387377,0.07546205042090179
387378,0.05543280598176534
387424,0.01799243159368276
387440,0.016610749408852606
387447,0.06474096890468806
387489,0.04870332892107176
387501,0.0776247183172345
387526,0.25880907208748144
387542,0.009658267436420882
387543,0.0939009927231568
387544,0.03889638028319563
387565,0.02619174146114745
387572,0.05680033427886417
387577,0.11504159502790093
387578,0.04584881492176627
387583,0.01842144075998165
387584,0.020033035970292958
387588,0.08214417199432236
387595,0.11806093422416013
387596,0.08741085767146282
387597,0.13992905767990113
387598,0.01146864346114526
387662,0.15506689757293704
387687,0.07045775750338859
387688,0.04591058977007394
387689,0.022460349516267082
387718,0.19396802055772872
387730,0.02722752951951361
387753,0.01759126775214274
387807,0.07797283498607172
387843,0.03877784797045939
387848,0.035550462893889676
387882,0.09473518143909254
387884,0.018608852643399156
387892,0.01005820409913416
387896,0.05098059912803214
387916,0.11294594643651706
387920,0.0254933692948741
387927,0.11230346563095822
387928,0.021708920283763797
387929,0.04097312936456239
387932,0.04504563991018577
387934,0.09924946290215834
387937,0.017563020341129672
387942,0.06412540302577074
387947,0.06906814678107377
387948,0.024363925204047537
387952,0.20833659021500717
387953,0.04326766450201205
387954,0.030059587172140002
387955,0.09272815112611277
387956,0.073437310404598
387957,0.17770870740004283
387958,0.14272834758699735
387960,0.013473438277335187
387961,0.09809205558084336
387962,0.06688314854573296
387963,0.16105157161354625
387964,0.21074374961191747
387965,0.04455085508384518
387966,0.06588354539882747
387967,0.04507775342574229
387968,0.03996640358873998
387969,0.0152148062768379
387970,0.06300532366407874
387971,0.08766889900915109
387972,0.04470285316323702
387973,0.08253108687092248
388053,0.2397998965462599
388056,0.03492368306853681
388057,0.13550882140685297
388078,0.05061977185716049
388079,0.018300455138047168
388127,0.047513513561803083
388155,0.11128124953927604
388159,0.017917711796542852
388169,0.05017221607308013
388170,0.10531415076954527
388173,0.020678867213405328
388174,0.027251633712048976
388176,0.051317880150162955
388179,0.04137690052234536
388182,0.0761310975967517
388183,0.05344514921907624
388187,0.06399527752687588
388189,0.022336213648913056
388191,0.01494152148183875
388193,0.04093277229270873
388194,0.03865670957326763
388195,0.03813763291445669
388196,0.025904087507896006
388198,0.016959254374244347
388199,0.10311732051159032
388201,0.1310042678726998
388202,0.1423114972884717
388203,0.16704515973917197
388204,0.0807875726561511
388206,0.14139859940117686
388208,0.03275620408159238
388209,0.035510579737744664
388210,0.027183104706702446
388211,0.022166326285974175
388212,0.023340901142630325
388213,0.03535655094041541
388214,0.01688545851570225
388215,0.09601054102299633
388216,0.09332281263729422
388217,0.08335571584517008
388218,0.062808283187913
388219,0.030044648794980276
388220,0.20126526545286855
388221,0.07348119696129235
388222,0.051085317538044094
388223,0.02883716853625585
388237,0.11703555078037725
388238,0.04025382365895129
388242,0.032846218404846764
388243,0.07230736790959061
388248,0.062036711082864446
388249,0.1439801139583138
388251,0.06703117636557639
388253,0.16182854924731996
388255,0.04297760636795677
388256,0.10096663310213648
388258,0.030037698639223488
388259,0.06871144343797411
388260,0.06499939568263123
388262,0.26190450233313606
388263,0.08503915314966379
388264,0.019022360170572288
388265,0.2253602772690882
388266,0.05072243917543361
388267,0.155773590440334
388269,0.2881251627332757
388270,0.05122933850990653
388271,0.03335048767706717
388272,0.09537140407980664
388273,0.030573551957058718
388274,0.12053796449830824
388275,0.10135051224991572
388276,0.04806955041688578
388397,0.1296287440869323
388428,0.12066489026607405
388429,0.027686207991029985
388448,0.03194848507105322
388449,0.0051654939512007
388460,0.10465297659283337
388463,0.18215637237706606
388465,0.19990437868502903
388505,0.11830613681215915
388508,0.0507779077680577
388511,0.024287847795164158
388525,0.046600292549520306
388554,0.05194017752782442
388561,0.2881368576214927
388566,0.06357338871647517
388572,0.009685563169764261
388574,0.05072663915851018
388585,0.014523607286144179
388589,0.00798455312237202
388590,0.0625374647152856
388594,0.03278728226476057
388596,0.061599209213101774
388616,0.10853029958314488
388621,0.03320244960229033
388622,0.056230353205359185
388627,0.03352321973674867
388633,0.06835212421500679
388639,0.022242239217691064
388647,0.053460516228890434
388655,0.04112331467610069
388665,0.0888736158075095
388667,0.0537006988243492
388668,0.019535052217846
388669,0.11154453075351226
388679,0.06441892480387404
388683,0.0225431074912793
388687,0.015310411033673478
388688,0.049993546678720316
388700,0.08261422810810026
388703,0.12397995190807186
388704,0.1700634401114779
388705,0.12159375180532099
388707,0.01656029073228565
388712,0.0386373318658282
388729,0.020852697012457323
388733,0.031156921864490476
388748,0.06181715379540882
388754,0.0445429254933915
388763,0.07885133933214254
388777,0.031323740221751134
388790,0.04835595823019111
388800,0.2629470293863478
388801,0.018477636333131636
388812,0.08161071680423176
388816,0.24507849155795927
388835,0.16872324862665677
388837,0.053353026546117864
388842,0.010191244832273759
388847,0.03879685330041844
388848,0.022196706827875994
388849,0.1352651556657371
388850,0.16229533146489966
388859,0.2088829745657646
388864,0.023822056079056568
388865,0.1700807411828745
388870,0.09777284773742106
388872,0.03907822624553657
388873,0.07121118478447372
388879,0.01878805873624282
388890,0.12059950365035604
388898,0.04549087311436968
388899,0.103523343453383
388900,0.03644749115452603
388913,0.338334489539993
388919,0.03217681023995504
388921,0.27153834712045644
388929,0.02644879621596053
388945,0.11000262390700698
388962,0.16136757003696997
388963,0.035991786913250494
388985,0.057473873518013904
388986,0.030079331306781032
388992,0.21613910689153587
388993,0.061550337221038365
389002,0.05963852925076222
389006,0.01693130596478195
389009,0.06033495861851827
389018,0.0899729457546119
389048,0.1459048728195608
389051,0.060976159549547396
389068,0.05525113366235369
389069,0.08765537775809627
389070,0.016997357287956143
389080,0.03086015213419778
389085,0.023133654215132804
389090,0.05186290519329728
389094,0.08913841149344193
389097,0.17544547522436216
389098,0.03961107885375832
389101,0.04359481727843519
389104,0.037510837279124694
389131,0.34796191596471593
389133,0.13069815072755678
389134,0.007749146067087753
389143,0.09842242781414157
389176,0.1454149616516351
389181,0.018086288203171274
389192,0.05651654331833327
389202,0.06828105233198069
389222,0.049680499808735054
389225,0.14462945764629534
389227,0.10692882146364481
389239,0.02991518602387445
389245,0.14572898833564674
389248,0.016423918120289316
389258,0.10117931048968164
389266,0.07742433820478223
389268,0.08198222674450364
389277,0.04585180702263845
389280,0.09577154542426371
389300,0.02883796448279523
389319,0.0667527354309129
389330,0.02871397158768272
389338,0.030046973650053224
389356,0.13680177956176456
389363,0.22698989001532768
389371,0.014415083614004611
389377,0.16493362931039565
389398,0.021725478260352128
389409,0.045269895274186275
389415,0.017923786160642587
389418,0.030290664111119175
389420,0.0878791713678309
389426,0.10445895453120127
389433,0.052866303724314855
389434,0.02381423858881631
389440,0.12558659127798374
389441,0.014200749529552414
389443,0.3658150691352764
389448,0.2460282732003159
389464,0.019910715229282484
389466,0.020060051363088527
389471,0.1355661974736152
389473,0.04423271187765618
389480,0.04183113603782125
389481,0.010847740143133394
389483,0.08902997985585137
389486,0.014620997158985793
389490,0.09969386736827135
389500,0.011700254306892924
389507,0.2225882716694968
389509,0.018167700103475064
389515,0.3597431738633131
389517,0.020209843300033035
389523,0.017941722173995808
389527,0.017135987596681855
389529,0.2904210930683666
389532,0.06469115661112004
389539,0.03049032289400833
389550,0.019026037585359232
389551,0.03496837343555398
389552,0.07272059053372291
389554,0.2823843762511778
389563,0.13718528135405167
389566,0.08202818370941647
389572,0.020500716098640778
389573,0.054686356219670086
389585,0.11026629953873898
389587,0.018878175545094047
389589,0.02238388155767726
389592,0.012963739665297099
389601,0.32574221540060144
389603,0.0186821417363592
389604,0.07764394421271836
389617,0.034437108218408556
389618,0.10249107106204111
389619,0.0330921908858407
389622,0.03577900588695617
389623,0.040382994394509875
389627,0.052595691153662305
389644,0.20589806315555226
389667,0.021003951145910353
389678,0.234356374524724
389694,0.024969914509608396
389700,0.05982030685320077
389707,0.007027892965285394
389714,0.02084847252687634
389717,0.04198386550399902
389732,0.03851202102756556
389737,0.08153403503816972
389741,0.05097531248732194
389755,0.05332713280586524
389756,0.1908177456974082
389763,0.08827008564102003
389772,0.21800036157382569
389777,0.02461079609848161
389778,0.07030949980070603
389796,0.05298190699873638
389798,0.01457520822182592
389805,0.04721509498522982
389807,0.038758880448887444
389815,0.022176505769892028
389818,0.05302073044753761
389823,0.03547845169859041
389824,0.029334589025238868
389831,0.0075544777462812854
389856,0.19955150481878828
389860,0.024075492019733892
389862,0.03618675709693765
389872,0.11081141546535725
389875,0.01564825067671985
389878,0.05017943360997528
389879,0.05941007193977207
389881,0.014849869452832258
389895,0.031042345983037196
389897,0.02788626768396949
389898,0.03964054010326142
389924,0.09489725581613101
389929,0.029153652630541323
389934,0.20432920369146376
389947,0.08795628685457291
389962,0.05167883994081193
389981,0.009064929299635312
390003,0.04903430547342045
390006,0.04730862333947557
390011,0.014570171372270128
390041,0.066066292141806
390044,0.08492094630314237
390045,0.04227394704418802
390047,0.07069280038037848
390048,0.16623020562585247
390052,0.14975128163298168
390056,0.05696971264569705
390061,0.03708053480740151
390065,0.03915203853902632
390070,0.07322194492765513
390073,0.05252255423567792
390076,0.0281345288019021
390087,0.08228565159952643
390092,0.03318035097617818
390095,0.06073523016423853
390099,0.1697048014472575
390107,0.06481775980128508
390116,0.01888688616931808
390130,0.03137572025136359
390133,0.16349112850149622
390144,0.07662975031963862
390155,0.06991159473952493
390159,0.046198367097892434
390181,0.05065395045447163
390183,0.02078416393565834
390214,0.021742792947398733
390222,0.10933500799140816
390230,0.053496788434291544
390235,0.028089815369270837
390237,0.015108383390277542
390242,0.6284646502918171
390256,0.019129654276005416
390259,0.16572762552387738
390261,0.04074530683505158
390268,0.08616146489822818
390271,0.030773715114888515
390274,0.036375303669854434
390276,0.039304745084007144
390279,0.049634696296779086
390283,0.14723852953828284
390285,0.03334896554823334
390299,0.08434959102663774
390316,0.015778748311270973
390321,0.08137862477186014
390330,0.05170943833136106
390343,0.056417808316031985
390346,0.17442497280246286
390357,0.04623021655255104
390359,0.13394473120085182
390361,0.15958573578732765
390365,0.02821648708515733
390366,0.07283627010501964
390372,0.22672662155294665
390376,0.0745655013709221
390378,0.3029985160909315
390388,0.07194377174097442
390391,0.0261424682798105
390400,0.10745620712451982
390407,0.10188021229976911
390411,0.03454871862106152
390419,0.020794016395630693
390423,0.033579534716334174
390437,0.021428855370084023
390445,0.02547482961659217
390449,0.030654003423913088
390455,0.07736846933128551
390465,0.07309719544470213
390491,0.032034443060201076
390492,0.11557870257426937
390494,0.054686148309704856
390495,0.10416767842234355
390497,0.021055540485775896
390504,0.06361673383795019
390508,0.059428340705837426
390510,0.07520559461656993
390512,0.03252090800727009
390524,0.03209177402725681
390531,0.028496261488117097
390558,0.18906974488575146
390561,0.05012421216958096
390564,0.007642479195546931
390569,0.06956185443290641
390574,0.07510152350308097
390575,0.08171189124820712
390587,0.14972059088610828
390620,0.0831425298357523
390621,0.07076477886133434
390633,0.06983086697431395
390634,0.09465384631885992
390638,0.11837764745626198
390639,0.03271100796529183
390642,0.010966574716882702
390647,0.13006972311251827
390648,0.02771558618110131
390663,0.09894614428799037
390686,0.023228584034509527
390688,0.1544581632872824
390690,0.03575068352196451
390691,0.06375220492106282
390696,0.12865219648281961
390703,0.10979621803208897
390711,0.16469922470203668
390722,0.03221010257453119
390736,0.3362820936161809
390747,0.24408138611058533
390752,0.0829920199072871
390760,0.08555016432664292
390774,0.05170840161211765
390777,0.029198048206913643
390781,0.03286907515435102
390793,0.04693328637111432
390838,0.12601011523618216
390847,0.1123370514109399
390851,0.05903650708242741
390854,0.01862241715371571
390858,0.04427079939591551
390864,0.059645440331422286
390871,0.18893512471391383
390905,0.08842476019817147
390908,0.07792158870564479
390910,0.012306051117385867
390917,0.01748127484448824
390919,0.01327538240550084
390920,0.05470666284330107
390922,0.019487324246442828
390928,0.09768906521193157
390929,0.034346580819957284
390953,0.06864698611168236
390955,0.013010303691129595
390959,0.019869924267817293
390962,0.03621304032742349
390971,0.14529165725096743
390972,0.10624936699180165
390990,0.008322401040480081
390994,0.1492269156392661
390997,0.2558265512494514
391015,0.0383562315163568
391034,0.01937353963152778
391038,0.06371314848640451
391043,0.02395727988653607
391048,0.01694061602509677
391049,0.02900944128718637
391056,0.062030382748050145
391060,0.08661484452696572
391072,0.03548080641233649
391073,0.04337417593746201
391077,0.029741347220056308
391086,0.016178732928752673
391092,0.05985732325451632
391096,0.06050506548764281
391118,0.04190723933335782
391123,0.07167870759254459
391136,0.04276062025791179
391137,0.021582011658496283
391145,0.044611434917987906
391162,0.01632911734982864
391164,0.11246502847677123
391168,0.12931515953221745
391172,0.039013727077363405
391184,0.10425902498055856
391188,0.05800127396952384
391198,0.04053984715719499
391207,0.030636844017739515
391208,0.009647829669516477
391209,0.191494392264602
391230,0.06505686392596405
391232,0.14493521509044868
391236,0.060547499838751004
391237,0.20320574641091194
391245,0.03970806304234809
391269,0.033456509545217186
391274,0.040844690490847324
391275,0.09144661758075304
391276,0.039108675789439176
391279,0.08054841705277327
391285,0.039572704163524194
391306,0.01434950342813741
391310,0.033591340451737395
391321,0.005435817800295685
391327,0.025075993654238363
391341,0.1848035527195986
391350,0.028877466918551867
391353,0.00992180575621891
391354,0.026398523427746623
391357,0.037469363493206814
391367,0.44044754845740486
391371,0.06286405354166925
391384,0.05777151762727554
391387,0.033600695749482365
391388,0.10247881962390669
391392,0.0181814003680195
391408,0.008622758089181344
391433,0.023495837143492355
391439,0.05514430916777446
391443,0.1448246669636651
391445,0.018599224375240423
391449,0.058822096524988626
391450,0.055348539480345155
391461,0.09097424422398648
391469,0.01186447489695945
391486,0.015774720641795623
391487,0.1475297816583199
391500,0.023843583911337625
391501,0.05755865411744289
391505,0.00867068684388925
391516,0.043647982874135335
391517,0.015164248083030279
391522,0.027787493095151945
391539,0.19225716152379782
391543,0.313443602524034
391546,0.08446926493926396
391552,0.17030491521856145
391555,0.032827078951331815
391564,0.031729233023350734
391565,0.03178042847234454
391570,0.019505157079639825
391586,0.09901445159051453
391587,0.061471124550788056
391588,0.056427393473055434
391590,0.05300614255091475
391613,0.32504200033676794
391614,0.11469337816248745
391617,0.007717981875304826
391623,0.0781225489758124
391635,0.1117309163598324
391653,0.039444338891194634
391661,0.08457643861595662
391670,0.054657631271509695
391682,0.036898125579740336
391713,0.014626917639765083
391717,0.10410657064919963
391726,0.27392364746032694
391738,0.0726172361994667
391740,0.03573028172018895
391741,0.008646581749847934
391742,0.0313898102117896
391756,0.050530413315579864
391765,0.4324239314270007
391766,0.07923501245614131
391768,0.07317949115809627
391771,0.017268600299240593
391784,0.05808220223575538
391786,0.22533649181416715
391791,0.06109082043018457
391798,0.041171678390626854
391820,0.28874322210110154
391831,0.04128140200417986
391842,0.019887147366678334
391843,0.014060869128033433
391853,0.03564556137301169
391858,0.18129863984068523
391866,0.3929785169883979
391867,0.00898802861184058
391870,0.057182167149436365
391879,0.05330369000752125
391903,0.03849214819119924
391915,0.05175150488572022
391920,0.014166050445912862
391929,0.08960035142765105
391935,0.016085679686967173
391944,0.020421515070394115
391945,0.06698864568359039
391947,0.06592363281896475
391957,0.03664045409241202
391960,0.09510230006612899
391966,0.05076696932165298
391977,0.022528074288253527
391983,0.030389422662996563
391990,0.08245940497729885
391999,0.03207196184471008
392010,0.010136092002529764
392011,0.021084881743735018
392012,0.06403490326238952
392013,0.01479870318281321
392015,0.021724345653563654
392027,0.07841298667751533
392029,0.12024916459619991
392031,0.04692838143738194
392035,0.025379330994275952
392042,0.01839191610054083
392049,0.019412280842207457
392050,0.05009532347067828
392062,0.07745198638037709
392068,0.06443283630258582
392071,0.05560406436017784
392079,0.0225599435508954
392087,0.045339914184754
392106,0.076479157105659
392111,0.03150198128343741
392123,0.11292469309128826
392127,0.23312427658133714
392132,0.05501105206385064
392149,0.16338123250127368
392151,0.04568250771866414
392175,0.2680897623472981
392186,0.13983808636883988
392190,0.23987921214887803
392196,0.1833527420052684
392202,0.04967128423551909
392212,0.06897766342507242
392221,0.07312633369119823
392224,0.25539064185625737
392230,0.04144773959953456
392232,0.09839916758537108
392234,0.1383290041400857
392239,0.073486703736668
392240,0.12948892757516756
392241,0.0038686310932220594
392243,0.24773087613150604
392250,0.022394341519787843
392253,0.012093559188887429
392258,0.0477791570929105
392260,0.04797268419714153
392270,0.24227058247243016
392280,0.04464110778747607
392283,0.043876088444340836
392293,0.028155339441179383
392311,0.07197620915476569
392316,0.03444510391499548
392317,0.14258114760615992
392319,0.11028303710062884
392328,0.026791150742682554
392363,0.05878530354830389
392369,0.024362640141347605
392371,0.03565474614927981
392372,0.04813532411931161
392386,0.05599016282344871
392389,0.1520422868608885
392390,0.15537959266955675
392391,0.19213726267955614
392398,0.01750623427839926
392399,0.034327349409299365
392404,0.12045106574875658
392405,0.02138631009225298
392408,0.18079852127620835
392422,0.03740322293918255
392423,0.034487974898818836
392424,0.07531195026785245
392429,0.02670726986208602
392430,0.11245369356230961
392431,0.03972528298318872
392437,0.019986931911691874
392450,0.029139059334510886
392458,0.028783987921462556
392460,0.04230141936178629
392469,0.1374114391937644
392474,0.06490653733918536
392491,0.17859859603264472
392495,0.029694145799397022
392513,0.30359065531995894
392526,0.21656101837651104
392527,0.26194382314975223
392534,0.04530310412821733
392540,0.29979426224833144
392554,0.0966188884122731
392571,0.07326653950338313
392578,0.06426027738047534
392583,0.030328127317214824
392588,0.12112856226042447
392594,0.06487544185569348
392604,0.02144595135025243
392610,0.26935319889859366
392613,0.025578942833640185
392619,0.10291509040394382
392622,0.14266893661561572
392624,0.014025899648774905
392629,0.3724976747018195
392634,0.06155238631653693
392639,0.010946930786979754
392649,0.046018100926239605
392671,0.0880769123122567
392680,0.3321889584374751
392682,0.01101494462588734
392684,0.04115458221174954
392685,0.08441298887805608
392686,0.3028416198109825
392699,0.023563668898328866
392704,0.01943060075414811
392709,0.05119461562202493
392714,0.15614483921218011
392717,0.03024259170082195
392727,0.04466942904190753
392730,0.11066151158595623
392741,0.04908124307604778
392754,0.007170270542348544
392762,0.050561285163913595
392774,0.036405489581236086
392775,0.06478774997579834
392793,0.0779705100478025
392800,0.0659613019622263
392809,0.05142100393824953
392812,0.01983682923717192
392814,0.039853470414291645
392820,0.06260899986301013
392825,0.013697321458196717
392847,0.04980542063902335
392849,0.15774116183942866
392861,0.12689669356664046
392868,0.10333188178783713
392880,0.17946454090834593
392882,0.05188800676162962
392888,0.07009979616869493
392905,0.02544775086616135
392909,0.18235487747120754
392915,0.05077920387836926
392925,0.025019479665902608
392931,0.028469378930887593
392933,0.027585798943405716
392935,0.047431103805399534
392939,0.06545335020921579
392951,0.029745433407394384
392960,0.016998872215867784
392962,0.06581929898291229
392964,0.07385214698082812
392970,0.023464054259056316
392980,0.04041488533422443
392981,0.0438103659400433
392985,0.028793903801379313
392990,0.04643732057708865
392992,0.18394076549371433
392998,0.0663532879184862
392999,0.06425034483473076
393007,0.01983492349993612
393009,0.10165821605577784
393012,0.04314997969210211
393014,0.04128198364834203
393015,0.053446554840132554
393035,0.07043241802180593
393055,0.01312081156582801
393056,0.07514402148328032
393075,0.0341671533698334
393078,0.022242016508793712
393094,0.09846020991325977
393111,0.04016998559605141
393115,0.04347027309320014
393117,0.14457257282773994
393118,0.0374467902853314
393128,0.19116145395588136
393129,0.02210905062241823
393136,0.030419938201520974
393138,0.07827445464713588
393139,0.17462209208648177
393156,0.038915063560594314
393159,0.34680971212968414
393168,0.032739865083298875
393172,0.03175520934005626
393177,0.04626882717888948
393189,0.004024585066217605
393194,0.17233669796958215
393201,0.044793199969258436
393202,0.04298984470428814
393209,0.017408055970409536
393216,0.21801044058548125
393218,0.11978932211893756
393224,0.050181633554553934
393227,0.03865743178695456
393232,0.03766871525215515
393256,0.05247065296366139
393257,0.05287969389913281
393258,0.22761153377520094
393267,0.054580619358549645
393269,0.04195177730807087
393275,0.09458695898422367
393278,0.03922409096546171
393279,0.18120666575074068
393312,0.08483440264407055
393318,0.058910754629022635
393343,0.0712912288251459
393351,0.1078874385284691
393356,0.012228120627824959
393361,0.15008163795842833
393370,0.12843580902447693
393381,0.02672747387128336
393395,0.10704176220894074
393405,0.023873856812752482
393416,0.06701025893507165
393419,0.026124772699926847
393430,0.13701384784124077
393443,0.07629107730556871
393454,0.24813993063895595
393478,0.00745027112281801
393489,0.016679109899743735
393499,0.09638201194668375
393503,0.03006175525125258
393505,0.12144665380130248
393507,0.027195886323752
393526,0.07597950552755055
393537,0.0230122825655736
393543,0.03569836927250436
393555,0.02492658169090635
393562,0.03773742596914143
393573,0.16673290977403554
393587,0.2537261920020596
393591,0.06785623336088008
393606,0.03156989081748204
393621,0.07777489335118776
393624,0.01944994011419078
393625,0.3228560157656549
393628,0.08235504977389761
393633,0.032822396179320174
393641,0.06197101752048087
393642,0.05690530316707604
393650,0.02556356922402602
393658,0.09439725892612394
393669,0.02801855991927761
393671,0.03607581428815552
393672,0.059987498574002436
393680,0.020021285417668785
393683,0.270700840428982
393684,0.045717415262320454
393691,0.014442867049875178
393696,0.03298444671582274
393699,0.03706954905324756
393708,0.030606226661938955
393709,0.10969642849750005
393711,0.12429280920264303
393720,0.1911873414220005
393738,0.015071391645228414
393740,0.03612784492964354
393762,0.010042564579290567
393774,0.012160917252780916
393776,0.026914234200628048
393778,0.0913258288029056
393793,0.029123095631428203
393804,0.07866110434789378
393818,0.24655946727334957
393821,0.019556786525655262
393822,0.01800818127548332
393833,0.2929039621543409
393839,0.1321515583000433
393840,0.10160009192699976
393843,0.045678963600377195
393852,0.014326067097147496
393855,0.019771222656278044
393860,0.10191543815411451
393864,0.09101286165852068
393877,0.11651814232339647
393882,0.1772885636925851
393884,0.09787943837460358
393886,0.02168852795347522
393892,0.02672079437933627
393894,0.023009764055103743
393902,0.030918249735691065
393909,0.13643296446634398
393910,0.016051819470847266
393911,0.0327821764531846
393934,0.028050677143174236
393936,0.222266349661649
393939,0.12447848566713268
393940,0.022123255870207567
393943,0.0238009281648097
393946,0.06169351387705517
393950,0.017347090235018233
393953,0.04478438738309944
393959,0.2591217986223997
393974,0.18676438493521688
393980,0.11400480830144619
393983,0.012498940340352224
393985,0.05601159585623186
393992,0.027596550692108236
393995,0.11791051601249554
394008,0.2063214784182728
394010,0.06598872513151935
394022,0.027340487159823477
394062,0.019102464521231346
394063,0.055175364199785415
394066,0.036331944965287036
394069,0.11389995617335033
394071,0.030536767435813232
394082,0.033262717306947236
394087,0.06626967115222974
394095,0.01414241346746845
394097,0.14536763576682957
394106,0.056004094823949455
394113,0.6941167260063006
394115,0.2466317350860623
394125,0.029900909202260552
394131,0.05012104328184862
394132,0.07817177723746496
394141,0.1141366534116656
394145,0.19260788851764626
394153,0.3688727554301533
394159,0.016942868475749117
394180,0.0236167978197036
394186,0.0404662789107699
394200,0.0789209965081818
394203,0.03662139742755745
394210,0.05414428004040776
394214,0.15083269457003806
394218,0.14756639595826818
394231,0.06509660361224125
394240,0.15308066776360324
394248,0.1005919767783216
394249,0.011212289747177766
394254,0.10435303417472491
394264,0.05541859190960183
394267,0.07137321003379495
394269,0.12747754255013233
394275,0.08233101183698274
394289,0.015797866417418472
394295,0.023264642329503617
394305,0.14189628147084613
394308,0.025704616991818276
394317,0.009601842099330056
394323,0.19757392241040223
394332,0.03212264329213553
394336,0.08649422045744604
394345,0.3229157473649108
394346,0.03036378872155062
394347,0.02996371266398138
394351,0.06071338845785242
394355,0.15126147840346885
394360,0.016766942292318416
394372,0.061148051484553316
394373,0.09866978981848765
394374,0.049084931443783446
394382,0.08871046835868755
394385,0.0419039055102695
394409,0.1621137734369666
394415,0.029619039981019273
394433,0.028452320776265208
394445,0.04421019366896316
394448,0.06371156818637227
394451,0.10890843779675076
394467,0.035669627267258565
394471,0.02412505139160263
394473,0.10510826024621606
394474,0.04112283000990967
394476,0.08571688881429271
394492,0.017641035076144056
394502,0.033945941245881246
394506,0.04659708635657102
394510,0.0603261826612384
394515,0.01309853945673746
394535,0.08202647355534862
394537,0.1957181651992517
394539,0.07582591685090986
394541,0.037140066129745054
394564,0.0974439684755748
394567,0.04242009809448177
394568,0.037634643782049254
394571,0.12866761487390704
394576,0.02096680395233866
394579,0.10994671622400484
394585,0.0826211944082134
394588,0.01008480552788686
394606,0.020205647152160465
394623,0.011642233877218907
394632,0.134753923269149
394635,0.10747886957817812
394642,0.016863815556179836
394653,0.06251312228020484
394689,0.017532439067678637
394695,0.04344944308325439
394699,0.04764132773023169
394706,0.10738777478976944
394712,0.13974470339634382
394721,0.4170853392562496
394722,0.05842351532582285
394739,0.02282301082570173
394742,0.22800343440290732
394761,0.07738193952964321
394775,0.07732073778219255
394777,0.10841087449112867
394783,0.11014571038707764
394800,0.10305813077360709
394803,0.016850943176611507
394804,0.40025747291315883
394815,0.020168356018085584
394835,0.11625626364434125
394843,0.29056455532109493
394845,0.20367698301927553
394847,0.018132377755959907
394848,0.0996339408906614
394850,0.028711096072056384
394857,0.022206150050839597
394873,0.11297526329598645
394892,0.08234174805695114
394898,0.01625668201988235
394904,0.044757631708149434
394918,0.16514737277878022
394920,0.14401800313848043
394926,0.017135295357924688
394927,0.03548469885198211
394940,0.038354197299045836
394942,0.02041765856001805
394943,0.08497204944714301
394959,0.06537328980139406
394977,0.13248094973674426
394991,0.05436416458315778
395014,0.2881712495961102
395027,0.028988416676131383
395042,0.15035652785260553
395062,0.10081813126021195
395063,0.28333707383936824
395064,0.04153338568970062
395076,0.06357108233498947
395085,0.17858567096629696
395095,0.06663427001008612
395100,0.039828782839932936
395105,0.1382768091298145
395108,0.01628535832623013
395110,0.07979011244954418
395114,0.21756166109187342
395123,0.12139803197611002
395131,0.07098063235383956
395144,0.08232949972024765
395152,0.22122989313806493
395159,0.04698656188904323
395166,0.057886365246001124
395197,0.024822457800790808
395210,0.04850647707183692
395212,0.04042691722052166
395216,0.08924123227108138
395218,0.06307672256258823
395224,0.030678663936482692
395225,0.11083678177445488
395233,0.10249779449665457
395237,0.021382980375916332
395246,0.0512692124410517
395248,0.22668162125473668
395262,0.026459321332389762
395271,0.021864026150582295
395275,0.034948440967438925
395286,0.04344646381805059
395316,0.08153548552755405
395318,0.2712012329239543
395328,0.06919063726569044
395334,0.08476000501633282
395337,0.18801707439511434
395338,0.04297561850104025
395346,0.05317172467901729
395365,0.1139491130507769
395373,0.12322224309840964
395383,0.23803629282910965
395387,0.05247941878761907
395391,0.017589810636871078
395401,0.10073768080183093
395432,0.009136405470235186
395443,0.012112610868977067
395447,0.0573231117995167
395448,0.0943612081140395
395450,0.039538410378133625
395456,0.04374303222672543
395459,0.10878189042323334
395462,0.04965164104256894
395488,0.16405668114345373
395492,0.03220769153904875
395495,0.043189657861242625
395504,0.1255256478691963
395507,0.03425119964250527
395508,0.19741887303779287
395509,0.06348976977587327
395513,0.07668180937342
395515,0.09312255935029636
395517,0.24688984932307073
395520,0.14500522593060203
395524,0.02941354190270261
395525,0.015050602076892065
395533,0.03892230540783769
395538,0.031183108993018495
395545,0.022240215034203353
395553,0.04603272399278043
395576,0.06354294457616282
395585,0.06523134859241933
395590,0.037253857363688275
395593,0.02406447544304343
395595,0.03650533761101797
395603,0.048203806897703816
395604,0.09855703429723253
395611,0.1778257856063409
395612,0.0542022619043136
395617,0.01630568959044866
395624,0.014998525267612469
395653,0.15563702194881904
395665,0.04194594799205563
395668,0.056496288751572026
395672,0.09166569593462182
395677,0.03329945634319385
395692,0.012322198690948659
395693,0.10462444733092868
395694,0.03287459249782975
395696,0.06596079685290922
395699,0.027809741765566387
395703,0.024979291803522048
395712,0.055504754768469486
395731,0.02191879085417186
395732,0.037330902820181186
395735,0.03239251294957156
395736,0.02866656442805369
395744,0.18726515559706602
395763,0.03994314291873553
395771,0.014068896727553768
395774,0.023218417243221733
395784,0.04561681750517579
395790,0.02902495318103052
395792,0.4614648640773024
395796,0.039955972318773125
395808,0.0906645859492676
395810,0.04966109213277868
395814,0.09654508549094129
395831,0.13779254221491913
395836,0.024977449837742874
395837,0.032838031493864724
395852,0.05308143457049459
395854,0.007646543865236943
395856,0.04646293594600982
395857,0.04289828561428055
395860,0.012201887258938785
395862,0.022354850516217092
395875,0.03535350234369685
395880,0.02585491348033797
395893,0.20278125646952272
395900,0.04755526662504145
395908,0.0538255868717826
395921,0.34116331298643987
395922,0.01646573865206718
395926,0.07334910596420335
395933,0.018531434940087434
395936,0.01599922781690504
395940,0.03348084694175268
395951,0.08836809062518167
395964,0.01222714748053758
395969,0.052859614797466786
395971,0.03210639368962106
395973,0.041215924625664056
395975,0.0706292716044501
395984,0.21623827815116475
395993,0.02488536557965896
396012,0.15191735191356595
396033,0.13658282358978158
396035,0.0478448606702498
396036,0.11999828443699063
396041,0.027176297467057877
396048,0.09084970707588996
396049,0.03280407369936379
396057,0.03685945530911424
396060,0.05540921307695844
396063,0.020631141046672588
396078,0.07395027219063455
396085,0.11761146456667211
396087,0.03209090363580537
396094,0.05442304693569577
396104,0.02076700689891202
396110,0.050183654838221126
396123,0.15097931814076285
396139,0.04453411446733343
396160,0.03101017207548635
396165,0.05014928244132594
396169,0.10665849819399383
396182,0.018229875616453457
396200,0.3575392109207502
396201,0.01244872932175671
396202,0.038735825166224286
396216,0.08024043115638112
396227,0.07555082250285837
396236,0.01932752461791669
396240,0.16903263770859883
396249,0.02248036138672234
396252,0.04959310005507324
396253,0.21024830596684782
396276,0.04540779793560345
396297,0.050562021003355787
396301,0.013640008706170381
396310,0.04143978610388943
396327,0.07528530954428894
396330,0.02625319253671654
396331,0.04882832035843972
396334,0.0326628032315935
396337,0.041182644821820415
396343,0.043956716835425735
396346,0.04196798993202017
396350,0.3091632597043946
396368,0.0255428208820879
396375,0.15614061281076486
396378,0.049263922280819744
396380,0.13658392758057913
396393,0.022249996931242487
396397,0.0284425081953591
396403,0.032797261884391075
396404,0.24584642540989848
396408,0.026739276838849517
396414,0.0706987899272841
396418,0.4142674970785015
396420,0.037120431038478466
396426,0.036220968069083245
396428,0.03324268376776398
396434,0.2196994080301528
396435,0.03171815062351322
396437,0.0247046701394791
396442,0.021351754119761417
396444,0.027431610764967803
396449,0.024544685221995204
396453,0.07703580836212111
396464,0.0534560372482156
396474,0.022540466103086597
396483,0.035536735511396925
396496,0.0880243187050534
396501,0.06807138283179187
396505,0.0523382655936773
396506,0.020820741560235854
396512,0.015177252508168197
396513,0.16441050484826716
396518,0.01923174742767731
396530,0.07456321780834288
396542,0.058127297999478654
396549,0.010263392707327627
396553,0.03380368013803951
396555,0.30282011787403307
396557,0.04585490639714727
396562,0.1288643957613577
396566,0.0266124033231458
396588,0.11720587504877136
396589,0.05772456648989632
396590,0.09429905885632305
396597,0.02378995291487638
396602,0.009658525822373577
396609,0.21080895596871452
396614,0.2318873379502125
396617,0.0769986712231578
396620,0.09537336010294159
396625,0.3679618121029528
396638,0.048247033799178794
396640,0.06573758437202057
396646,0.056280786957393095
396648,0.04097937020047639
396653,0.058151957259812245
396663,0.07908432371839692
396668,0.0267402547154153
396670,0.12726199803651417
396678,0.024487409313412874
396681,0.025462616132517144
396698,0.018264890057500413
396699,0.14029115751541033
396710,0.0811418391526732
396713,0.09397976083766571
396729,0.042978927324908586
396732,0.07665018630278471
396735,0.13949657764555776
396752,0.1605799968857653
396754,0.04173593814821901
396761,0.011270754365879473
396769,0.059088895118396344
396777,0.02190069559051807
396789,0.14080592689039725
396790,0.022145193615762254
396792,0.04070929471578007
396824,0.08501191237276307
396829,0.04216058537805464
396830,0.0603125550536444
396844,0.07445479897791213
396849,0.049436348676836925
396855,0.2855675205367414
396864,0.15019934451573008
396865,0.09040300925155029
396866,0.028887151322741972
396883,0.029949160306165762
396889,0.05942052444521627
396893,0.025306852193092245
396900,0.12640203190964094
396904,0.09265060381174797
396912,0.019086255381313765
396916,0.007996286662366079
396922,0.012674709353182427
396926,0.019420833912514784
396928,0.05238213050184178
396931,0.1804981540607652
396944,0.014850161529546085
396949,0.04645086593588598
396952,0.24132715305716976
396979,0.13568191005736105
396984,0.017605226372038825
396986,0.021433132708086618
396992,0.016388040408237797
396995,0.5392905700895961
397014,0.08121082420556075
397025,0.02525589163210777
397046,0.19317359149890903
397047,0.03182623588586932
397051,0.038275355151504514
397052,0.09898306244746999
397058,0.0486669199096066
397071,0.027620946526608715
397081,0.04566286272653911
397084,0.01888238375073914
397086,0.1425709256327205
397088,0.0555207020818909
397090,0.14565792999276478
397093,0.03956898124007297
397106,0.02002346283214456
397109,0.23475035826499413
397110,0.06327458886666106
397118,0.01862396732280905
397119,0.09824199258495458
397120,0.017208685372400185
397127,0.05246204428917666
397128,0.018055893390198093
397129,0.06378445379618121
397132,0.025518909686071914
397138,0.015607435723816118
397139,0.07957773468853795
397146,0.1410554478839454
397148,0.3287570920079828
397149,0.07465769252489582
397166,0.04096295633318752
397167,0.08563959510196761
397168,0.023288062203899174
397171,0.024101878405129874
397178,0.1263086439574888
397185,0.03174455870932282
397191,0.07591663499993795
397195,0.0339132900613108
397197,0.10552491630938182
397198,0.03710192474266474
397211,0.046527405444616046
397213,0.02606976861618674
397216,0.022117475225110324
397219,0.10931934975060845
397226,0.03359872899174441
397241,0.03692130840391085
397249,0.11753725050178464
397261,0.02853346125990889
397265,0.022487770402178486
397281,0.011356542868396878
397304,0.030359566956189393
397306,0.03513893920058282
397325,0.0847508398188064
397327,0.022979751340341893
397345,0.4173252989005041
397360,0.02251669520853279
397378,0.015276440948551072
397383,0.10112551978046211
397384,0.029333238182165648
397399,0.09235335718907588
397415,0.02169438158969571
397433,0.008626394944392978
397444,0.2205162786952755
397452,0.1854313029454856
397458,0.025203645125937375
397460,0.055552273376562704
397462,0.05022144572121418
397464,0.031212820490299734
397466,0.3467746161831703
397472,0.01746530239323327
397474,0.02494940734927393
397476,0.12058150465799375
397482,0.22495309601377372
397492,0.16820087336358824
397494,0.008833768839270256
397501,0.19959064868535464
397507,0.15112263703064485
397512,0.11979785588588468
397513,0.035134104487721994
397517,0.02193588508895756
397533,0.08767887625766166
397549,0.22977986544445997
397560,0.03784735783323667
397562,0.022593907466619954
397570,0.10709349760294981
397575,0.021356673857703963
397584,0.04520950944528121
397585,0.010314802256316386
397593,0.014216051415271443
397609,0.10936356871864547
397615,0.011592709602584727
397630,0.10382827306197895
397631,0.026262808722545272
397633,0.10774104228930523
397641,0.025107394480104565
397664,0.016376168530208755
397668,0.019349311143445732
397674,0.04018504634590029
397679,0.05126089470938651
397681,0.09046590312659075
397694,0.026576903661253544
397695,0.05987379939524471
397707,0.26643258057569236
397713,0.03636823445770093
397714,0.05655763852029636
397715,0.03963614966063617
397724,0.026283833598332883
397726,0.23779722978157164
397729,0.018539674831374704
397739,0.018912283475539943
397741,0.01439890653783904
397759,0.060226785889340904
397761,0.023206315208047362
397767,0.09695145744198327
397776,0.15008086369596738
397782,0.20018087105670668
397785,0.04648361576432349
397789,0.031210955495436545
397793,0.031866214914159585
397794,0.08259444018550878
397804,0.028086979906285975
397815,0.025375860486134723
397816,0.04157848812467671
397825,0.05081248040707971
397857,0.11880046117533942
397861,0.04213544501893362
397890,0.06389678184880335
397891,0.2927875212518857
397900,0.0494435040723601
397903,0.05430946306042554
397911,0.03934329836747168
397925,0.06398261828686139
397928,0.03652583542834008
397954,0.021552083004469362
397955,0.00870063525616763
397962,0.07934144761653186
397971,0.02064977107149185
397975,0.14462493684754812
397984,0.07225599798699388
397989,0.017033278241030493
397993,0.08498853564542559
398004,0.02566367178109821
398032,0.3016169180809255
398038,0.046570969728713496
398043,0.02578961326873728
398046,0.023304901565671176
398051,0.14937611288441843
398061,0.02449297697330502
398082,0.048162685458316964
398086,0.054281127279050025
398087,0.08323593064824607
398088,0.11291172327822671
398093,0.03458909825443558
398103,0.015355575788402506
398106,0.06924737273480515
398109,0.036646455782503744
398110,0.02050749105239107
398113,0.04313572319904932
398116,0.06225227432149803
398132,0.01590750295200413
398135,0.07384608056069195
398138,0.0380693606169512
398159,0.10096553285315875
398163,0.12342652831815762
398165,0.05141021010418481
398166,0.12794228953373074
398173,0.0416307055091992
398179,0.071780784976057
398181,0.06110551553066354
398189,0.023007456552761405
398196,0.05430453635801361
398206,0.07418284671764917
398208,0.07513890837839642
398220,0.03338090527939895
398231,0.04055368086867842
398234,0.5117291318832428
398239,0.027354529332424368
398254,0.005735548619987414
398260,0.06661715278280549
398261,0.026912351944336464
398269,0.16882761882720718
398274,0.024694775138469505
398279,0.009055748206759662
398280,0.07432011881634161
398292,0.10310545518934376
398293,0.07153067941165381
398295,0.13362502723007788
398329,0.026913730791964404
398337,0.09035806040076269
398344,0.022465390025205124
398347,0.039772507595460346
398348,0.5662422222310523
398352,0.004170646168844045
398355,0.11810229664814642
398360,0.13603126097644985
398363,0.055289589242836765
398368,0.05229511997508768
398373,0.10766518091174736
398377,0.033518666422754514
398384,0.03733169594955433
398389,0.04497483174738506
398394,0.17459375901062446
398397,0.018298180425856302
398400,0.07540812972201368
398409,0.06875691623008862
398429,0.038632197285892546
398432,0.08514639517916854
398444,0.3311558948070972
398446,0.2706730472919578
398456,0.01716862064494486
398461,0.052529922312535685
398473,0.017873325895200236
398480,0.022708817555148732
398481,0.09830481289424038
398485,0.0926695954620979
398488,0.3003118716421745
398500,0.03323202950397172
398520,0.07373543879982841
398524,0.06536035764781872
398534,0.028932630786809882
398554,0.011887761418381292
398572,0.1291436758245465
398580,0.035729205034000094
398586,0.02740864176973548
398592,0.22217912848929527
398606,0.044610865836114094
398619,0.04861155470271145
398621,0.07019756747254019
398625,0.061600124752568264
398645,0.2724138129461592
398652,0.3810908303494789
398656,0.011656930029874987
398661,0.1169930964816268
398667,0.021671667082509616
398669,0.07978709379072488
398676,0.0428630852774479
398690,0.02049708394638829
398699,0.10475345572181607
398715,0.08412274420682975
398718,0.00806273760586123
398721,0.019694045108065585
398729,0.039269139019658963
398737,0.059247845607829155
398738,0.025470712972373803
398752,0.08496376031567371
398757,0.07665158134891792
398759,0.02577698872067297
398764,0.1669762763085556
398771,0.05550997388906715
398773,0.02581434522273091
398775,0.036137025919907986
398779,0.10293602828912302
398791,0.25038213929280656
398807,0.08697427792016464
398811,0.08207507080190471
398814,0.0963383898520981
398817,0.023478466920431675
398829,0.03544245301383322
398830,0.029776953479001382
398838,0.01575014215898165
398839,0.12527753532708846
398841,0.12646214151859875
398850,0.03209532270913697
398852,0.0183767975658014
398858,0.03158578437296665
398859,0.060516945548998516
398862,0.16678542919439088
398870,0.10911828996757839
398875,0.053161266159529055
398902,0.009980277978925638
398910,0.008085017272280849
398919,0.12596282841429007
398929,0.052267525240274934
398935,0.315064134163108
398940,0.026781432101850695
398953,0.09711332418972131
398956,0.04005408991800527
398963,0.009340022895519133
398966,0.12906884108404182
398967,0.0821078794820123
398968,0.06121641358519054
398974,0.05997897193616551
398976,0.03876229894739739
398982,0.033150163474970726
398993,0.05295746901848717
399011,0.10719923231005518
399016,0.09024662788439011
399017,0.043394640495451525
399020,0.05704841277187038
399047,0.09571518078794947
399053,0.43666855644881897
399056,0.015072636465761798
399061,0.02858168714366227
399066,0.15361601027732708
399074,0.0390300066495641
399086,0.06213995119705591
399088,0.10528612016713665
399091,0.06075325567818934
399092,0.05252615119295216
399093,0.037346903834535934
399100,0.010974224246635958
399124,0.03172232305089395
399131,0.1162656851248226
399142,0.03369241472223286
399149,0.03533223182368007
399158,0.2031364657762514
399160,0.022162082924221206
399167,0.014924207474844822
399169,0.08580288569418473
399171,0.007794644548789103
399174,0.05957896018083939
399178,0.09460533796288993
399179,0.3612940518699789
399184,0.03641643886602479
399185,0.023593513336697916
399186,0.10422475928763407
399191,0.03236414643861306
399192,0.014875865485994233
399195,0.3189795106336365
399212,0.09642741258173548
399221,0.09718291090700926
399223,0.17752306787947963
399230,0.19015941267854408
399246,0.12336795787726226
399260,0.064393060478093
399261,0.06305248602448857
399266,0.030171137767869928
399289,0.0579613387125221
399293,0.04290680618908565
399299,0.03196089307859433
399306,0.016275921245177558
399321,0.05134074340399384
399328,0.030411708429151276
399344,0.016246766879192093
399352,0.056157907389281794
399358,0.029570154664084095
399374,0.09381152429371448
399382,0.2954533461925085
399385,0.05601991483898319
399388,0.026511326293714076
399399,0.024026660011461018
399410,0.008215106569239903
399417,0.006962597013361797
399423,0.02664522774143809
399427,0.01113735261360396
399429,0.06704781991741328
399435,0.029089154254135254
399439,0.024571954912478267
399451,0.13572173783496608
399454,0.032043446063583614
399458,0.09352759835549795
399468,0.023433440292430843
399477,0.07125579719801209
399483,0.11956776378552891
399493,0.03234378622106265
399494,0.05373972206979641
399499,0.07453130542435389
399503,0.08886589865554873
399510,0.03970089332852372
399511,0.032662244131518726
399525,0.0360202295341334
399528,0.05825791806810509
399533,0.060354763572531556
399538,0.1258886123895324
399551,0.09024420577647727
399568,0.15496915638942516
399571,0.04130808683670317
399585,0.01148624487154978
399589,0.09189736191803846
399595,0.01814740913782228
399598,0.030322603897600185
399605,0.05034879071123728
399616,0.07123792954495185
399617,0.013175826909324576
399622,0.021627938155018775
399627,0.15189310585165683
399635,0.09953524090305121
399639,0.3093520516653929
399641,0.06224739286502516
399643,0.04544112955269362
399659,0.007855508534764483
399667,0.07469442249496454
399683,0.0395261665704949
399702,0.10539299356846278
399706,0.2125288784402054
399720,0.020334864038034195
399727,0.053746393805111155
399730,0.14077908611244397
399734,0.03841378085257024
399751,0.0350281390860475
399754,0.14705421245032246
399759,0.08266848725330445
399768,0.04721811258468915
399770,0.12092424536556483
399781,0.09113721690000547
399786,0.16241993682907874
399799,0.0591720511006867
399811,0.011728064031841587
399813,0.03587317670092579
399820,0.06865379012536242
399832,0.024806146233985978
399851,0.103024365419184
399853,0.01722107320322115
399855,0.042117829574267726
399860,0.16593477554093447
399876,0.13412550636771045
399877,0.04411132693134598
399881,0.006330312728596463
399882,0.044065457884380904
399903,0.03402544638625437
399906,0.09317290320224471
399912,0.1452552817690202
399915,0.0992770705256204
399921,0.024470951543722048
399935,0.0500882234981538
399936,0.13933528355211974
399938,0.032866519144920524
399939,0.02401040453831407
399940,0.02720150380273468
399949,0.08231642674509507
399953,0.005050508787755668
399959,0.1994583010361697
399968,0.03100734500671992
399969,0.01664588006637051
399972,0.044541228800965164
399974,0.01623131498254941
399976,0.033057647785199464
399979,0.05751557162603711
399988,0.05341856364930868
399994,0.21776586588836155
399996,0.1814319051185428
399997,0.07366374539745103
400000,0.025364528036530637
400004,0.031651347198054076
400011,0.07655573678722762
400014,0.2898641956642828
400015,0.03317777207068496
400017,0.027167053462789484
400046,0.08792991101370036
400063,0.11029535315156444
400065,0.029438721437275273
400069,0.019886648619035992
400075,0.013798357634713418
400088,0.01631349187925706
400091,0.020646086597803794
400105,0.024770561502238973
400108,0.20087971052030035
400113,0.06581753672121603
400119,0.05709919736655457
400123,0.0647782168357283
400127,0.02431190182995748
400136,0.061014268424557074
400137,0.16095441475534933
400138,0.13472283121488782
400158,0.08820066916700631
400172,0.03836618074811937
400174,0.04758527541263616
400224,0.09544459870466515
400229,0.12124548173307383
400236,0.31638215870758074
400240,0.016053194426085996
400249,0.012621866705493118
400258,0.09812907724707744
400268,0.07748215833671161
400272,0.013892461809854643
400284,0.045097488617602835
400292,0.01448134279034211
400295,0.05910895439172614
400308,0.05380356061307114
400314,0.06127840008038759
400315,0.00970119071722712
400331,0.3390015350949853
400332,0.048824493361749224
400339,0.022159817193597085
400342,0.054555251076792696
400361,0.07787386676117164
400363,0.06860811770647547
400365,0.020802289157640968
400374,0.08211830720480937
400379,0.032397139829305165
400382,0.01780556437012393
400416,0.026790295486237906
400422,0.03664379284923436
400436,0.037735853877954674
400460,0.12445059400258952
400462,0.30297211407614466
400468,0.10464418300745629
400482,0.09313735142890885
400489,0.040164765938147926
400490,0.09460216364074962
400501,0.04134593229623453
400519,0.04727294291939173
400525,0.4055012405379522
400526,0.009669255665915488
400529,0.19562961796436046
400540,0.040095189723322655
400543,0.150113206807139
400545,0.03706957258183234
400556,0.10301407297501292
400572,0.06984889880367241
400584,0.015937493120140714
400589,0.04765058405986074
400593,0.17649420442174232
400597,0.027121023227659878
400616,0.05079833761740623
400642,0.0966420854106291
400643,0.057824852943316706
400649,0.022289937752799485
400672,0.07151132298104211
400685,0.02238135392894805
400693,0.10650917948684047
400695,0.1385328368824398
400701,0.014668484496141797
400720,0.029725790182399722
400741,0.04298193648200259
400745,0.07858954033154864
400750,0.016206371048653488
400779,0.16070424590015864
400784,0.04835303406227281
400792,0.08313271775831567
400800,0.03999859228518926
400811,0.024593009600285366
400813,0.21202856059660574
400820,0.007182091240279368
400830,0.06155705930377814
400833,0.025766053236516616
400834,0.053878380305479416
400841,0.020683414094214106
400855,0.22767270744341603
400856,0.07255461958860784
400860,0.020482073631758028
400866,0.034125016727682825
400869,0.09846693556537767
400870,0.0691195715976693
400880,0.024470022632106226
400882,0.020729564311772048
400915,0.061105296879102856
400921,0.16642599622293427
400923,0.08252485210428834
400925,0.027128125916394394
400936,0.05354863745553454
400943,0.20036166741030265
400962,0.013368088986595524
400963,0.06697481280298054
400967,0.03787938335345792
400970,0.06172221277417157
400975,0.017789775492988436
400981,0.27956519993727846
400983,0.21855350609708205
400987,0.04413145441209726
400988,0.017439198090554442
400994,0.09418668470930366
400998,0.12528497324243326
401002,0.020480561662858488
401003,0.07791598377535593
401005,0.035735050294084414
401007,0.03765856416982012
401022,0.21244723313642697
401029,0.3539759965042666
401035,0.037061515930722655
401036,0.34146676811893373
401040,0.012892988967692146
401045,0.049244817918652546
401053,0.03000822512786305
401065,0.03910291343272163
401067,0.07308041454990594
401069,0.051596872675205976
401073,0.09273823813010032
401074,0.10390814824874675
401078,0.08477318346735102
401082,0.2469236214979625
401086,0.05736400243492421
401092,0.058598426369075585
401097,0.029122873061595833
401098,0.02072854966131701
401099,0.2605353947782212
401100,0.06331151083340064
401107,0.13073862437664818
401119,0.1491479193452248
401120,0.04301223974461668
401137,0.29554953021993413
401142,0.2519309599005091
401162,0.017482380175113
401163,0.12629662023323263
401172,0.031953315688598015
401179,0.07611513816654522
401182,0.03067417576917798
401184,0.1394233774219086
401190,0.018972474258822602
401207,0.03373448390436511
401210,0.016395912302214384
401220,0.030534983173026935
401225,0.028263444352000455
401230,0.16875493561862653
401240,0.017174820719979826
401246,0.09149490053928278
401256,0.2487114945759266
401273,0.016440185349552366
401274,0.05082917793956865
401287,0.07490138773772975
401292,0.037556888860622875
401305,0.1651634539873896
401310,0.0077390087639699805
401311,0.08960963448852588
401321,0.09385041048224449
401332,0.03506394456669825
401338,0.016105515970347175
401345,0.046333026607750176
401368,0.055755447132003734
401375,0.576060941717612
401378,0.026183412657239148
401379,0.032768206959849
401395,0.03431910418886738
401403,0.06442886400481639
401406,0.013542288598915334
401415,0.05982071407033333
401424,0.04304740277024656
401425,0.022078895422078942
401428,0.11977927018226417
401430,0.05432044345830513
401436,0.022625963194720183
401440,0.05730255221220429
401443,0.06508745706048939
401447,0.015418123542663018
401448,0.02292567976784799
401450,0.011950607393659936
401459,0.03822471953324089
401462,0.04658201609144312
401470,0.37519359048029616
401479,0.060402168000457175
401481,0.013475163921428576
401486,0.14478920746160784
401496,0.010933314231901806
401497,0.08745653949521692
401502,0.036293730872967146
401508,0.03316194558917007
401513,0.07891204651014104
401517,0.3911668171591376
401519,0.19507791433632238
401533,0.23511412057730224
401536,0.2785583188147613
401547,0.021658724630073654
401581,0.06068306323626395
401582,0.0346308440913967
401586,0.08397095423080612
401593,0.3515608403138153
401603,0.07401333540041626
401621,0.06775543135619115
401625,0.040831116307494676
401635,0.3953683283988794
401646,0.042809254848874656
401649,0.05197828182578759
401660,0.05127117714802168
401668,0.14583661700900116
401686,0.013556684131084875
401706,0.13257839189492698
401712,0.07363258977465449
401721,0.03150370148206261
401725,0.1153373937654012
401730,0.2811462658021456
401741,0.00736320599731677
401743,0.04081371923207703
401748,0.0451394060490265
401751,0.023346339199923148
401770,0.03559068241380906
401791,0.009448087417484041
401792,0.060425884800763
401808,0.230688859423632
401816,0.01590338940058443
401820,0.10849271456603214
401821,0.023541993410429184
401828,0.016942824793624047
401830,0.15199221395606652
401832,0.020829609365283504
401839,0.0675065189226478
401852,0.00867381021041843
401868,0.026413192367214608
401876,0.024571515972360902
401879,0.24178384038002215
401882,0.009890155764827598
401894,0.061162729905584065
401899,0.1168249564425474
401901,0.21449678835154098
401913,0.04137893424068617
401919,0.014971603078502042
401920,0.03560106204468501
401923,0.01300132519834014
401924,0.1560962709522799
401932,0.19874090813477072
401942,0.2885711479980391
401949,0.05827152172384301
401950,0.12844751367233423
401951,0.022473134712977818
401952,0.043966909336900416
401971,0.16272874347715796
401972,0.02265681627645007
401973,0.051117842254158226
401974,0.059268070160306066
401983,0.06715537871634628
401984,0.01791294574357789
401988,0.008981012209563226
401989,0.04441728799283973
401990,0.02296303093963093
402024,0.10243170853313255
402029,0.047246802083740144
402030,0.1372697515096022
402041,0.05218034540709137
402042,0.08907371673197256
402043,0.027836717846098417
402052,0.0930486839359693
402053,0.02095278573457498
402054,0.024155918013311316
402057,0.05256482794589484
402067,0.08744232202088188
402068,0.013030496660863198
402069,0.12530060008862506
402070,0.09595759576073033
402071,0.015611197667040388
402073,0.02378006984223731
402074,0.027706788231694687
402075,0.07326349380729694
402076,0.02583944617442585
402077,0.028632847267412342
402078,0.3562791295256139
402079,0.1993534758324233
402080,0.018005834743078517
402081,0.012726625384244163
402082,0.036324680187692686
402089,0.20995372908537302
402090,0.042051864261803476
402091,0.09842603823827592
402092,0.07764612651213791
402094,0.07194683886152439
402095,0.011331165640408942
402096,0.03286280413262725
402109,0.06716002175959684
402151,0.06678686378475143
402152,0.026874866023663162
402153,0.036817035445564805
402155,0.03834685735427364
402201,0.030081961607268098
402210,0.05763781952812912
402212,0.06572615909951708
402218,0.024928726598182505
402227,0.08175148395771886
402234,0.12226613061799091
402236,0.023878647875302292
402242,0.0768495884508154
402243,0.026000650972477557
402244,0.4266173799569459
402245,0.012078750985502748
402250,0.05282079086709607
402251,0.10889322497839736
402254,0.2366053782986911
402255,0.1468833745098995
402256,0.12548303260608626
402257,0.2723132478302225
402258,0.1232060635415391
402259,0.04626227710010618
402260,0.027498574230338118
402261,0.10197533755495988
402262,0.022657612671810965
402263,0.11757405202770274
402264,0.015232736452868862
402265,0.0502293639683896
402266,0.14513813132472667
402267,0.04509342622668616
402268,0.013269888835893206
402270,0.04123480053383175
402271,0.017607983349760933
402272,0.12176057657726744
402273,0.03635320493918101
402274,0.02262340315383384
402275,0.06266368183165047
402276,0.035196352194683575
402277,0.04066500475638783
402278,0.02513082562286956
402279,0.045169280205435966
402280,0.016292636163842272
402362,0.09368299840192973
402363,0.023450482507838738
402364,0.022045144644907
402370,0.012648847503264369
402376,0.020516379637572257
402381,0.11779342448556362
402384,0.040253455217632184
402389,0.05264990043143805
402414,0.05078789865064431
402416,0.010382835356251001
402417,0.03305735558851702
402420,0.037148115705432236
402426,0.01575914373958057
402436,0.3109197507918404
402444,0.024035037587500554
402447,0.06289237821078851
402449,0.028758831949082082
402454,0.20570460937442614
402458,0.13759732520731438
402460,0.04521230542891901
402466,0.024274184332903247
402475,0.1037947514544619
402498,0.14223882121290599
402502,0.04877680412587452
402505,0.08475652587843976
402509,0.06295000841902676
402513,0.12978516404214896
402517,0.016593372376868795
402519,0.04709438878862869
402522,0.08125016382359475
402523,0.027955874159603832
402525,0.07865549728634766
402528,0.13281368153749018
402534,0.0926671733886987
402536,0.035998854843989445
402542,0.03257138985350599
402548,0.29120601809907587
402552,0.07426295471006047
402559,0.046102872039897394
402563,0.025247359190809678
402568,0.039188382086337285
402573,0.11224148405474207
402574,0.048436833037125974
402575,0.057623932581546834
402577,0.11064016385179953
402602,0.025346573369526088
402603,0.14028240121470692
402604,0.05005219681394895
402614,0.16530599462082612
402615,0.08778148676220456
402616,0.020741705907220458
402617,0.16095309857983
402618,0.15823263299269738
402619,0.04461154181051585
402639,0.041112651437886616
402640,0.040041412970888715
402641,0.43438876407055627
402642,0.030406212809367644
402643,0.0160052328714351
402644,0.05669210784807488
402645,0.0697102474673478
402649,0.026978344386549398
402650,0.1681903503494101
402653,0.046251152902731255
402654,0.015165331059660295
402655,0.14268004418068408
402656,0.08554763909258628
402657,0.046873299248621776
402658,0.037863014613060145
402659,0.03900425881356393
402662,0.010846593565567662
402696,0.015704995339862797
402705,0.03237170684274521
402707,0.07383326621783011
402708,0.09014995361110117
402709,0.05692270623090664
402729,0.171230423072385
402730,0.05783866434091586
402732,0.07732472908979178
402739,0.03024265492457368
402740,0.08671808811827132
402741,0.06577924171180334
402744,0.3360964779125095
402745,0.20356333235284685
402746,0.01620867960387115
402772,0.08865016592275483
402773,0.05251649502615939
402774,0.040797215296330624
402780,0.03157784824143873
402781,0.055216948500048296
402782,0.14345052508033765
402790,0.028787607589372082
402803,0.1813624499869742
402808,0.12341820580920154
402809,0.014043667198797101
402810,0.1639144648252292
402811,0.05648143225688532
402815,0.07387526898275318
402820,0.07717331180837315
402821,0.0804886187242384
402822,0.029505571532647285
402824,0.046883477075325954
402825,0.04078247024922749
402870,0.04092393574929173
402875,0.012815310059260154
402924,0.1983876110578422
402925,0.030214929566227844
402926,0.01821991833624645
402927,0.041467457393170544
402928,0.06933905159225624
402929,0.053643697513120814
402930,0.11220189439836498
402931,0.008888510487043463
402932,0.031531812659337605
402933,0.19797351972599675
402940,0.03745149942068626
402953,0.042766027335768314
402954,0.061060824951301905
402955,0.02723057776912788
402956,0.042729086517980804
402957,0.020552875757802055
402970,0.012896778727431103
402973,0.11346396886883914
402974,0.09298728517265671
402975,0.057395767399973055
402976,0.04869259167869869
402977,0.021210622695472893
402978,0.05924114435227748
402979,0.13002489688237126
402980,0.1506415159662685
402981,0.08275369419536582
402982,0.054364081430306035
402993,0.218559233214022
402994,0.0445214874659604
403099,0.02645691612689615
403137,0.020465224280787217
403138,0.051728137672957156
403165,0.038579434095893
403192,0.25100856775546865
403214,0.04406712915063446
403223,0.03127682844217587
403238,0.043772052858055965
403244,0.11550869136769824
403246,0.04051962659167934
403252,0.06700372287077287
403254,0.10184710267840838
403255,0.017989021051099032
403259,0.07821744438066335
403262,0.05347223002655227
403277,0.031257729442723085
403280,0.0669804198333456
403281,0.10457781617342467
403287,0.039406075797775116
403315,0.10506846221089886
403318,0.09682059403531355
403319,0.025271903741250927
403327,0.0273933799659261
403331,0.02505220039437827
403342,0.19079235979081977
403349,0.0455362756153048
403353,0.026149097456674732
403364,0.026323791834440585
403369,0.013105361679411658
403373,0.23165715656766087
403376,0.027232461309670927
403378,0.02037637618708621
403384,0.032683935352664624
403385,0.018500946248970505
403386,0.031354689502199815
403388,0.053279203087130696
403396,0.019698965945071593
403398,0.08758200390353509
403404,0.08962365029511564
403410,0.04389571041580838
403414,0.041265544460073356
403417,0.07026892925906206
403422,0.025528738317985654
403424,0.09778082213682235
403438,0.04779571849586683
403451,0.023135365540504656
403452,0.08297813267095352
403453,0.04505875081160454
403454,0.04434366153670406
403455,0.0694541928804949
403464,0.036554349815336014
403465,0.06798995089586213
403466,0.015524356231945905
403500,0.10291614294588478
403501,0.0620208280013792
403524,0.28631716838611754
403525,0.15333739170785604
403526,0.013563841560549508
403527,0.023254043970337604
403542,0.10474739996248278
403543,0.027501735121042585
403549,0.022920452329402957
403550,0.03968008321453854
403551,0.09483040721141132
403552,0.09576280112373535
403553,0.031648463530458595
403554,0.05967354312395351
403558,0.011581254318091753
403559,0.03791312724959556
403560,0.5953116904808606
403561,0.24981151716712294
403562,0.12201088283309183
403564,0.06846162861607255
403565,0.035178454715458836
403566,0.02892012409594425
403600,0.09109161828528062
403602,0.060458780472987805
403603,0.047903433022308706
403662,0.022981747097906277
403685,0.04716206350334159
403686,0.007383367505881169
403687,0.011699128851214227
403688,0.2179257346579811
403689,0.5163712073149763
403690,0.41442957528261865
403691,0.0724089736390081
403692,0.04613532846728466
403696,0.027642444636084534
403697,0.1751226640412424
403698,0.013166716432290433
403699,0.13993040686603717
403701,0.09035015515372459
403702,0.08666041343466639
403703,0.13570680473194832
403704,0.07464160457926826
403705,0.022942489095273785
403712,0.034035132707643787
403713,0.02551107242851489
403714,0.23492606252883674
403715,0.037528785319150944
403718,0.023233753802087535
403722,0.1306789341355876
403723,0.031408804490182726
403724,0.09619155519194392
403725,0.020834430065012406
403726,0.018470892926682976
403764,0.06851869922050505
403765,0.03241679249804517
403766,0.06771074528041998
403770,0.2509199745419489
403771,0.04342725442860527
403772,0.11951356230277604
403795,0.11392294799903671
403799,0.03465680352222102
403800,0.03729714841712792
403801,0.00928694986313323
403802,0.15618639192079095
403803,0.24970402861302488
403811,0.031465238460492734
403814,0.018230942710699884
403815,0.01971775176052396
403816,0.019601720538085978
403817,0.022808910788948707
403818,0.02813244370904031
403820,0.0406685090933815
403821,0.05403996534404136
403822,0.09524103478412033
403823,0.01964294860641073
403824,0.07947750825113345
403825,0.008488358275473161
403826,0.015304575314552715
403828,0.041974232306988546
403834,0.028036006256925643
403836,0.1550638137261733
403837,0.09788306845285255
403838,0.06062070848244197
403839,0.04525104784780183
403873,0.0814034831041064
403876,0.07459107729888562
403902,0.059692500392283084
403918,0.04266394238774862
403922,0.039834644917604696
403928,0.18717098033134838
403929,0.13567517951185887
403931,0.01676213721441223
403932,0.03683258167716594
403933,0.046982992616392105
403935,0.04791390804869473
403936,0.2279418661564882
403937,0.08809203508912869
403938,0.03930225452193455
403943,0.05616132924975453
403944,0.03416775172171364
403945,0.03648487011441752
403946,0.10259085406946963
403948,0.10616205714824647
403951,0.13542364625922118
403955,0.06424156984420258
403956,0.10346941161390155
403957,0.08318017484106663
403958,0.05021405609240076
403960,0.24803421901920358
403961,0.023474961515034573
403962,0.14078011121759101
403963,0.014418699687599294
403964,0.13454683298225703
403965,0.09297910458525313
403966,0.12074206168609809
403967,0.04165162631489622
403968,0.2966085096101569
403969,0.11442585839573277
403970,0.06783670527776464
403971,0.08702819216386942
403972,0.2749870049890508
403973,0.11872555871527082
403974,0.29454787866482335
403975,0.016821866413540026
403976,0.013575386822803234
403977,0.1012111374236488
403978,0.05795777890845026
403979,0.006230422358880943
403980,0.20576910220045685
403981,0.04023258601931039
403982,0.008262018026548724
404062,0.040594067963509284
404067,0.021043599539319127
404070,0.02438363736665249
404079,0.03000378184536745
404084,0.01796350878740154
404108,0.12452653260891042
404112,0.047254736049550175
404118,0.0832646336630862
404121,0.02417265753591976
404122,0.11281287119418079
404126,0.10599835604024643
404140,0.048931486456519874
404152,0.10907924970954119
404156,0.2700136305719443
404158,0.040738281048191924
404160,0.024246704830186344
404172,0.013541984732515042
404174,0.031653179329693526
404180,0.0725390154241091
404186,0.04724787696435857
404190,0.04834292785332564
404192,0.07798436030900631
404206,0.030880237424448773
404207,0.2888652428997369
404213,0.13712538134125507
404216,0.11645170180582037
404220,0.09270464594212274
404227,0.052429144174723934
404235,0.022193281907762038
404247,0.16721604691276376
404259,0.018830033729623406
404266,0.10941344545652848
404267,0.08198920382030231
404274,0.4601694754484899
404276,0.055525085736510015
404277,0.012909517284301241
404278,0.06321225502070695
404279,0.032832090971092694
404280,0.08969468674995175
404287,0.04966958954743788
404288,0.12399319911290907
404289,0.012995566590785398
404290,0.18308714068665696
404291,0.010200635499984094
404293,0.08024949117612676
404302,0.04009142199399457
404303,0.03549803136874416
404304,0.06422786960652926
404307,0.02285000821748751
404308,0.029444012297579716
404309,0.14597913150622865
404310,0.08016481485216054
404311,0.2690497525307447
404312,0.12367932561658232
404323,0.023326774204973057
404324,0.0310277965348618
404325,0.0451802875081982
404326,0.04042033772720292
404327,0.15239341785346916
404328,0.019088978552178268
404329,0.011041837164613854
404330,0.09071016582847077
404331,0.028317580060235645
404335,0.09652377065041504
404336,0.08384624792353851
404337,0.19397263399140308
404364,0.11972605001059858
404379,0.03965453657943699
404380,0.5075661070612875
404381,0.2514758083794003
404382,0.05656801796103614
404385,0.025455282534804675
404390,0.02767741946683418
404391,0.035977350853771566
404392,0.2175198472975889
404393,0.03818480924058696
404396,0.05785187986212077
404400,0.022795522144852885
404401,0.013152018305742837
404402,0.04287514308359883
404403,0.217472032426954
404404,0.0365188511768136
404405,0.12287594688090372
404406,0.007586653951966886
404437,0.10643067607138892
404439,0.11398636324616014
404461,0.25237069124562445
404462,0.07376959827630221
404464,0.01041323111971092
404468,0.13736702281569987
404469,0.054398495151143804
404470,0.05378938207313543
404471,0.01602184576202664
404472,0.08685977928643528
404473,0.022272037516202877
404474,0.021267008757248282
404475,0.053413993279496606
404477,0.03117458673241122
404478,0.027693128670612556
404554,0.03744640282528216
404555,0.02780109636990949
404556,0.02271488747872681
404557,0.014733732564483012
404569,0.10654999822923475
404571,0.03313739318107384
404585,0.07766086428860751
404586,0.03595947555542668
404592,0.21545027769042321
404595,0.010611520182100494
404596,0.11867038310306416
404597,0.10628359981812821
404603,0.15635324933444683
404606,0.0347458072500273
404607,0.10722849919686796
404608,0.03496039776009364
404609,0.026280338154916934
404620,0.13013165690198053
404689,0.029516268874236702
404708,0.02902941995105006
404734,0.2037682985981822
404771,0.04973404072511896
404806,0.009578177495593473
404818,0.028530354386348676
404850,0.01734728137054817
404870,0.11930141366169339
404923,0.019677922153038815
404934,0.2687981623450204
404938,0.0414457345654036
404954,0.03458565246153629
404957,0.0662760272808316
404963,0.0871555271283351
404964,0.02544741793252053
404969,0.2127558127342754
404970,0.06301453663200327
404979,0.026952744113524295
404997,0.018205651708218782
404998,0.03821422645836313
405009,0.16496106164608704
405016,0.03404664026633587
405018,0.014051998829391678
405035,0.09359289025613418
405036,0.02914436596658764
405038,0.09918352381208143
405047,0.029064756494631798
405055,0.023812011194076367
405060,0.047650005452285454
405066,0.05133396525844068
405081,0.06573556441979013
405084,0.2647997019235217
405089,0.17835292578895065
405098,0.07137732972510201
405100,0.10460894039287516
405114,0.018027345015173793
405118,0.0563778240042616
405119,0.17111838446002017
405120,0.04359901948732331
405121,0.07159251973197911
405124,0.03456286738487056
405125,0.13746941615267913
405132,0.01711622430529918
405179,0.026460079099922793
405193,0.07536620360990233
405194,0.1399675345783657
405195,0.03158156645785451
405206,0.02700090447592225
405207,0.022672536384978757
405211,0.012614009095762801
405215,0.010404635754911663
405217,0.1622222063628555
405219,0.0680356986119896
405220,0.12537432978037316
405231,0.03423483945897188
405232,0.14305751221994845
405291,0.04195329986144755
405316,0.07460818762681797
405317,0.06582593785548475
405318,0.02603695683223846
405319,0.02133944643997126
405320,0.05612335212855023
405325,0.008806242786689572
405326,0.013880193606590735
405333,0.04168313262148607
405334,0.158331675002381
405349,0.22013122838638166
405351,0.05183054402347084
405353,0.025006410423641767
405354,0.35953902140322075
405361,0.07185188728861934
405362,0.029329898142687133
405363,0.11217528504739573
405364,0.2664663881304104
405365,0.06625176354294522
405366,0.0815753971839358
405372,0.10083365369302319
405397,0.012407248200850728
405402,0.05845976699641644
405409,0.05851556465939102
405410,0.4216021011031126
405411,0.046000630616750596
405412,0.027195342461158806
405435,0.017877474987190455
405436,0.040014406133848004
405438,0.017978616553222432
405442,0.030813877797668542
405443,0.32514828361282777
405444,0.019312746279841815
405445,0.04260588551645082
405446,0.02357528377431761
405468,0.029328609609354107
405489,0.10906406492561319
405490,0.13010962833578624
405498,0.017117764439056743
405509,0.02669835184033856
405510,0.010651847281197713
405511,0.06591485745151178
405512,0.01117680522437298
405517,0.031277663500372414
405518,0.0780938154059001
405523,0.02095517168011315
405544,0.030520694950097068
405546,0.0486825551092824
405552,0.17189959550928408
405583,0.022273676779628764
405592,0.035477777945453474
405599,0.01704575458253586
405602,0.025491374139059407
405607,0.00572272125026025
405613,0.22159235355638093
405620,0.2641678916082345
405624,0.08314637876718897
405625,0.058661353194327664
405626,0.024821198741774398
405632,0.04946508743829163
405633,0.037206359392249644
405637,0.10110488773103636
405640,0.12162376287038917
405642,0.11173790637263317
405646,0.0164221180081611
405647,0.030506967346539984
405650,0.34333313864618775
405653,0.11425080678106467
405654,0.036127276542784956
405660,0.0328893440703933
405666,0.049411663862722395
405667,0.14888964629087742
405668,0.020011512965870736
405669,0.07483204238759075
405671,0.06331950449165143
405672,0.015448691240996269
405673,0.042183225057124386
405674,0.14890306883082055
405675,0.040087868109646645
405676,0.046741645526866944
405677,0.030404303922174136
405679,0.022644234497226724
405680,0.17623545509535452
405682,0.05360598463563496
405683,0.04522122159291854
405684,0.03636353449656598
405685,0.1526589505312178
405687,0.020859425903545212
405689,0.007967574385298128
405690,0.020428641792510315
405691,0.1490447232616458
405692,0.07116316248156622
405693,0.07720200453266791
405695,0.0318369535197269
405696,0.03861462883542288
405697,0.02613438326045922
405698,0.13158857286152942
405699,0.02110010278821877
405700,0.2958291065055242
405701,0.18242248764690294
405702,0.26403440661932015
405761,0.0472640512786634
405765,0.026030534761094532
405769,0.04470257106786936
405784,0.10348340153876348
405811,0.012537975108145
405814,0.02454648322624417
405816,0.14945211451568238
405818,0.060477239981448314
405821,0.02876933274799079
405822,0.0075110296357639
405838,0.022667475625564593
405841,0.03227004191044525
405846,0.040086459184588606
405855,0.05617670632616946
405857,0.03683603930711285
405858,0.11992074322546144
405860,0.06125268184176616
405861,0.10781812748361645
405871,0.07595598097250975
405879,0.02231961894917142
405880,0.033023330857748036
405886,0.03851833488004951
405901,0.04935185365242917
405904,0.06692449815299192
405905,0.03221785046511886
405906,0.04316696044672476
405927,0.022902511650277464
405930,0.09028900440724735
405944,0.06862396404502143
405946,0.01593639782403765
405954,0.18687570903515333
405963,0.04188222875327775
405964,0.008134463233661437
405965,0.01749304747129943
405966,0.10241164487247237
405970,0.025709445663706393
405971,0.05149664508863407
405992,0.05464566722091784
405996,0.015022226948453878
405999,0.015607448125502132
406002,0.06219649914432735
406003,0.02799170815793339
406004,0.022203365941801674
406005,0.04348079848706419
406006,0.09681584714751905
406007,0.1646352557395343
406008,0.14586367854943177
406028,0.01485897541546383
406029,0.047459080149441446
406043,0.04879462278079496
406044,0.015580414234634715
406045,0.14873069150365464
406046,0.14838069200418194
406048,0.014957598573637286
406050,0.04001183520695016
406051,0.027824316260477714
406052,0.16096127202438873
406053,0.1561226114021607
406077,0.046436430515471125
406082,0.0714722978435639
406083,0.1848398727221282
406084,0.03272229662512461
406098,0.015472461184079045
406099,0.04756619372993274
406100,0.2964319369329859
406113,0.1877016135456741
406114,0.04141154256906813
406115,0.10188227356749262
406116,0.03478585455940578
406117,0.009434314198375248
406127,0.03303285829965831
406128,0.05486687418277969
406129,0.07364692658454337
406132,0.029059225176571526
406133,0.03160079394027602
406134,0.05719715618769608
406135,0.2526818494982508
406136,0.05287026900583889
406137,0.1298502840135495
406138,0.08189031341170193
406139,0.09325383290793524
406142,0.10843414190783884
406143,0.18975469876369816
406175,0.06733537372029755
406176,0.054094484131120044
406177,0.03895642867046386
406194,0.03456290163216012
406195,0.01782189332500553
406208,0.06179488312973262
406210,0.05356282536289985
406216,0.12871648720662765
406217,0.1031996379520562
406227,0.03315167066872489
406228,0.02249210731456257
406253,0.03456067840713415
406254,0.012608478376934677
406260,0.06820668788627635
406267,0.06568268276844448
406269,0.014339349371648675
406276,0.2497840689451375
406277,0.042532136621999936
406279,0.0225259030396208
406288,0.029082280199545424
406297,0.1185844195856198
406308,0.14506042246382847
406310,0.1496680825547999
406320,0.01892495297467496
406336,0.03772486202934036
406352,0.020345518049975825
406365,0.045942759077468066
406369,0.076932477459648
406371,0.054665530788871014
406401,0.1329972266495127
406408,0.0815862583540659
406409,0.012270340815372337
406475,0.4696640272865884
406492,0.04411819199406069
406510,0.11165248897746152
406519,0.08319449798304951
406565,0.2432569066341147
406584,0.0819298030715846
406596,0.022361087850690048
406598,0.011295704910339528
406605,0.08502796364699602
406609,0.036944033451494655
406610,0.08149277135415142
406611,0.016961722021457338
406654,0.046779192062067806
406670,0.0901007779939641
406675,0.14781014966379138
406681,0.07927692227034545
406682,0.01640104545428307
406695,0.01951732163055455
406697,0.054018241986929505
406712,0.13191893346929495
406719,0.04279888160992717
406725,0.0877215980775464
406734,0.031207348201574434
406743,0.087707296138127
406778,0.04397292331406205
406784,0.09144661260635631
406786,0.07986711543438252
406791,0.0796345431661684
406792,0.024004802841519953
406803,0.09318590028159333
406812,0.025358590980997298
406813,0.06116702766162337
406814,0.04779413720263747
406841,0.03853383922870012
406842,0.07216400835751546
406843,0.009949079703125838
406848,0.12224234200431044
406861,0.024886683965595114
406862,0.1853320534456641
406863,0.00568043643278128
406864,0.010162464456822125
406865,0.09628513798837685
406871,0.09133987021319134
406872,0.116609692294988
406873,0.20090348818427384
406893,0.06103369912520707
406919,0.046912565774379106
406920,0.041302429132909386
406921,0.08360232513002669
406923,0.18338328807097376
406924,0.08819184734695294
406925,0.01212982213791744
406926,0.0508531220800186
406927,0.1519617717735616
406936,0.008761593510373625
406937,0.304634148937244
406938,0.023453748201930472
406939,0.02993159258660437
406940,0.05967891096665148
406941,0.03819612323265428
406952,0.036639775911070115
406953,0.07838454746010955
406954,0.04741101182363748
406962,0.0468137885480025
406963,0.3152561933302028
406964,0.02987326444505982
406965,0.2832142363592477
406966,0.0603775496293221
406967,0.022219793457544643
406968,0.20922745453607
406969,0.1212056021175675
406970,0.05271710082841218
406971,0.08704744407563637
406972,0.09294113623742287
406973,0.039862986794234584
406974,0.06439545754604167
406975,0.04060715485595392
406976,0.025694157231831376
406977,0.02658781601277646
406985,0.03372163251356427
406987,0.033824237453299696
407025,0.12558102795666617
407031,0.0583234539453257
407033,0.18370516795334785
407039,0.07752549413770522
407041,0.059439644532607666
407044,0.06634074673923328
407046,0.033229502420898276
407053,0.031437067799862876
407061,0.031794834328650046
407069,0.038369770664012294
407070,0.07913608002883533
407072,0.027500458574076708
407073,0.037519200183611705
407081,0.08671384589902123
407082,0.07754335779998783
407088,0.033590144632850094
407091,0.09056650777231652
407097,0.007933879631888581
407104,0.16544542480035107
407105,0.3667066026447988
407106,0.02040908040240942
407121,0.037861669167762166
407128,0.023438073450280886
407137,0.028699547755802173
407144,0.14868441645132546
407145,0.20861619716776147
407154,0.12547122099110894
407162,0.08960742836597455
407164,0.156306787626109
407168,0.3051466342833724
407203,0.061490381892080184
407210,0.13289901890499445
407215,0.04157218830415157
407218,0.04099408804420998
407228,0.017793379083278688
407262,0.06944445179554719
407274,0.279098526062306
407280,0.22470891715701966
407288,0.02437882812088376
407298,0.013875092356474945
407299,0.3059175803883808
407302,0.09389845947245169
407303,0.2098279055058166
407305,0.188708816971511
407306,0.21998852984505507
407307,0.023330629718415163
407313,0.013077490882837597
407314,0.008645538414938425
407315,0.024894534226236192
407316,0.07890422968315475
407322,0.20495150819098798
407323,0.08434806389672303
407324,0.02710479343681922
407325,0.04293234919692865
407329,0.19185711516385007
407330,0.22883141071680746
407332,0.07951330624153884
407333,0.081876611731199
407334,0.04607061141733238
407335,0.14809345944578614
407336,0.11584227084222146
407337,0.12026705439342049
407338,0.0886822861701998
407339,0.01912304048259041
407340,0.02342803630583119
407341,0.11441037668411286
407342,0.01495054224163596
407343,0.06766812653433316
407344,0.024417331886761175
407345,0.02115823897338374
407346,0.12657915615618967
407353,0.05229769212454807
407364,0.06283748040658992
407365,0.03215301696822286
407366,0.014174876912550202
407370,0.03946813048332803
407373,0.15032254164187206
407376,0.09519438255312102
407386,0.02347213157313526
407388,0.015670379462405203
407391,0.023527989662992865
407393,0.02813862364076951
407427,0.06557928770614413
407452,0.056159998368680804
407454,0.06028782159786319
407457,0.01938203102785533
407462,0.016011021237922092
407463,0.03250703195155923
407468,0.11641538426366985
407469,0.18691557219137256
407478,0.06467087638316804
407482,0.026375665673365516
407487,0.14173014301269357
407489,0.13141737389926011
407498,0.39114785659825235
407516,0.12359538054736613
407519,0.03668476891422013
407528,0.13297218104141145
407532,0.305917957705024
407534,0.1853068616021957
407543,0.02991352400182328
407546,0.22388150011164093
407550,0.03579767857553625
407555,0.032805859012785175
407558,0.0426973045864006
407587,0.027119158845257414
407588,0.030770372593449512
407594,0.19816879411681668
407596,0.055281616392162246
407598,0.037444477818372755
407602,0.04952855538715778
407605,0.07821481834323432
407613,0.14945461070872607
407619,0.21385075948301108
407625,0.046819454052598304
407627,0.041714485021025496
407629,0.0700755480055665
407631,0.031497712598455505
407633,0.021408977492002813
407636,0.11219954248008568
407645,0.318480498399171
407648,0.044628993528747836
407669,0.016812238241366424
407674,0.009136856187674135
407675,0.05972922144260779
407676,0.043620025022342156
407677,0.09623907803267812
407678,0.174661494407732
407679,0.052132118885345434
407680,0.12102964257960898
407681,0.05598461007566037
407682,0.03963805367530208
407684,0.13661700741459865
407692,0.04001063474504891
407693,0.23411527709268004
407694,0.0660435178725027
407695,0.015344171683120737
407696,0.08009321736213133
407697,0.12890718024138723
407698,0.051042061986797116
407699,0.038563631614581255
407702,0.033831984142760445
407703,0.07855898540093385
407725,0.11115805696322723
407726,0.11505051325305493
407729,0.1488279300171904
407731,0.015216497817299186
407745,0.09070794847282207
407749,0.04317848001539523
407750,0.01984870203022039
407751,0.12362452166348628
407752,0.39768953414314023
407753,0.2256200080017618
407754,0.08668204348990387
407755,0.11273117445467254
407756,0.03242963550094449
407765,0.031707557484747725
407766,0.05495344874436278
407767,0.047345326775959956
407768,0.02142936831213988
407773,0.08367575096248103
407774,0.07631439382100157
407778,0.08765620316030553
407779,0.07084496933173869
407780,0.2816752644875504
407781,0.08022132671939688
407782,0.020186145883207572
407783,0.10075670023970462
407784,0.09107348480985028
407825,0.07295552665935374
407826,0.012181092780198115
407828,0.07428099083997279
407829,0.017115233460814786
407830,0.1661000838444101
407831,0.029230804478001124
407832,0.036817791748780866
407838,0.02693224290913379
407839,0.07284493381296545
407840,0.012976675178854391
407841,0.07835258331384108
407842,0.03638806338267379
407855,0.07981064692654297
407857,0.05396666832833733
407881,0.06754949077139777
407882,0.12994738284930582
407885,0.02414572935291815
407915,0.02409259512140311
407916,0.0250630784225937
407918,0.24078687462702525
407919,0.13880432775840928
407920,0.02546566435837357
407921,0.05770147865792068
407922,0.02453808439873753
407927,0.05921713312731865
407934,0.044543200431890764
407941,0.12399601330845197
407942,0.027543323694513868
407943,0.03455174035080989
407944,0.04323204519260254
407946,0.04507345002798413
407947,0.022363569471567847
407952,0.01190325949064501
407955,0.07554487874300686
407978,0.07642234575048641
407986,0.02372521593686726
408003,0.07088273578997818
408006,0.032157640398062175
408008,0.0137799428274199
408015,0.056322363215787014
408016,0.046415747173945456
408028,0.12337238700071393
408035,0.0369999050018477
408042,0.03115082714674613
408044,0.24120910101106188
408052,0.007054971824350546
408053,0.030659200421900186
408056,0.06035781504181808
408068,0.03349309760673008
408071,0.04702732505018829
408074,0.034359336799370054
408085,0.10320668948356196
408089,0.023516620358087284
408091,0.05243797523584572
408098,0.015198360571168724
408106,0.07343444776063866
408108,0.2588004914750659
408116,0.20260593864541254
408126,0.029329954371645758
408130,0.12581801720079544
408135,0.022532551175764554
408148,0.05626972899467393
408168,0.10679313681574751
408170,0.10681474219697146
408172,0.07167625887814177
408176,0.02034792714413312
408181,0.038991943320491496
408191,0.010145000094231794
408194,0.059543290591691556
408213,0.10125544691781133
408248,0.03153231590999394
408249,0.013938795362696146
408250,0.04169962653796658
408256,0.2604629969414924
408261,0.06981564118483793
408262,0.08615502284221752
408268,0.08489220147020721
408269,0.02662951451459354
408273,0.057348263201742716
408280,0.08164516200661827
408286,0.08908501856582397
408347,0.14959981833822938
408349,0.01164717901025126
408350,0.02477376815591495
408351,0.033131289933122046
408352,0.04404342199370359
408355,0.03545419122509529
408356,0.030894554506255716
408357,0.037474975969281
408384,0.10683791258834653
408385,0.03399124570344952
408386,0.09754566688472799
408387,0.017602586920647277
408388,0.023239561972289526
408389,0.03848291269373667
408390,0.061381422385541534
408391,0.12032192653094032
408392,0.2033423309307827
408393,0.030818692677066096
408398,0.03696254861708856
408399,0.023058636001878435
408400,0.019796805651495143
408405,0.02592857395716635
408406,0.018390564263637728
408437,0.014811071707946606
408459,0.027290249107558825
408460,0.05186447333225129
408463,0.08261179739356317
408467,0.03467690816544144
408468,0.09996157952392407
408471,0.029070740835995992
408477,0.1460508378300304
408478,0.029816802783515953
408479,0.02189284589434532
408481,0.015256867306820457
408482,0.026945347583766106
408483,0.02299341284274801
408484,0.048832193981222946
408485,0.08648777854440273
408486,0.01874306423388211
408489,0.10531384546514219
408490,0.026985908960731265
408504,0.013795885179386305
408506,0.08167129707228162
408508,0.08673122710680253
408514,0.009590536962702918
408515,0.025710251612322953
408516,0.06797784762196776
408517,0.08709356648412178
408518,0.08612501699980864
408523,0.06138844250676332
408524,0.01726204175692471
408525,0.02091766711526474
408526,0.14412581815662617
408531,0.035944623325192576
408579,0.015936286473119524
408580,0.04584987224906198
408581,0.021022467218161856
408599,0.05925176313006884
408615,0.08522583901703898
408616,0.016991084835792186
408617,0.13268323760254888
408619,0.01939753682183857
408622,0.10188494998830219
408624,0.06656028183037545
408625,0.039070531828516435
408626,0.026748321955692857
408627,0.1013199871970257
408651,0.026724575269965835
408658,0.026777118797314092
408659,0.16632540848488234
408660,0.06838634819747083
408661,0.018769982802533666
408662,0.07215239089209262
408688,0.03818045532360573
408689,0.2992982195794432
408690,0.025924557895227962
408695,0.07161663516117428
408696,0.052323446457858545
408701,0.051006295664288444
408702,0.06499291023615562
408705,0.031186739939899743
408728,0.10569482119230957
408742,0.03137894536762132
408759,0.052236714349576344
408766,0.10547400567582117
408768,0.172946037855983
408774,0.040745402387229665
408775,0.20914824569341217
408780,0.01806272326629457
408790,0.0377325077362099
408791,0.01541560746764021
408792,0.03464903154193972
408794,0.031122874346426757
408797,0.06426221167751288
408808,0.046236639583878456
408830,0.05254036412334432
408857,0.01124970994247725
408863,0.08132291954367987
408874,0.19212061000222658
408880,0.06536931107976511
408885,0.027867549285912927
408890,0.03949621728461244
408898,0.09630085913392214
408902,0.01885426737603453
408903,0.02499956784280012
408905,0.04798716853886194
408908,0.013446375704098118
408911,0.013645087374539584
408921,0.17106846776358275
408932,0.05128753958215817
408933,0.10535738151891283
408935,0.21151488635249585
408960,0.11546819991165509
408968,0.022868775852261748
408985,0.023476817239194453
408986,0.04880900487477664
408990,0.03001042425185583
408993,0.058562175721624574
409001,0.060015203069460614
409003,0.020957228215744687
409008,0.06342023797974015
409010,0.0938652632075101
409015,0.007617473064192993
409017,0.12163608252406397
409028,0.012633753619094697
409034,0.027188183513114632
409035,0.02382841359141035
409041,0.024132276717728322
409054,0.03452355187203429
409057,0.02233038791107321
409064,0.07092389996302284
409065,0.34068553262947343
409066,0.025248528872729124
409068,0.1692049684071435
409076,0.03307894479935458
409080,0.03440719431278651
409083,0.08755963670092691
409084,0.12228924099692576
409085,0.0594557950287361
409088,0.02225082479201044
409105,0.12629292142787707
409121,0.023688719744390057
409123,0.24915988727477542
409133,0.08314839538086949
409153,0.0387203503610934
409156,0.02489980323611888
409157,0.24582401725428346
409158,0.017243140832083614
409163,0.1625248109266395
409167,0.07944739671967582
409168,0.14937494694087222
409169,0.03285720031034267
409172,0.13096382031133702
409173,0.025384952467310564
409174,0.012373207130276447
409175,0.0135084559375462
409192,0.36929064080731566
409193,0.08695905967175127
409197,0.03311300887264478
409204,0.01871368086704738
409206,0.028138078597615662
409208,0.13506556738200043
409209,0.07738221253191845
409212,0.16589612704335524
409213,0.03299701082373801
409214,0.12730919603609467
409217,0.03477919235045621
409218,0.03940695954295105
409220,0.02916144679703362
409221,0.036107993249982664
409227,0.012979007712278157
409228,0.031387755313082674
409229,0.06736766343872105
409230,0.10359644202842394
409259,0.03760144407785615
409261,0.02403584326606837
409269,0.30269362949349815
409277,0.01620110998080724
409278,0.01142167771456415
409285,0.1556935778045122
409286,0.04096386589496853
409287,0.08683230824552836
409293,0.03688358238274204
409297,0.013474782216074375
409298,0.027952571716056945
409299,0.04016837538105438
409340,0.028317105648355448
409377,0.09684094057439345
409383,0.03161029021617703
409384,0.018732506067131983
409409,0.029783974857597893
409412,0.022634375487805454
409413,0.10819237968861228
409414,0.11628212181760147
409415,0.0302416665442164
409423,0.07073435181736927
409428,0.06437173777882976
409429,0.011848663946522882
409430,0.052538170642734534
409431,0.015139830383903779
409432,0.20209181288478884
409433,0.027003545600405243
409434,0.15704815441503292
409442,0.23969115826982448
409443,0.338965935363952
409446,0.02592565721211522
409463,0.05193079082148909
409482,0.016053961060892165
409507,0.0626028271765939
409508,0.053723515317828055
409509,0.015519800593506668
409514,0.049032847524977045
409535,0.059108004635135436
409536,0.05393073582075688
409537,0.021183066972511547
409538,0.030868473087874528
409541,0.0652535895999105
409542,0.0312826296143549
409543,0.04121151414759722
409545,0.06874478554789089
409550,0.027564478195153744
409551,0.019614163858841623
409552,0.09319519831139464
409553,0.343370594340635
409558,0.056391582882180075
409563,0.0262170971308808
409574,0.0332604133824944
409607,0.06639458880037341
409608,0.3931798472704836
409628,0.010040010428363094
409632,0.11755597090543723
409633,0.22378821188919257
409636,0.0847039346210202
409676,0.03142887382817787
409691,0.026501304516096925
409694,0.1247362918061162
409707,0.04175220376124181
409723,0.010860015797856955
409741,0.01875623112567177
409743,0.10998964987387432
409747,0.04782467399655646
409773,0.05237498447639749
409777,0.2412036417692182
409778,0.08567664270918401
409804,0.08963748978954084
409805,0.011589870838719981
409812,0.030727326616234257
409817,0.023345913459034775
409836,0.04252073847944847
409846,0.121170684668026
409850,0.15940059325110115
409852,0.019904015163770668
409861,0.3155528343646597
409864,0.20545884531460407
409871,0.05403511691416944
409891,0.03613534587945284
409896,0.020494487837535443
409917,0.0882712343633306
409918,0.018831684912605926
409923,0.08683058490388519
409941,0.016483634416754944
409949,0.08815352307772523
409953,0.013428830650321803
409958,0.021434053403611243
409972,0.08986976387683743
409979,0.14208483909460015
409983,0.12460234685112154
409984,0.07395968619765163
409985,0.011845632264677525
409986,0.1027391672292187
409994,0.13718259348701045
409999,0.037835890698213075
410019,0.10396424472894053
410024,0.03450885570959206
410025,0.024667713362129178
410039,0.02962415685915846
410044,0.1371207571666496
410045,0.03314991336395095
410046,0.046434806357191785
410047,0.02136366539557126
410048,0.046199023090473454
410065,0.0464105823365751
410066,0.18022891533269575
410073,0.02055682043827433
410087,0.021139082342976734
410089,0.1469522064595424
410092,0.05693510172056712
410093,0.1350655834276442
410094,0.041757524903771354
410095,0.044318730819077945
410096,0.04803656427351298
410101,0.07795324263816929
410102,0.06234106831572131
410103,0.022967371851947166
410107,0.012147089559717345
410110,0.05149000184723003
410111,0.029122210560882413
410112,0.08666484818600202
410142,0.020732699929179848
410143,0.0371544618266043
410161,0.10210847067073642
410162,0.06717082782117083
410165,0.03067010227196145
410166,0.13065603000211556
410167,0.16946490749046883
410184,0.09955433096365535
410185,0.025744312331208545
410186,0.010884249619822428
410187,0.061121487601282144
410223,0.02780394375378844
410256,0.2619600542271582
410257,0.18728138417821488
410258,0.01996877542426375
410259,0.01178864441223165
410269,0.2689066769837928
410270,0.04303035247500432
410273,0.06717345420136572
410274,0.060292533964785844
410275,0.025534208788577362
410276,0.3127941285300493
410277,0.0805317223865527
410295,0.03156924179867849
410296,0.016891594559957365
410297,0.13722075645377546
410298,0.046710996153823695
410300,0.037207173512988745
410301,0.03930367831114441
410302,0.1235584325144991
410303,0.030772401418681643
410304,0.0355169444648926
410305,0.031466750214191715
410306,0.1266179444927086
410307,0.05817110021816275
410308,0.1293551313153214
410309,0.06383906242325882
410316,0.021229676457820597
410317,0.06955555935575153
410358,0.12799606938793182
410359,0.030249359652382735
410360,0.044373465335389425
410368,0.13713909306120817
410369,0.07483811374422651
410370,0.03344815189514218
410372,0.027103701035039722
410373,0.01564169214399856
410378,0.18718497643327836
410379,0.05312516982450666
410380,0.1488441346002167
410387,0.24026141408720098
410388,0.34316797573049773
410389,0.02747499406190211
410390,0.026813193810296402
410405,0.03398209219929611
410411,0.025063653853473113
410416,0.032080997552134116
410418,0.09280100372650468
410424,0.11483339252818162
410429,0.07704550138945258
410438,0.028806072437868015
410442,0.03838062507406836
410448,0.011918315141367625
410456,0.03434339264806427
410464,0.03299036930177839
410467,0.07484759931594655
410473,0.13607455162049892
410476,0.00950366447550193
410479,0.16392724337428788
410499,0.09492474128399682
410526,0.06590789705913601
410528,0.055496557335925956
410546,0.17707803616443746
410564,0.021562967745122445
410567,0.04226802794075174
410571,0.08859472676241248
410572,0.24917155538736319
410573,0.0477733121189859
410577,0.036931269819213706
410581,0.03362309205254139
410587,0.0776688263194841
410588,0.043225056635109366
410595,0.04442663783725945
410602,0.00979225584488019
410606,0.025950711496225944
410616,0.04333676419265142
410624,0.21307407701564024
410626,0.16723516364186342
410637,0.028455425090705866
410660,0.04646235041286265
410661,0.022496774464329475
410663,0.023799298215851195
410664,0.07836767248574891
410669,0.04223125827150705
410675,0.02449367579199511
410679,0.15428765629678734
410684,0.012780935632234088
410689,0.00907502423751331
410693,0.01917942640383082
410697,0.018575275800062217
410698,0.024150439388337636
410699,0.014100002835851208
410706,0.03350680324055018
410710,0.05863467446269668
410712,0.012055971543750363
410716,0.03360805534070647
410725,0.057307869829805846
410735,0.07836777680735518
410742,0.02393836614315778
410745,0.007061151158294313
410746,0.01589780051936914
410751,0.044712382576912194
410753,0.022457791591769444
410759,0.03227636010836235
410761,0.21298350020648663
410770,0.04913492034044918
410778,0.08422141180950568
410784,0.04234191438340798
410786,0.08275178549542955
410789,0.024389884548561214
410800,0.057154047090552156
410811,0.026529768195931672
410813,0.03101796079113052
410821,0.20455079448446006
410822,0.02548167293739164
410879,0.04623609817346873
410880,0.07043228666668609
410900,0.06589433247544599
410901,0.12715302168041134
410908,0.03492019736395465
410909,0.01828700787484437
410910,0.03846174391846403
410911,0.1289750191789257
410912,0.052481711626544345
410913,0.03281996301852356
410914,0.11857044860499334
410915,0.020807812309228096
410916,0.015202806741815279
410917,0.04481827712428958
410918,0.029288948120817983
410919,0.015419132408634184
410922,0.06681841036953962
410923,0.09874858743925279
410940,0.04317536561110548
410955,0.06796528102438837
410956,0.34982306361169174
410959,0.1469782737440106
410960,0.07289824161626171
410961,0.1429642695763261
410962,0.06664245192622872
410963,0.1213161288258768
410964,0.023014982527063313
410968,0.06701823069995286
410970,0.011335303344434708
410971,0.06071745119401652
410972,0.0742069955044055
410975,0.07992307229007177
410994,0.10928339817265514
410999,0.16237782986266638
411011,0.1362859545775737
411012,0.04701492880986362
411014,0.20470696476646338
411021,0.03182676488966512
411022,0.17838463073923533
411023,0.12616371184332661
411024,0.11006274041962805
411025,0.022421448988465383
411026,0.27459374003771875
411027,0.15245083566027207
411028,0.014201208200220045
411030,0.1328224490534114
411031,0.04960641127058414
411032,0.029760169086708765
411033,0.042308855399398715
411049,0.03763349801547867
411050,0.030383876426023804
411051,0.1165148860832566
411052,0.10432742992659268
411073,0.06792911024973222
411074,0.03633859673180069
411076,0.04699851187397491
411080,0.03733398043401549
411081,0.021688365691381665
411082,0.009388225462294345
411093,0.05297093125225674
411094,0.062498212190954305
411095,0.04754920034186578
411099,0.016237044944197542
411102,0.06349763091320762
411103,0.21149220300525337
411112,0.01544091557176424
411114,0.05756109342311131
411115,0.03316625335009752
411116,0.09661230811426232
411168,0.05536927888230689
411169,0.2012753325104355
411170,0.08046908357967861
411189,0.02266270095875478
411190,0.04931549954351592
411195,0.12329077234505362
411196,0.16394210572911977
411197,0.05699958763908131
411205,0.004599246656763733
411206,0.10721196848578793
411215,0.09405505880328084
411216,0.02731555451152842
411217,0.04045076800785273
411218,0.08084394521532758
411222,0.018867475702244032
411238,0.012073829590621938
411239,0.02693450525796833
411240,0.05830615076174941
411248,0.017886541608095635
411274,0.07201841851441337
411275,0.05184262236198947
411293,0.014634560354192309
411299,0.04747246411966526
411300,0.009488705650671355
411301,0.04412308937368152
411302,0.06873731511445046
411305,0.19467707981531301
411309,0.05482818557453474
411334,0.03970223709821069
411343,0.037468987854439695
411349,0.015088801244122058
411360,0.05951976922901599
411363,0.014558686861708562
411364,0.029975001565786218
411384,0.06662600199411123
411402,0.056537132301910334
411424,0.027827697330053802
411425,0.15758690530921676
411430,0.16783401069522816
411432,0.060541235170289844
411434,0.18803864175622811
411447,0.018567354853452553
411450,0.012821865231323261
411452,0.12710601318487477
411463,0.08641258419948221
411467,0.08318949013511034
411474,0.03427056223118041
411478,0.011499137976736545
411480,0.058776965977023234
411481,0.0732190296654705
411502,0.12803348998662292
411509,0.04039559714804964
411511,0.16543827673123296
411515,0.037809829972086303
411516,0.09346878399825281
411532,0.021642768526582146
411565,0.016053799297345076
411570,0.03960178533732912
411600,0.07755990076123931
411608,0.04341548825981633
411613,0.02512367170990415
411614,0.014478483343971896
411620,0.03901701529018574
411634,0.027196992784023245
411639,0.008979889219840985
411645,0.09680280356779351
411648,0.011473918333238489
411660,0.030726535520155702
411668,0.009740597089579526
411672,0.09825588115499448
411673,0.00942448355464165
411674,0.48094968597189874
411675,0.02367184137938957
411676,0.012553723511043955
411677,0.1245015281135141
411715,0.028628664636235736
411718,0.02342708843658583
411719,0.08928392877153546
411720,0.047176292669305786
411730,0.032051239607886965
411731,0.05747773161712995
411740,0.08276605128902519
411746,0.04327761793561345
411748,0.024533460952372944
411749,0.017190397105511238
411752,0.05593456323344649
411753,0.016391773653691093
411754,0.02294149248691136
411755,0.012296183662758975
411767,0.018926188539970572
411768,0.06615814386648183
411819,0.11823682122940649
411826,0.15085340909144812
411827,0.04464780684340724
411841,0.009903254097255499
411842,0.33950637095610725
411843,0.07822374355486406
411844,0.05911018091557489
411845,0.04737672064410222
411846,0.16049615202076867
411850,0.16059087192463717
411852,0.13455600107304694
411853,0.09137794032967689
411854,0.03226859525977262
411855,0.05279600568871483
411856,0.07608293359310449
411860,0.08763764280651773
411883,0.020433266378484104
411938,0.032313939311758584
411939,0.1330316794936977
411940,0.042574761494744456
411957,0.26797198141846584
411958,0.05970038015089402
411959,0.07709102445271623
411963,0.0180769539196919
411969,0.04481189270293996
411970,0.031385529549153295
411971,0.02395882589812123
411972,0.1192349071822432
411973,0.023137172145041622
411974,0.021988654828544896
411975,0.032646106097813696
411977,0.07166482278934175
411978,0.255645683541705
411979,0.11971885013625438
412004,0.041658703819333294
412008,0.012881128937792936
412009,0.05693151710043812
412010,0.01736321091378139
412030,0.10386218197738993
412031,0.04516131567563955
412032,0.01766869671755964
412036,0.02032291109250659
412038,0.033504702417733075
412047,0.03705849274631517
412049,0.3263766377516017
412082,0.051381848713252624
412092,0.16019863712009802
412098,0.09323140577120043
412101,0.11671149394674843
412108,0.26966335187407564
412111,0.05791204518683549
412119,0.12808543243728707
412128,0.01801381636820678
412139,0.1081320873762315
412152,0.10465290929273988
412154,0.030053965364963176
412178,0.15689316276933693
412180,0.05563814766146974
412193,0.025393227928839017
412199,0.035077857188275274
412204,0.039529069389477756
412206,0.035929871693683786
412207,0.023309163335942202
412211,0.0586197736404208
412220,0.010350020569796975
412221,0.029537747022444247
412229,0.10350940485315267
412234,0.025069126773176187
412235,0.0602207163484835
412236,0.15320183512766697
412251,0.05973773277874131
412262,0.07709586509962955
412270,0.13233041172019935
412280,0.05870531073581904
412289,0.2194527389649068
412305,0.02444934005711092
412310,0.05870154790815075
412345,0.06155561901125319
412348,0.11365060141049052
412361,0.0859045280650578
412367,0.10092584860748283
412368,0.01617467481429958
412370,0.1974494060802478
412372,0.22879389754383667
412377,0.08914289999759634
412380,0.019775260179052984
412382,0.011275041557813247
412391,0.039551121574450024
412393,0.01168038998451259
412411,0.13828062717047046
412412,0.04969926637171692
412415,0.16171547039377704
412416,0.22083206651537868
412422,0.15791341441148093
412428,0.06762085931714681
412430,0.038067821362440094
412436,0.0859682781769909
412447,0.037301242153807423
412451,0.011490544265645239
412456,0.022483792131681554
412470,0.17274844122886376
412472,0.04952705132872029
412478,0.006080282001437263
412487,0.06260395881326858
412490,0.23473544976858546
412494,0.08386567019086237
412516,0.06972322954003786
412519,0.04333569869212739
412525,0.0955464877162032
412527,0.08983810389535718
412528,0.03475003737467014
412551,0.2755145330981536
412552,0.01830514362493402
412557,0.027047210392775835
412558,0.019072049909793467
412559,0.08397144953834983
412561,0.025513428577854394
412563,0.009627240689124475
412564,0.021467470740128086
412565,0.06572597866155883
412593,0.04283306748226161
412598,0.20194099315403463
412602,0.043369617951751524
412610,0.04133129285842228
412611,0.11053645272472032
412612,0.016256815577205444
412613,0.1450420759737392
412621,0.053511612895460796
412622,0.01104886926790431
412623,0.06022780684435847
412624,0.15076588878107977
412637,0.06222816368503019
412638,0.19343347172092418
412639,0.18376914284816193
412640,0.02103077801582661
412641,0.024414293793357713
412642,0.04395966470427137
412643,0.09730837462148383
412644,0.10898910159959915
412651,0.09388888688196864
412667,0.022976923275123295
412669,0.1249451813693739
412686,0.20245756592131392
412712,0.01159039966253788
412713,0.08702268225104288
412714,0.024245441015741283
412715,0.010913839782571268
412720,0.11142621030040262
412728,0.0419028401989327
412738,0.027881809806909123
412739,0.0483662484472344
412740,0.0881313475987058
412741,0.06684014543061728
412753,0.022930154304801036
412754,0.0226084172479223
412762,0.037008121289894585
412764,0.06169501689197194
412765,0.07089351156108609
412775,0.03336298878538869
412776,0.05694587315421848
412777,0.013901612202714908
412778,0.3133955467396059
412800,0.013205633359163355
412801,0.05181211159121278
412802,0.11852084441139885
412829,0.0728174353514609
412854,0.10295356690528544
412855,0.023111517120282796
412861,0.06135485382295999
412862,0.041103531232475315
412863,0.05581853630673141
412883,0.030273729904791578
412884,0.017781896786759167
412886,0.27329772092914845
412898,0.06794428303414302
412899,0.00850110539278696
412900,0.019182956696264648
412922,0.13778494750997106
412941,0.07222296944556618
412959,0.05775750495500423
412967,0.0970955064489201
412980,0.08642923067263314
412997,0.027069231293307735
413016,0.04006490613413578
413017,0.33885953350767295
413027,0.04704504932866392
413034,0.10727218319514079
413038,0.10578165532705688
413054,0.07414362494903698
413059,0.034718282817503866
413065,0.04963703542044451
413073,0.05514548062641161
413075,0.20905718557875874
413081,0.053052194077464296
413089,0.2078534359672723
413091,0.1478961467069338
413094,0.04567683673589309
413104,0.04237276398252342
413107,0.13088252470300446
413110,0.06732979553742094
413113,0.2818527073506257
413117,0.05659973257194853
413124,0.03153525437612034
413126,0.10966099139954076
413137,0.06386490035012103
413145,0.04441821197226399
413146,0.01814811545214235
413147,0.05627042312889302
413150,0.010904500157841487
413159,0.12131135922419158
413160,0.035838828221067466
413172,0.11025305877756089
413179,0.024514612791651708
413181,0.03079442977230641
413185,0.05425546351946807
413188,0.12240046614493172
413197,0.026961320933791028
413208,0.2611974706379196
413215,0.07550856445162607
413216,0.07558484227180376
413219,0.01044198847597226
413232,0.049638036245819035
413237,0.059951976916392875
413243,0.3565308399187611
413249,0.060319473151818945
413262,0.04475735039337992
413263,0.047474657114138286
413271,0.07217836914235996
413274,0.0700530296627775
413280,0.12369078393286563
413296,0.18623219093205895
413299,0.1377697608262269
413303,0.022879866952831153
413320,0.09039432084046473
413324,0.04877320370857392
413325,0.05488851320341903
413335,0.059854052659482966
413341,0.1448559678593575
413342,0.02898920304289957
413351,0.11976425546849577
413352,0.01672243389509862
413359,0.03857497484884224
413373,0.07680348692737886
413374,0.08219298835089635
413375,0.02214460047044021
413376,0.04502937301240747
413377,0.08203673816350558
413383,0.07073425578704123
413384,0.0936651226962274
413392,0.07710262206606838
413393,0.1287034449085746
413395,0.04259890142518444
413424,0.07403275826244997
413425,0.04943227525283622
413457,0.01572533685504395
413458,0.06630930540607378
413459,0.09834513435539292
413460,0.008403483772141057
413465,0.054762382521112526
413466,0.14612520932054085
413467,0.03281809933636122
413468,0.019717237131384027
413475,0.07629435058388993
413476,0.07622972244267717
413477,0.3884030932165583
413478,0.018934589868004535
413479,0.0076194316055569035
413489,0.08618078121415063
413491,0.0704533081850029
413492,0.0938929061813373
413493,0.06602494875102756
413494,0.09872879773081439
413495,0.16875814966070837
413498,0.06094182924216096
413499,0.08273786851476453
413545,0.08506101140995229
413549,0.02377086365144928
413550,0.0969218841003464
413551,0.06996804721387424
413552,0.2543068494598421
413553,0.04143701643970135
413554,0.08302067644646265
413558,0.1401794985411198
413559,0.21092945185495532
413562,0.04244194422229508
413563,0.11016981668579406
413564,0.01756438410792705
413592,0.055591973687686924
413593,0.018038431739534132
413594,0.049316879358707946
413595,0.023839316050918047
413596,0.10952531715503247
413597,0.038436081092916866
413604,0.0170674570389985
413605,0.10500372998774266
413606,0.028261414321364323
413607,0.02528012706449622
413616,0.30154001319268675
413617,0.06246967978172896
413618,0.0747236840197677
413625,0.03985205654670258
413626,0.1308372908610849
413627,0.0725728709915478
413628,0.04538302226621803
413629,0.03525430876500875
413630,0.10041762284573871
413631,0.04005053850675476
413632,0.07648915262838425
413633,0.17030497948674164
413634,0.13750494032714186
413635,0.13053915268288652
413636,0.08850688258541727
413644,0.024689904915215045
413645,0.009020053391805834
413646,0.023106041838305186
413683,0.031136297572155934
413685,0.05229994270858499
413686,0.12544720184506533
413690,0.037992511165765346
413691,0.008792258524349476
413692,0.02700524889026606
413693,0.07191426451536607
413694,0.2690371458352895
413695,0.015330228041171902
413696,0.16730379761449443
413702,0.043034616011311665
413707,0.033127034741621486
413708,0.18997704573542692
413709,0.09278781867877112
413730,0.0321019011595925
413731,0.12244225482855693
413732,0.028042175201676636
413733,0.040371294831235326
413734,0.06400539718518211
413736,0.03126947054598735
413748,0.05229529389205799
413749,0.10513548538149795
413751,0.21984718661316724
413752,0.32733591625364883
413754,0.026165617191013714
413755,0.2897839960848123
413756,0.05383280775687094
413757,0.06424634813275638
413758,0.06823060574960452
413759,0.05767640811134131
413760,0.06055199969747234
413764,0.016579482466575448
413765,0.03714391269550634
413766,0.043113076704790476
413767,0.11713082234452621
413768,0.07061549931886212
413769,0.0342524644364943
413770,0.018820476049526448
413776,0.04828614149406564
413777,0.01855762789685548
413778,0.018216549156144495
413797,0.039408085388630415
413824,0.02297209755365772
413828,0.06893101569694689
413831,0.11530531352332485
413834,0.012867946010139183
413841,0.015005598424018541
413848,0.02235369302757074
413850,0.03465451001070829
413851,0.22350190859600558
413857,0.005885870911313541
413860,0.008304892410720755
413867,0.036925424924415584
413868,0.10268308356708813
413871,0.04930123789983421
413878,0.03136333342914429
413882,0.027007923939405987
413885,0.012306551384537547
413886,0.1466029411605988
413892,0.04116879743782027
413896,0.19521569003289843
413897,0.077089295390375
413917,0.2109204075219322
413921,0.014825223110364553
413934,0.34146299811246184
413941,0.02522074661792325
413953,0.009191086826761504
413958,0.11866598128174766
413967,0.061808075390877994
413971,0.016781732010552934
413975,0.04271567803507335
413978,0.07192414907584946
413983,0.11706226011870452
413984,0.010432917772240265
413989,0.05362871992688508
413992,0.0172527818807434
414001,0.05802018337396638
414002,0.020291386578198834
414003,0.06559857193007673
414007,0.16382991747738615
414008,0.04846927624634512
414016,0.13122630891641443
414022,0.02998528325606403
414026,0.08904298743905989
414041,0.05376799656774214
414042,0.3453280616308174
414045,0.061432566650243645
414047,0.08764470480872033
414050,0.4570251838426023
414061,0.018313493016763684
414068,0.07244080006383649
414076,0.0581045000095192
414093,0.09761922281678767
414102,0.018352179745991452
414109,0.06741912088362131
414117,0.05870382780881753
414144,0.01545337781011693
414149,0.01950141360118437
414160,0.033203615659683036
414166,0.32945630005246174
414171,0.22338402482159125
414172,0.07642354503649171
414183,0.04037792951409717
414186,0.027500963196436107
414192,0.032645274037346336
414194,0.12244010490427229
414203,0.37585489032127484
414206,0.018828276752251724
414207,0.011534471467569259
414229,0.051929327642803585
414231,0.05273750404418444
414248,0.028878546694093624
414251,0.07585106008802577
414252,0.021008449408531228
414253,0.44095108683757495
414254,0.11848190307654255
414255,0.16286661317064424
414262,0.03944967482921248
414265,0.18407688921119816
414266,0.10550987431586596
414267,0.0286803932264528
414269,0.05375725777637419
414270,0.06760226832452976
414271,0.05302586518125019
414272,0.056849328924109765
414273,0.04359413092146748
414275,0.013982577363925067
414323,0.4299070948189718
414324,0.035635681860600475
414328,0.03008789032477009
414329,0.0468793753690446
414333,0.024938060021644788
414341,0.045636060630803235
414357,0.03361907882730499
414358,0.016469602900946796
414359,0.03284949747241619
414362,0.10688378354525391
414363,0.03432577080556163
414368,0.019077902703292276
414372,0.037343574386824306
414375,0.026454618612990515
414376,0.013791309393430741
414382,0.07317063937563913
414383,0.14920503983059277
414480,0.029734939437932074
414481,0.10713704834181542
414484,0.30814544497175944
414485,0.023447403986796816
414486,0.018928356225632603
414487,0.048201888062140444
414488,0.11802588958226394
414489,0.03171215673238306
414492,0.016132260383444837
414493,0.21772838738544878
414497,0.021571324008040432
414501,0.03483303996839798
414543,0.1924454837926045
414544,0.10915749734915801
414559,0.04308087638613956
414560,0.07643799770714878
414561,0.014582507779202211
414573,0.09369530509454227
414574,0.030548313145070588
414575,0.13834065508500243
414577,0.04301500806188259
414584,0.4245867276106544
414585,0.04841337101229319
414586,0.18244494723675847
414590,0.01318469236078649
414591,0.05188753166701075
414593,0.20571153180000618
414597,0.033886497170903127
414598,0.2278759177125182
414621,0.10190021097477661
414635,0.13133473346861238
414639,0.028226236911113506
414640,0.012119339667547623
414648,0.07188178737801584
414656,0.03299269077088927
414659,0.05440415551719636
414660,0.029843926104916034
414663,0.05726285883988025
414683,0.049930078011794235
414691,0.1300017780973779
414700,0.10110679015018831
414705,0.008965446848993454
414708,0.03852459124319919
414711,0.02289846383906813
414712,0.03229826701326727
414716,0.03654714296906456
414720,0.015554838672923475
414733,0.010623546470510416
414740,0.027018876174088848
414748,0.053656084274451774
414767,0.18735042295079127
414771,0.15000881415324413
414779,0.08530331646056073
414785,0.10472254312990259
414787,0.14276496981300163
414793,0.01571205776949901
414816,0.04355179178705957
414830,0.07241598850811458
414831,0.3356583728145225
414859,0.05065948836293427
414864,0.025531629074844395
414867,0.04266496180227944
414871,0.013182125934387688
414879,0.05624199675880813
414892,0.14565422501413064
414895,0.03904467750759772
414911,0.0743555129829027
414915,0.06020891823326127
414922,0.09800820269663524
414939,0.02050503239951711
414945,0.030769453644888048
414960,0.023853462461404178
414969,0.01824427640077256
414973,0.016450862232227245
414979,0.02782183594164146
414985,0.04212918743204031
414992,0.020125430966823635
414996,0.04655530833475481
415000,0.015588894887552052
415001,0.0816472604515357
415005,0.021035250672536074
415024,0.07283994851633717
415038,0.043850961369591365
415041,0.15205151641859982
415049,0.061526970872637136
415055,0.0675952963131598
415061,0.040046745748909235
415064,0.09293576251423837
415069,0.06932213209728448
415070,0.050778879521115025
415071,0.010579798824187251
415072,0.043163712331496774
415074,0.031300929158150075
415078,0.10826607339708644
415079,0.025283896135903084
415080,0.10616136013036544
415081,0.2230383409377362
415082,0.09072826745786838
415085,0.1387436220315513
415086,0.05387809261644527
415089,0.09476813320679112
415090,0.04425463930225236
415091,0.0700847924597025
415092,0.054098965523269205
415095,0.035363099716822284
415100,0.09516062991769964
415101,0.01411445436547918
415102,0.163747141385576
415103,0.044531523557971416
415104,0.02453903612683484
415106,0.04277941612884799
415107,0.039323472730525486
415108,0.22510120725053595
415109,0.2530963394445765
415110,0.0652345228474017
415111,0.007098240824036794
415113,0.026449873078668584
415114,0.02359605524788217
415115,0.05273163664643068
415116,0.03377971712582495
415117,0.008906579451455397
415118,0.15157852545780476
415119,0.26842520848927054
415120,0.030650341406845014
415121,0.08497735229624674
415122,0.17719923341585075
415123,0.020799812129055118
415124,0.2608178495746494
415126,0.08364952793484795
415152,0.02089775207944814
415205,0.04104211283477559
415209,0.044818717479445
415326,0.04235788252158684
415409,0.03895189863121244
415414,0.015057640193248765
415430,0.058424306918350155
415466,0.0740458479678863
415467,0.11802638443463111
415473,0.04431755344689443
415474,0.0157643224586531
415479,0.018321773972468893
415480,0.04311820415251534
415486,0.01645841154405621
415488,0.047346620484321006
415489,0.05198014804695482
415490,0.036852159735201104
415493,0.04507312871408212
415494,0.05966518536891016
415497,0.012958178142812337
415498,0.07236870249123699
415499,0.0246866977457902
415505,0.026229911779865268
415506,0.06701215547283959
415509,0.01906888825371657
415511,0.10765166106278728
415514,0.07091278202866484
415517,0.08895153387373067
415519,0.1116659620223214
415521,0.30913527409710406
415522,0.008812689600269959
415523,0.0384192159136323
415525,0.029893223144938932
415527,0.047258323637502334
415529,0.017828959485124942
415531,0.0377624160819457
415533,0.0668529861471424
415534,0.03432454695133317
415536,0.03538974171714276
415537,0.17147412191565015
415539,0.07331077322307325
415540,0.025893753249654317
415541,0.2027807935470619
415542,0.07944843438143032
415543,0.04457084338991331
415544,0.03401968808554425
415545,0.09644356422457993
415546,0.2582095282818263
415547,0.027097118819429444
415548,0.019083451887603537
415549,0.09699822472513778
415550,0.1261997109148731
415652,0.01687870292686035
415654,0.028946463428135238
415686,0.06039157708018581
415687,0.08206851936088833
415695,0.05679323062675193
415698,0.12658168711832404
415701,0.10330279442580044
415705,0.20956977163702534
415707,0.028885059135053355
415709,0.02972051065484668
415712,0.029963645248482162
415718,0.03819273308881891
415724,0.01596177069058162
415729,0.04609582015147093
415730,0.3339943473302863
415731,0.07544213753878234
415733,0.014829832095932353
415736,0.025682926095804037
415737,0.010575003961637078
415738,0.11163877406581617
415741,0.014251658604157195
415742,0.2052943846011373
415743,0.08523470984103121
415744,0.03358481100408954
415745,0.014780670134731815
415746,0.02638297527608134
415747,0.16716209263335446
415749,0.034869186417404344
415750,0.04610296406610536
415751,0.18980086016241102
415752,0.018695201753590285
415753,0.15347259479241465
415754,0.03300599288686029
415755,0.07585464228679319
415756,0.08893592591010263
415757,0.08882876980652639
415850,0.1366848157204227
415874,0.05624774711253071
415930,0.04418082141481451
415962,0.34141497254867764
415994,0.21320906058135763
415995,0.06686494074012772
416088,0.13621505855528404
416129,0.2885431691812415
416228,0.02447994892795586
416229,0.025041160628141827
416239,0.09771542554956894
416243,0.054495760867334736
416245,0.10002463849589453
416253,0.05457032034863088
416263,0.041670847761249685
416264,0.1848140570192348
416265,0.026336815586390123
416269,0.2849221205649331
416272,0.056307083706761435
416273,0.039405213273214716
416274,0.04147978935977838
416275,0.026353966558858282
416276,0.043420276027824
416277,0.06084511676435248
416278,0.0808716967353488
416280,0.035341900324396276
416283,0.04186760842148171
416287,0.053266646603141315
416288,0.08268135229292098
416291,0.038103818519303154
416292,0.0717237791253817
416294,0.1215453122158269
416295,0.2691973132962335
416296,0.02370885969189899
416300,0.036319935932332396
416301,0.0525419644134735
416302,0.046380753910824774
416303,0.050450840326397926
416305,0.13536087790751186
416306,0.0826798672214295
416307,0.08314473512783818
416309,0.028376587627151083
416310,0.396579383094906
416311,0.06050368431014628
416312,0.02782054986664244
416313,0.34004522949890625
416314,0.015590321473092163
416315,0.1101078308652458
416316,0.06350371972792597
416426,0.016205216938770774
416435,0.012481825018438407
416444,0.0427100944063825
416477,0.14819916576810607
416484,0.09364834880421366
416488,0.14465875296121614
416502,0.03458982907227579
416542,0.15429061440247846
416582,0.021037760577813515
416647,0.018157525553234397
416658,0.051455598006563776
416659,0.03260166795689611
416675,0.02443802564778946
416676,0.22457766854867772
416696,0.24605396112603106
416721,0.022468029596560236
416729,0.029524608370440353
416743,0.07582740346237589
416744,0.06466999177587625
416761,0.04563099259402398
416793,0.10438577511895095
416826,0.011451927553893532
416848,0.06876511311914857
416850,0.03557869000276773
416860,0.19333943307871088
416861,0.22104474210175948
416862,0.0627834152387992
416865,0.05546237461187839
416870,0.10479446650729837
416871,0.06452804550100563
416872,0.03250803512033861
416874,0.13352164373350658
416877,0.022734457690649967
416879,0.014147278851561225
416881,0.028257042199927827
416882,0.03400492111674711
416883,0.023595224990254217
416884,0.02670247979140124
416885,0.02532710416980999
416886,0.09201357192919304
416887,0.054236534029071526
416888,0.07708014611841242
416890,0.034025008377220396
416893,0.057008513859906705
416894,0.028906085415385082
416895,0.07870313268041547
416896,0.022037448568540785
416897,0.05078569863721266
416899,0.07629005293527953
416900,0.0168078626613673
416901,0.022365420958331966
416902,0.004792849696910659
416903,0.059891271970550594
417043,0.01592346501500417
417159,0.024295690555554576
417182,0.041323774314982936
417183,0.04951323462530353
417187,0.035001798198752904
417209,0.02046343394982032
417226,0.3172968604105706
417228,0.14413732519568284
417232,0.018959278690103883
417234,0.017796391167327168
417241,0.052746809024482325
417245,0.024547672277901954
417246,0.11183264784494208
417247,0.07337830086706186
417250,0.12141572789136892
417251,0.022788073392564764
417253,0.012803230353543246
417254,0.0407940710646408
417255,0.04987299981799178
417256,0.1075638921652013
417257,0.06749511521983077
417258,0.15238875324026738
417259,0.013066484727324516
417260,0.14851691700541755
417261,0.02115292489124094
417263,0.11982152266204044
417264,0.02456819621957807
417265,0.037076501415696635
417266,0.09741733157455365
417267,0.04724383226864795
417268,0.019575909980307334
417338,0.025468430003129948
417342,0.09991946884343776
417349,0.05380877745049252
417382,0.06158509956627189
417388,0.061787728425986635
417389,0.13554180756025588
417393,0.19773965378603262
417395,0.10528514371928722
417397,0.01775188039603592
417398,0.0075913224154077075
417401,0.09835926760512259
417403,0.13656918183368577
417406,0.06960401895049782
417407,0.17162015468521588
417408,0.1902940055537412
417409,0.03834247153933346
417411,0.022232811868089328
417412,0.05279587331994376
417414,0.09070897155848048
417416,0.150924053521606
417417,0.0646791802568631
417420,0.11219845156675208
417421,0.1244564651650274
417422,0.25673720102681996
417423,0.02402266612655642
417426,0.017272971548314513
417427,0.07517600876718837
417428,0.044920280926471566
417429,0.019352236339399274
417430,0.10349146935975312
417431,0.03644914325784848
417432,0.024198358167788658
417433,0.04259102635990488
417435,0.0446105090141799
417436,0.03617377659761664
417438,0.03177795245045585
417439,0.05521183911157804
417440,0.044166761247884795
417441,0.035889260826157725
417442,0.24249717249866976
417443,0.08947937811011755
417444,0.07479595617879115
417445,0.11970922083816926
417446,0.041271945698673165
417447,0.12676363319634945
417448,0.06468710396398802
417449,0.040393255098039614
417450,0.0607036035359941
417451,0.11175187999211589
417452,0.05154913019257728
417453,0.06097727547783745
417454,0.02628674928720194
417455,0.17163009881766955
417456,0.015107058471172587
417457,0.020546874648869482
417513,0.012292446408615681
417544,0.4162497433748606
417555,0.08242192313635313
417567,0.06531424475292352
417612,0.025445688389105114
417625,0.10631904334711885
417626,0.031332251331048444
417627,0.1585365013211427
417648,0.03767147591964559
417735,0.039511872620461415
417736,0.17337283639623552
417749,0.0425208845462651
417778,0.024316952546643525
417863,0.04366595335452356
417893,0.017261077693433623
417895,0.027461404035302554
417903,0.02524581894729714
417910,0.054287095756611406
417915,0.18049907922065195
417925,0.056711291993764866
417927,0.016089019829730065
417940,0.19386054982180806
417949,0.06865202265157368
417950,0.021503247916265504
417952,0.05388674988365486
417956,0.03376742217595604
417969,0.053585310449541464
417970,0.013164156058075418
417974,0.054052052013612004
417975,0.01572507219346348
417976,0.024516822205907778
417980,0.03127298362234961
417982,0.0798135158399398
417983,0.031297963134035406
417987,0.0252394267679827
417988,0.08786126881928086
417989,0.03294987548195682
417990,0.4619557341015301
417993,0.10488395007469574
417994,0.02755815111892254
417995,0.006428917293678652
417996,0.06800917454349571
417997,0.017916150511741606
417998,0.242413975790904
417999,0.05949115505595354
418000,0.07282342063484956
418001,0.10100344345108744
418002,0.030999197088080535
418003,0.11812602785449279
418004,0.1025131644678815
418005,0.186983335235216
418006,0.03970646788532476
418009,0.1270360811597624
418011,0.08959798861703083
418012,0.018743574725852138
418013,0.12732641159622446
418014,0.1815446278871683
418015,0.13926550587794828
418029,0.13554732371098244
418030,0.06803901854340237
418132,0.16701511033484692
418217,0.0703199712590495
418222,0.015880105257384803
418237,0.03886944023008951
418272,0.11586843732926448
418343,0.1456437782868275
418344,0.10488851622524949
418345,0.14092125688137253
418386,0.11245035114515857
418387,0.08370497229139544
418402,0.014520727324167466
418436,0.011156024945187956
418456,0.39378454509537786
418458,0.06152972399455783
418460,0.08507487419869549
418487,0.0620305664445384
418514,0.025963209303044778
418519,0.01816046327833301
418532,0.01578883757430475
418539,0.03422728393719542
418549,0.0641843541641101
418555,0.02582073122075359
418556,0.2828208357537938
418558,0.11596738888133551
418559,0.013847943872792022
418562,0.024177200441864097
418568,0.3012897517171004
418576,0.024881717364024544
418578,0.12107175425081454
418580,0.05092683642509989
418581,0.11826465393745861
418582,0.008704464259593758
418584,0.03188859008939106
418585,0.04431914899847225
418587,0.03976766470924038
418591,0.01498318068233609
418592,0.03596294481828736
418593,0.05312644565122062
418595,0.018666714209177357
418596,0.0857416267956268
418597,0.020477059086579
418598,0.04455090817654872
418599,0.022682767762261975
418600,0.04955528259531731
418601,0.06705595519335909
418602,0.14010536925544545
418603,0.14362417505766786
418604,0.022228789027826323
418606,0.08794620872363003
418607,0.022362537571903963
418608,0.0677468394808766
418609,0.053471923535425216
418610,0.11901620297430787
418611,0.14776976794839597
418612,0.05748977176666349
418613,0.03840908039281184
418614,0.09948341655194196
418615,0.013359809418777853
418616,0.03769220142205881
418618,0.2062710964838239
418651,0.08061649028840771
418652,0.01853475796444352
418653,0.08710514676845098
418658,0.1689544202545294
418692,0.2126500277467777
418749,0.22155101496776428
418820,0.09847274716483193
418843,0.04251518454709194
418863,0.05413926945670978
418915,0.030877974436065374
418938,0.10441317964687319
418957,0.07430676515064386
419024,0.1854111247711701
419061,0.017168939638786882
419063,0.0390143075361103
419076,0.06645771663326736
419093,0.024392875687868968
419131,0.06377243444432773
419132,0.019310131761208906
419138,0.029471675429459512
419139,0.06152369062489227
419141,0.03656919544011347
419142,0.02001584176993345
419143,0.03508268570471242
419145,0.010756461007897237
419149,0.035965609647472224
419151,0.02835098328972572
419152,0.02316112377931654
419153,0.04845861299104866
419154,0.04475870098250543
419155,0.06535321083851277
419156,0.03286987635877239
419157,0.01762029870605983
419158,0.36955105851469766
419159,0.12679541373777944
419162,0.01439259519519763
419163,0.024165017562730914
419165,0.21007709548986575
419168,0.15621175151057767
419169,0.03107645316386083
419170,0.07833990385142695
419171,0.22455095942502973
419172,0.10374974088063246
419173,0.0705667749232022
419174,0.03865694195766073
419175,0.012071611498934404
419176,0.18131549094612345
419177,0.1447759932721013
419178,0.14902596652769812
419270,0.22216157408604334
419305,0.12557013317325721
419330,0.043251171674023384
419485,0.03435240968904554
419491,0.06765548727445306
419499,0.07001865670180847
419513,0.16200810928850717
419514,0.06411074773263895
419535,0.03516157197281186
419538,0.019115216768443372
419582,0.3088871295865932
419601,0.011438349050526894
419611,0.13520730483046037
419644,0.19982264252669119
419648,0.05844094176921538
419649,0.05289169963021588
419656,0.04786672166329145
419671,0.009766086826367145
419677,0.13389382189034502
419685,0.12898331499400348
419688,0.12807109056758226
419689,0.08419494331422686
419690,0.03240714351173999
419691,0.06890656709308432
419698,0.26377327321805555
419699,0.012087970320961766
419701,0.30393979259834236
419703,0.355570206364347
419704,0.08133104846465591
419705,0.1886915472824491
419746,0.2246142624464652
419750,0.00829158846641425
419767,0.019866492954262176
419775,0.06307306876578303
419783,0.07882550745224302
419787,0.16785579154821134
419788,0.07663989082842863
419790,0.058487534966726075
419791,0.034542967072585924
419792,0.03552379124435552
419794,0.12815887058721745
419795,0.21650004096573122
419797,0.05141126972288829
419798,0.048638830210082626
419799,0.03202107262618187
419804,0.13353036235496088
419805,0.1971618969825851
419806,0.051319451597115644
419808,0.01958587671971959
419810,0.08407739015405497
419811,0.04156051741019227
419812,0.3082188411155496
419815,0.12639142290117478
419816,0.029587056755726877
419817,0.053896162917367825
419818,0.0786148535425275
419820,0.05800819089183777
419821,0.05489354346583021
419824,0.12499788294892
419825,0.07256028234649306
419826,0.044120845622898794
419827,0.006173846528296988
419828,0.02268281845571116
419829,0.03278848877701894
419830,0.41795763869446073
419831,0.037263756383698464
419832,0.06709955836224532
419833,0.11296755019738167
419834,0.04994242586024099
419835,0.013487939451128472
419836,0.048386641805031265
419837,0.09722933290508395
419838,0.01959052656048607
419839,0.06399184180213165
419840,0.040224268698028656
419841,0.11902063557732659
419842,0.2878973507064881
419843,0.13556059842548407
419913,0.1057026540797654
419916,0.0734717625894434
419955,0.0199924819808417
419956,0.042938748854928974
419992,0.02810613621818554
420150,0.06387813812431836
420160,0.0800392044010219
420190,0.025493525347033162
420195,0.04083118794657671
420204,0.10946118029575275
420207,0.1203224607050763
420210,0.04422920897750918
420214,0.07476779011140947
420218,0.01028299267103886
420219,0.033913046825304625
420220,0.052324883396323914
420242,0.024452946237770275
420249,0.013033363549216298
420254,0.030789290946338754
420255,0.021421592965962962
420258,0.2952229124888558
420260,0.010356303483601052
420263,0.09617667766744373
420265,0.04792508584189055
420271,0.020172556966862768
420273,0.05795806752734025
420274,0.0431064510276526
420275,0.04209898205807691
420277,0.012336537756830222
420278,0.04781290337289061
420279,0.035503788332027456
420280,0.06049126208354986
420281,0.06476791085002985
420283,0.12360254832434528
420284,0.05157528414896936
420285,0.034375117864213274
420286,0.03456298967273263
420287,0.039798225232911266
420288,0.008338928409826092
420290,0.023577878794987007
420291,0.03556882356128143
420293,0.051464113882517856
420294,0.00834764016711028
420295,0.10149505133950004
420296,0.01942999915859037
420297,0.1256827308008673
420298,0.03003439244990569
420299,0.09250838374555531
420300,0.058865150544863666
420344,0.03428079511382626
420345,0.24417161494586334
420347,0.017542382081713347
420348,0.11045021699251556
420349,0.041847632954620954
420350,0.025194305052438463
420351,0.017480734607001957
420352,0.014839613164163754
420353,0.036012575711431044
420354,0.1713637221290119
420355,0.032259263086666344
420356,0.11454329418912018
420357,0.02521025640712715
420358,0.1051250932588988
420359,0.05252353898300062
420360,0.021377726499479298
420361,0.020913990700596706
420362,0.023444000333903592
420363,0.11701919823921822
420364,0.0978351560879609
420365,0.033475379575850034
420366,0.05640127204264604
420383,0.0244943390891667
420436,0.14869070890220074
420446,0.039133865753268035
420554,0.07103597090663538
420565,0.0422199794414323
420569,0.054024762424060756
420573,0.05366792835983725
420574,0.08024767647007515
420587,0.09623805583715712
420589,0.09838019913964723
420593,0.031212814544721027
420594,0.06525156809651168
420595,0.0428570367203488
420598,0.014534003167967368
420601,0.09816408409953489
420602,0.08753305825446743
420603,0.03881252592391733
420607,0.013132586737849304
420611,0.010071055058997202
420613,0.04459517489027351
420614,0.08963167941677253
420615,0.14394487752120114
420616,0.018232942062673122
420617,0.08207364966540406
420618,0.01893309143439407
420619,0.042521025171434905
420620,0.021208852325280803
420621,0.09266773655084627
420622,0.05512858732995436
420623,0.09206908772650463
420624,0.02346363595030681
420625,0.021594833104502692
420626,0.16640606787661974
420627,0.1682752933980957
420628,0.024197989502242313
420629,0.014820698245734728
420631,0.0275660907952208
420633,0.08284229362196235
420634,0.03304082969237943
420635,0.057883544651649424
420636,0.0363122679170168
420637,0.07045413142176306
420662,0.015345565259759096
420727,0.022294739093880557
420728,0.10766104218133116
420733,0.20906050642878243
420787,0.023415059968207627
420789,0.020148555530289866
420792,0.0513417791305822
420797,0.1086190577463807
420814,0.025650608745370215
420833,0.16973286907304266
420839,0.0316387050055154
420841,0.17414608747219384
420843,0.033505813693658154
420844,0.11262229619566189
420847,0.16825317689924524
420849,0.025501386688690796
420851,0.07623617757694535
420853,0.048168142959136025
420854,0.0647309756181654
420855,0.04156786468619189
420856,0.022001720004149565
420857,0.053834030188638526
420858,0.010664421373873863
420859,0.027872020327588117
420860,0.44565463983417736
420861,0.15211263540815417
420862,0.053717634965018274
420863,0.05612492733886334
420864,0.05444756848215412
420866,0.3308842594730681
420867,0.020172614070422312
420868,0.029038980296389124
420869,0.058131658255677676
420870,0.009686148198545949
420871,0.0412687912709902
420872,0.0838832840222262
420873,0.009784713169577602
420874,0.09503711349742361
420875,0.07719217809355461
420876,0.037179884561440106
420878,0.01736645970690359
420879,0.07147196546994483
420880,0.01666241468958982
420881,0.046636680836465896
420882,0.03286321337769078
420883,0.15164501895376928
420884,0.17321118375721045
420885,0.03136052492715072
420886,0.049081655040510624
420887,0.07275397738770671
420888,0.02778082497980818
420905,0.03036976146045292
421015,0.03011555865501572
421200,0.32105405973303613
421269,0.0894771718155781
421272,0.03172209876402569
421290,0.16685796478808768
421323,0.22952302956613777
421342,0.0155995109607206
421349,0.06511670864918226
421355,0.031367323944012086
421356,0.06050511798368184
421363,0.23451145994496453
421365,0.11784710838323123
421381,0.0977758094184236
421383,0.025843645402868907
421386,0.49356343170629813
421394,0.007065838483426932
421395,0.11539978521994224
421399,0.09234283831094448
421431,0.316337452175461
421467,0.12299044080693212
421554,0.1209749878787201
421557,0.06029531353432367
421558,0.0994949317496278
421562,0.01100529370352866
421614,0.256378799604416
421690,0.007328283393174843
421758,0.26333485347109725
421776,0.0525878625554055
421827,0.1444417176206959
421828,0.060086135957376316
421829,0.03333515510024883
421848,0.02735127886789046
421862,0.06847127701747441
421863,0.02449727635970699
421868,0.005058531426431584
421884,0.07049229625988153
421921,0.0900323895638524
421924,0.10814645567500339
421958,0.1154630013362003
421961,0.03071402909285923
421964,0.016532761709990344
421968,0.04399162891164812
421974,0.16992307185608607
421975,0.008986962907226377
421977,0.1252490926045846
421978,0.3600315707236631
421979,0.0082889327452033
421980,0.03737714941670893
421982,0.05806777214519346
421985,0.06064673009878403
421986,0.06144207961108453
421987,0.060262340676254536
421988,0.0311059918230049
421989,0.11622773629701313
421990,0.07076947036330229
421991,0.055709305668420514
421993,0.059094466680112735
421994,0.06611881472411985
421996,0.6411231025111406
421997,0.013307282344343002
421998,0.0546912610690533
421999,0.125889576050878
422000,0.12421064815903925
422001,0.0213156927576752
422002,0.07775630144532653
422004,0.111407644398354
422005,0.14356077639173845
422007,0.09387077614151423
422008,0.04076944072303049
422010,0.03760344935963706
422011,0.04862125703985884
422012,0.039639546825260455
422014,0.059535410266367966
422015,0.2180633057516736
422016,0.08086925643910665
422017,0.01648679254055916
422018,0.028541208597366616
422019,0.13111141252580585
422039,0.009761366152464082
422041,0.02774466302436269
422042,0.038466094419845845
422043,0.029364600405646948
422044,0.04893340296644509
422045,0.08199696064857975
422047,0.09416904405213875
422048,0.028779126767854067
422049,0.02671593751813721
422050,0.0794048927902567
422051,0.13404988441234472
422053,0.08227715832748278
422054,0.06629319172702682
422055,0.03065700946403252
422056,0.042637402232399285
422057,0.11874310431559063
422058,0.10178470614847025
422059,0.03480041095203164
422060,0.036862003721871615
422063,0.14856668025306613
422064,0.01634380830972957
422065,0.06882152636873265
422066,0.03025953885991521
422067,0.03335346562709629
422068,0.017115096238708556
422069,0.048415437274565376
422070,0.031708663837827264
422071,0.017043712094000463
422072,0.024005246808841904
422074,0.07716793330848087
422152,0.009593558316565925
422210,0.1296252038103098
422227,0.21182840696899008
422308,0.14606205273862052
422339,0.036084979143190095
422368,0.06344707045822878
422391,0.03391114999500055
422407,0.04804232585464305
422485,0.0334448799995165
422491,0.07064079257642222
422506,0.0825063060709035
422508,0.14320312193235724
422512,0.04717608370400916
422513,0.030824582562972214
422514,0.03675517212942351
422518,0.018241829397309485
422519,0.01572696270913099
422523,0.037655667092867356
422524,0.06426599883363565
422525,0.024120897927481167
422526,0.020842401903619037
422527,0.07688746919735079
422531,0.18431655269637334
422533,0.006556413506626741
422534,0.04394751239665979
422536,0.07326744150055747
422537,0.051361443469494845
422538,0.10601533158205786
422540,0.07221813331132301
422541,0.30641090541512594
422543,0.054585472599348275
422544,0.3353766371182374
422545,0.029484129099285977
422546,0.017862320262498586
422547,0.15127425153089696
422548,0.1198607625509222
422549,0.08861177497954867
422550,0.041713780552860014
422551,0.03760428616698688
422552,0.018062811900248117
422553,0.09707768887756241
422554,0.11440319242776835
422555,0.09936163464786987
422556,0.018913809224715562
422639,0.019059952763331677
422667,0.09616904301127444
422734,0.06648166426307592
422748,0.0765908163056078
422749,0.12677300575139064
422796,0.05703654115038327
422810,0.016409917282673454
422839,0.08965251441519441
422850,0.15438628739158977
422891,0.08108150771455928
422940,0.14115717493280655
422962,0.012698273858832598
422964,0.09031267213964403
423009,0.1044942407681754
423022,0.03461183116744962
423041,0.22709813734561293
423046,0.0979029775281546
423052,0.0813211759101107
423055,0.031213920891924048
423061,0.2981236987489819
423075,0.017749723874303437
423076,0.05053740671556883
423077,0.10267723595642275
423081,0.17532860780895737
423083,0.07730697886019046
423087,0.06406429500587278
423089,0.013244148851928103
423091,0.026413788789095845
423098,0.13080668746166538
423105,0.01938426780704261
423106,0.07061499540784288
423107,0.08000670294024968
423114,0.14041054534308758
423116,0.02389719404643839
423120,0.0470275052912803
423121,0.0838661418643909
423125,0.044516889009846364
423132,0.045755014790582124
423133,0.025183130545789745
423134,0.2920578294135629
423135,0.020292820414227884
423137,0.03611512530707529
423138,0.027289713136652856
423139,0.04119334822370002
423140,0.046105224248750055
423141,0.10606560646662468
423143,0.04809902108244963
423144,0.0655462642204591
423145,0.01859537315967153
423146,0.12462118527858122
423147,0.09500102318119857
423148,0.08179040592867802
423149,0.020666326928263673
423150,0.09942428046268241
423151,0.034339169093234
423152,0.013990918508552535
423153,0.1867576642319277
423154,0.006699286336168881
423155,0.04923138352488544
423156,0.026587681216197055
423157,0.04215553343653387
423158,0.03980662455406085
423159,0.08263631761584578
423228,0.07730268623271
423237,0.17899168596361648
423386,0.10696945297632768
423416,0.3039771158043603
423417,0.12706904046251924
423489,0.10169010526662747
423503,0.2926375169591783
423522,0.03753744078599776
423571,0.07256675691422328
423574,0.03459479980528053
423580,0.01917209798860585
423621,0.21344413652253102
423622,0.1347885973081321
423624,0.052716875007278764
423629,0.04339077598281234
423631,0.07492702500713184
423648,0.04320690260839424
423651,0.043018973443762425
423652,0.03292318658774133
423658,0.21642664759667232
423663,0.011166593155091002
423664,0.01567053693860857
423665,0.10686979812694378
423668,0.06954419182988458
423670,0.08532664069667131
423671,0.0891559899985564
423672,0.037729709815691355
423679,0.019899860749595745
423681,0.0981469015519916
423687,0.10015588365178825
423688,0.06505620688479954
423690,0.017509101741530177
423691,0.03643238361847027
423693,0.03169609789143375
423696,0.0823789527466094
423698,0.08200520759985137
423699,0.1854761806589349
423700,0.03743823392304101
423701,0.043603027400527405
423702,0.12687215697569354
423703,0.036399032357502796
423704,0.01526292548225831
423706,0.038521920232714967
423707,0.04656031763230978
423708,0.008566437460500445
423709,0.13882990984738372
423710,0.1912712211628359
423711,0.039626245054537754
423712,0.11172581044246571
423713,0.04108857941991874
423714,0.4620617252305428
423715,0.03371893333910235
423717,0.14758327676561714
423718,0.053199841159407416
423719,0.09087544921741525
423720,0.05172263432471458
423721,0.04300695740501882
423722,0.03243782667897349
423723,0.21849792974241142
423724,0.023974940089565425
423726,0.013965330349249327
423730,0.014202266941126822
423734,0.022608487352265796
423735,0.05138887226697003
423736,0.046769935955849606
423737,0.01256554269455126
423738,0.06338572516305763
423739,0.05227970698583903
423740,0.03596306926780203
423741,0.027958540104057995
423742,0.09415707212206165
423743,0.046190423232755476
423746,0.0200185822087224
423747,0.02232336261155749
423748,0.09461802041621944
423749,0.026818424025083113
423750,0.22829898154789283
423751,0.030577747797729215
423752,0.034672277788539374
423753,0.19652566516982417
423754,0.04946823608472065
423755,0.03014934489795426
423756,0.08716716094526139
423800,0.03366508655233253
423894,0.018128085906587942
423938,0.21059348057754199
423939,0.09625967856005381
423940,0.05890781969773036
423947,0.042975668542111836
423957,0.21154510853766695
423959,0.07209760656910948
423966,0.3119792978414143
423968,0.06654813774890643
423972,0.03712883848254893
423978,0.12499527472343225
423979,0.02338694834573654
423982,0.21631097832246932
423983,0.06959919869876666
423986,0.037519519755803206
423990,0.046283408146520585
423993,0.018142309480976084
423994,0.01666103075087401
423996,0.026785523431522983
423998,0.07089891448534053
423999,0.043603255700329364
424000,0.021519336790100596
424001,0.036324589398443616
424002,0.016943742184512275
424003,0.2135442868913922
424004,0.042221308056735185
424005,0.05204807585059429
424006,0.09213780772867396
424007,0.0753047741126647
424008,0.08403803791221721
424009,0.10627832537347767
424010,0.08350865729721166
424011,0.07213111337722974
424012,0.015674617052429587
424013,0.0451799227145066
424014,0.07831161641185308
424015,0.035897633135397435
424016,0.08530385570249555
424161,0.12311592656089122
424189,0.16998431623758625
424192,0.03437086040853044
424198,0.024619872461188172
424202,0.020177414519756458
424203,0.011525763182230519
424207,0.09811403234440694
424208,0.03166860255710689
424211,0.012338359528176423
424214,0.10739559530267463
424215,0.05598564385074174
424216,0.04850177077308211
424220,0.043209433798148796
424222,0.06618997217288758
424223,0.020574571371682615
424232,0.04104615454304192
424234,0.016109010161567787
424235,0.029729139390516295
424236,0.021576853724905233
424241,0.015726139711649302
424244,0.022992746425872793
424245,0.09057790731045103
424246,0.01879162495608
424248,0.15173852876786859
424249,0.06512147325978059
424251,0.027551525709027296
424252,0.037026594762315415
424253,0.0472807193943908
424254,0.061825962723696254
424255,0.05466928221680429
424256,0.20784352563373534
424257,0.011061329341084673
424258,0.06449336704559586
424259,0.0890638641517185
424260,0.02250011664160129
424261,0.032987453161435774
424262,0.025748977024269717
424264,0.06622725793416677
424265,0.06120121338391902
424266,0.19344824487022205
424267,0.015172865496309237
424268,0.015694083654535618
424270,0.12301867401691018
424271,0.08910465530522922
424272,0.029824121041833535
424273,0.06655435274064779
424274,0.08928544450032148
424275,0.07765371179629413
424320,0.06659427373744414
424354,0.0541171469480574
424359,0.04902102560607226
424360,0.05416059850915288
424361,0.08890892600271216
424362,0.05014318873406488
424363,0.019506761511098463
424364,0.043148873583391874
424365,0.01937404231798419
424491,0.1483415478511525
424576,0.07783443469277017
424639,0.038070644613726376
424640,0.029754606192585745
424653,0.05817117607554431
424672,0.1142411405925082
424708,0.022738038260883088
424724,0.056561685059090774
424725,0.1073655126498955
424734,0.43272481724696166
424755,0.02866235866803349
424758,0.16525021270515666
424765,0.017544540655906948
424770,0.10849169986737824
424773,0.12167882779052601
424780,0.06670593082961729
424784,0.014256993885720218
424791,0.06638338014600595
424797,0.13524169492675445
424800,0.026301349051940384
424807,0.015822892324017675
424809,0.060034385143050616
424812,0.07177432617599618
424813,0.10983098736392904
424816,0.026027498654272185
424817,0.03409724540794966
424820,0.020725988141997487
424822,0.06497034291238034
424823,0.08290321698642723
424825,0.05317355142966273
424826,0.13299205528447197
424827,0.03428925442526411
424828,0.07326542115527569
424830,0.05107438623747872
424831,0.029329344216231356
424832,0.09957584088248175
424833,0.04758682484203853
424834,0.09306646134240676
424835,0.21665555832983463
424836,0.06111696381388432
424837,0.14140131066692466
424838,0.08485545658774533
424839,0.02518716725320288
424840,0.03759082352251294
424841,0.17220267731274375
424843,0.007365412813037583
424845,0.16554211045915737
424846,0.03108462892773032
424847,0.028502411679815105
424848,0.03819583879671774
424849,0.17585060249597556
424850,0.40867918347158483
424851,0.04956679678171143
424852,0.02349300082460563
424853,0.02352558670169826
424854,0.04404769783052233
424856,0.017436390939223716
424857,0.025486334621706755
424947,0.09279669109556231
425037,0.10747606836879667
425039,0.24690805152808523
425096,0.03273798710350671
425107,0.020508601684838153
425156,0.024599886272200815
425191,0.050254138408044956
425192,0.05885928392695037
425230,0.016055050406940743
425231,0.04452506997737407
425237,0.012588990473168037
425281,0.09279179126700934
425301,0.03342413624843304
425306,0.18859938506390952
425312,0.025550624952164074
425313,0.009808353587517192
425317,0.04301553421372291
425326,0.03099053996605057
425330,0.024235549890463066
425336,0.18005569550868003
425338,0.11320549944361073
425343,0.05979124158123556
425345,0.01799501016250556
425360,0.15391753133766203
425364,0.06190342276576734
425368,0.03416059082473781
425369,0.009638074311478841
425371,0.0944147453620954
425372,0.014087836122860813
425373,0.2181148511480327
425374,0.06435107595221783
425376,0.1836077746325972
425379,0.04184035329903523
425380,0.008221847136077704
425381,0.023448843979324105
425382,0.04193761201493373
425383,0.02903031819151114
425384,0.05333335944071767
425385,0.03132716353439304
425388,0.16921368164130118
425389,0.03851954335897899
425390,0.013456633996164005
425391,0.09190986049079321
425392,0.05464245528175096
425394,0.07088898669579553
425395,0.09978803602741866
425396,0.04352620512800966
425397,0.015749679340991772
425398,0.03767747934486168
425399,0.11578633450921502
425400,0.057229382857359026
425403,0.02514756911612293
425404,0.07518536567392411
425405,0.05976722745091688
425406,0.07617369147501885
425407,0.10405648947334029
425408,0.021374486693961647
425409,0.030353229986019623
425411,0.02227194394193866
425412,0.15043190869743572
425413,0.21553907767417774
425414,0.09247296142565825
425415,0.10258131589384797
425416,0.12261692126664675
425418,0.01818807919930651
425419,0.01907615169146138
425423,0.07230609933174922
425424,0.058830811298822644
425425,0.32892448245344064
425426,0.026856778763016075
425429,0.05486971213677151
425430,0.022455631571932554
425431,0.06837260005939723
425432,0.013333413415852743
425433,0.08285896207182503
425434,0.03368160864923346
425435,0.23086646957382329
425437,0.02628556943040733
425438,0.005048630696202719
425439,0.04403594602062903
425440,0.028033942841606454
425441,0.03867065229280339
425442,0.23863012800753214
425444,0.12977309695226322
425446,0.022234117200808118
425447,0.1293579586965367
425448,0.19169286786199066
425449,0.09202749642720559
425450,0.03572455419841607
425451,0.014930990440806523
425453,0.1272882732962208
425454,0.182749703751767
425455,0.060929600444673875
425456,0.132042852801197
425457,0.061764241575097585
425458,0.12597082580304142
425459,0.1671134663044087
425460,0.005640610674334067
425461,0.030137857472550374
425462,0.010261077228366233
425511,0.07392410734922251
425601,0.01752275509164064
425810,0.044156484547900984
425824,0.07405353849936401
425830,0.25853493362596974
425835,0.10242549894460402
425838,0.03445461971534977
425865,0.02406330617717957
425877,0.10743982612438965
425904,0.05970266263633538
425905,0.01118799962387754
425906,0.04485317515054994
425909,0.06569489953130793
425911,0.15033534975052423
425913,0.04544291602673739
425923,0.06391346403378056
425932,0.03181562313408038
425938,0.006537230643120474
425939,0.09964450361234947
425943,0.04001623602924149
425944,0.01839171231985225
425945,0.005728896381728174
425946,0.02321670320056177
425948,0.08818068716231056
425950,0.054335058626016945
425952,0.06156531442538082
425954,0.19689299270123325
425955,0.010911763513014698
425957,0.12531060874630054
425958,0.01809103576338206
425959,0.12204763159611595
425960,0.11938601289056217
425961,0.1712651925980615
425962,0.027336145126876252
425964,0.07945071040206823
425965,0.034613739154417976
425966,0.0835527113914453
425967,0.034718245996367754
425968,0.08881207194537327
425969,0.07012698038165799
425970,0.081643586410915
425971,0.15600337982828508
425972,0.00808208118850788
425976,0.08169613360525474
426050,0.017249081108987645
426051,0.1864528334318022
426052,0.040273151324650994
426053,0.01877451098759853
426124,0.033004123179003315
426132,0.09026161952155334
426154,0.08686293370187068
426192,0.04205075113606325
426235,0.04490509874302029
426297,0.13410340759094183
426387,0.043646478030288885
426396,0.034019973256546446
426436,0.04308720999710017
426437,0.04935823781351449
426460,0.02553136594342304
426466,0.05723169702932856
426469,0.048210775045049586
426510,0.1258536779429027
426617,0.13239521437268814
426630,0.04473931004059438
426631,0.014306400552955144
426650,0.043433663804731786
426688,0.04182156076624792
426691,0.020575736548143538
426855,0.10282024216775212
426873,0.20238964468594292
426890,0.03807239089498611
426891,0.049886408045613846
426895,0.009090637322681271
426928,0.17671945858999566
426929,0.04104131399893974
426955,0.10978024254160001
426957,0.026700907343692418
427007,0.06183421825299666
427009,0.037347781354720486
427021,0.12655832903576722
427023,0.026714452724227143
427032,0.08007548276798435
427036,0.011708805536708559
427040,0.03084229190016625
427041,0.0536005550333708
427042,0.029606891954080297
427044,0.018520823356531126
427048,0.1283583118545093
427050,0.11851933324536784
427054,0.018037915124288317
427057,0.04710155101611534
427058,0.0225005382073741
427059,0.08564523244622323
427060,0.16147981850553567
427062,0.05017185596425256
427063,0.11405071077596336
427064,0.019323263155123505
427065,0.022526937797632283
427067,0.1618646659096034
427069,0.013685501274399568
427070,0.029829083676429356
427071,0.11120132155287622
427072,0.04311017472478841
427073,0.03154656597590432
427074,0.02625860325039596
427075,0.0240950597098344
427076,0.02257474430574969
427077,0.09662961809887144
427078,0.0638302762208126
427079,0.02010625364525049
427080,0.011222775572404937
427081,0.043660173143525556
427082,0.05854387645409451
427088,0.07980120196272823
427109,0.025248881691944176
427110,0.11076391634073023
427111,0.025720419820165492
427114,0.04061526486895342
427115,0.14723457590027375
427120,0.011322055678112689
427121,0.017580775025343547
427122,0.279359419298661
427125,0.03564271835826702
427126,0.017953486428810953
427127,0.04054613349288899
427128,0.02363193028485746
427129,0.03706526366897498
427130,0.3250319296077688
427131,0.015351004801463343
427132,0.017616870791597912
427133,0.02253859614467519
427134,0.016790935370469665
427135,0.017813931573317544
427137,0.12449815970998243
427138,0.030490709491798627
427139,0.022537457123121888
427140,0.14797399468108102
427142,0.047653029233630684
427143,0.04257073677582683
427144,0.1390034985536267
427145,0.025236789205796497
427146,0.08862855438439929
427147,0.07732154022017254
427148,0.03369699560186293
427149,0.0997258249409488
427150,0.08793428094677466
427151,0.010742849035826424
427152,0.02662961020615121
427153,0.02424113836339458
427154,0.32008016770682673
427155,0.036253357872583145
427156,0.015133660434298358
427157,0.106111292838886
427158,0.08903553215670051
427159,0.09420505031237142
427160,0.008646686963091392
427161,0.04956014182145858
427162,0.29853408441231283
427163,0.17599036490437547
427164,0.04924664418710281
427165,0.00739421045284116
427254,0.027595131539957428
427263,0.0691356616759749
427324,0.09702451350912979
427330,0.16719326434612342
427379,0.02692079936537995
427465,0.030920356400471118
427485,0.18845384425620854
427489,0.019556291728336218
427505,0.08740300343330737
427567,0.1697715861736404
427575,0.190862656060591
427578,0.08688015893840027
427589,0.36338350247580475
427612,0.15459503913651518
427615,0.04036318776859704
427618,0.026649951144868886
427620,0.1060063440202691
427622,0.005589342943212306
427627,0.037367245554906246
427628,0.05581734452425025
427632,0.04305518836423586
427634,0.012023700463867647
427635,0.0663536565854996
427637,0.05927324432717745
427639,0.08558222053710766
427640,0.0850240598141471
427641,0.018514904186034693
427642,0.09158181649849777
427643,0.17665963544325242
427645,0.06180957028263127
427646,0.0291098877805326
427647,0.03892651471389372
427649,0.00985227455422279
427650,0.06777746969883328
427652,0.12242491945331849
427653,0.11543158104922818
427654,0.013195369998167077
427655,0.3551708872115297
427656,0.03019476290592645
427657,0.06711953292226258
427658,0.12090907218621949
427659,0.04049821474091392
427660,0.0816392203768343
427661,0.07617817314320247
427662,0.023325625337921797
427663,0.0953053330121918
427664,0.1202458608510447
427665,0.019340346679484796
427666,0.017752159102423924
427667,0.04824989431074396
427668,0.15851135408568529
427669,0.08901192638998096
427671,0.17323144095772536
427672,0.2840777075950907
427673,0.019585425783334328
427676,0.03205755323284906
427677,0.005416103893102361
427703,0.05765043415181226
427738,0.024932717766388286
427809,0.06137678756650028
427881,0.05151850535150136
427949,0.03245322776224879
427985,0.398317641732745
428047,0.10213044750852004
428054,0.45371672351148207
428080,0.12679397422659489
428143,0.21250513085461264
428162,0.21212062709577714
428166,0.01726245842095111
428187,0.03620179416146448
428188,0.04433527244771093
428189,0.022180312206421048
428195,0.03579110399194597
428196,0.11523158463846861
428198,0.1009380002715989
428200,0.02463402717304574
428201,0.03401324727341711
428204,0.2292308975425643
428206,0.040801112348447244
428207,0.11869237717062926
428208,0.07567195170860319
428210,0.01671569799278954
428211,0.029006907804489345
428212,0.22781975939005145
428213,0.07283460873916307
428215,0.016998784919618103
428217,0.03425670385023037
428218,0.03336665587668499
428219,0.04204234425339648
428220,0.016900935349384142
428222,0.2513508891352459
428223,0.049314650015424656
428224,0.04726799734732917
428225,0.02895087807229106
428227,0.02859178378137536
428228,0.15635252778885056
428229,0.07618332602932418
428230,0.20895510580490917
428231,0.025695204310368293
428232,0.06018395888517296
428233,0.025592539255372103
428234,0.03886469825896211
428235,0.2897283554279256
428236,0.04400103284258835
428237,0.10929228363739937
428238,0.02998665128264677
428240,0.014557262914327695
428241,0.03517256350503279
428242,0.02609675835973522
428243,0.29368782426569157
428244,0.24092187667896486
428311,0.07856000716709634
428312,0.04863380484055954
428313,0.11106125679638135
428314,0.05804764922353328
428409,0.030462771297015648
428416,0.02771258808879088
428423,0.029849509718990683
428424,0.13105065085306536
428463,0.08110569796386471
428485,0.13939139078644314
428517,0.06040141580622766
428518,0.15386719392389797
428561,0.04791433966065592
428565,0.04179148607077432
428590,0.07985728631722833
428597,0.014914680887934127
428614,0.037084826187778544
428616,0.1516140884439648
428621,0.017256988408029618
428626,0.11064187700048558
428629,0.015790492711530657
428636,0.09791104701034563
428647,0.03305567813332577
428654,0.02515734750267983
428659,0.03002277298842262
428686,0.03440215796854785
428690,0.01405616961454161
428701,0.03484012618043815
428708,0.10833254253990918
428714,0.046222699795663805
428722,0.029683288137637306
428729,0.05179969869597516
428745,0.029441045955871176
428751,0.07693610593942204
428757,0.04290521562072779
428764,0.03058158958617718
428774,0.05023536031219564
428778,0.028321753023763437
428783,0.03402227612219847
428789,0.011369705244131553
428797,0.06185954934316128
428799,0.05175449610774474
428801,0.57544064478155
428804,0.04430911239543167
428806,0.04002318554133891
428813,0.019579275887391747
428816,0.02460463527745873
428821,0.08321738092225951
428832,0.055798700850344905
428839,0.026708374517966697
428842,0.05434103634960673
428850,0.09163283197860658
428859,0.08853281648949154
428871,0.06471984279072758
428907,0.21898228892131327
428913,0.04325160189089931
428920,0.1747176721901737
428924,0.04034114889608827
428928,0.06482995313425322
428930,0.04138513679169811
428933,0.10812746313335664
428938,0.04246568491187447
428944,0.05148628148782404
428948,0.07656474578467175
428963,0.0446216341529163
428975,0.08735814230201117
428979,0.029791590150424145
428982,0.30036056754915746
428984,0.02319115855686805
428987,0.03145922878978665
429015,0.012867170549103604
429018,0.05193308130711551
429028,0.008060271616006516
429035,0.09316837127994801
429037,0.019254105885698453
429042,0.01001951829301067
429055,0.01792127121440932
429066,0.04426882634661741
429067,0.20034292058085398
429069,0.012858985668349577
429077,0.07282282593325803
429078,0.10147975933326092
429083,0.014832141400738387
429091,0.08792668656436856
429093,0.013553234257906763
429094,0.03357728494251693
429103,0.050186180902214994
429109,0.12050082234058361
429121,0.1190661841574022
429129,0.029428594152903245
429134,0.02177127278261526
429138,0.046798950150138685
429164,0.029127940202230154
429173,0.09879407639238688
429182,0.027629562453174543
429190,0.01296097484839279
429199,0.008125553220400906
429219,0.16076463314877507
429224,0.017543014551694103
429226,0.23980632478840985
429230,0.026452057299843294
429239,0.01016312821784679
429243,0.0561555215250342
429256,0.07938183361539528
429266,0.060819076554215895
429269,0.08095908216209588
429294,0.02284527369003882
429295,0.09625493626637929
429297,0.13726590849806353
429299,0.022111241938459827
429302,0.04538390483351287
429305,0.1327687134005003
429308,0.012954728101132554
429314,0.14832395404014706
429318,0.01605681021442583
429348,0.07481482898356967
429356,0.40289930939498386
429359,0.13241600933529113
429372,0.06722969996382938
429373,0.05227881687857148
429384,0.10468772340518376
429385,0.0633980414253301
429398,0.0269241475414033
429405,0.06951473428628371
429407,0.02398289031623585
429408,0.1455612936387102
429412,0.06368883834075843
429414,0.08065488741049207
429415,0.08800513759221312
429421,0.04671083472570311
429422,0.017091723629393207
429430,0.056563565635027124
429432,0.024626748866088746
429440,0.1286843187018162
429442,0.2569208413161129
429451,0.2932091952018008
429459,0.07086035984733706
429469,0.02451302802846698
429471,0.006008009580648701
429482,0.010902543083010287
429483,0.08578417765139422
429491,0.15241736678217618
429493,0.10787266294402084
429496,0.1984145898047175
429498,0.01985354263037438
429501,0.03753529065205359
429502,0.03960712972567726
429508,0.05350428975961169
429509,0.023944882548113708
429511,0.3926892710855231
429528,0.01677450726641126
429531,0.1570390030084206
429539,0.11630882780049186
429549,0.235482965615812
429555,0.08834059411179927
429557,0.048773730928196105
429567,0.09678811193812857
429570,0.049008959121328396
429576,0.025132377461004628
429590,0.025319674475815488
429591,0.20571657608482347
429597,0.06064510981014626
429600,0.2621222408147652
429602,0.029741272296706575
429604,0.08331580650742972
429623,0.04230366079908806
429625,0.007041852231815367
429626,0.04787926943757562
429628,0.010997575704494372
429634,0.029076733117850424
429637,0.018760511477957764
429666,0.08274074956251175
429667,0.08664551830629888
429670,0.024177396041322484
429673,0.015497310854931782
429678,0.03739352063267377
429693,0.02579745844521706
429702,0.018477202790706526
429708,0.048351417884116746
429737,0.025690995704440757
429739,0.016715073978576966
429740,0.023211785409730977
429750,0.09370584273394586
429770,0.1281957276946768
429774,0.0517240185933172
429777,0.09370118318650726
429780,0.053057148836750265
429809,0.10657922336670125
429810,0.016053788339865375
429831,0.03394938678180895
429835,0.11088455332278094
429838,0.05799595116002415
429846,0.060067477592640084
429851,0.03187708168570364
429852,0.01733165074588134
429856,0.019120761524484626
429857,0.07074848118434408
429866,0.28274149498979145
429871,0.03440109229615913
429873,0.17348072350690683
429879,0.18916677296287432
429882,0.02547581574478274
429885,0.03091114655780328
429890,0.070834872913836
429897,0.02511610908783094
429933,0.035983619207018355
429936,0.017907398889717763
429948,0.03318312678808481
429952,0.17958350245389718
429967,0.024275564576412854
429982,0.01971341779300008
429989,0.09901903102115595
430000,0.018912872551271238
430003,0.02083462425359987
430011,0.06602818977030138
430019,0.06024027317166271
430035,0.018600540369962455
430042,0.35684429140139706
430047,0.03903610157288218
430048,0.03564926596695981
430059,0.04451561174885808
430060,0.07492449513158621
430077,0.03617903253572101
430080,0.052200696541416645
430083,0.19957126527009234
430086,0.1355503369314267
430090,0.06865216626576343
430103,0.02021746127436901
430107,0.0826583417318573
430114,0.015725937168675506
430116,0.02615952500759132
430124,0.051432757703785886
430129,0.06985771974496531
430132,0.06155171577343095
430146,0.07284859541306271
430155,0.08141779243793434
430156,0.009783103600109642
430160,0.08667889182321142
430168,0.045605776160548006
430170,0.04319132758569427
430176,0.10981384667703516
430177,0.5368113915863184
430186,0.2668810661957299
430187,0.037174930616541646
430195,0.0800784969913041
430198,0.3124447666303859
430204,0.05510743244921693
430210,0.07471735476578006
430211,0.2469171836197342
430213,0.041302428581801554
430216,0.21261293465231262
430217,0.06038838390820355
430227,0.036171111103268795
430253,0.05782871032006148
430266,0.1574630586572921
430274,0.024576953600001113
430280,0.015915508082151236
430300,0.007493030874136097
430301,0.02326442606753069
430309,0.1351536526906149
430313,0.017734623634885937
430316,0.0634252120748081
430319,0.1254368378462411
430332,0.04322018761274926
430346,0.045670048340239675
430357,0.08782561329855995
430359,0.08337856855860135
430368,0.01974899888805162
430376,0.04071695075016722
430383,0.054454635583573954
430389,0.03811939288949
430393,0.16086039269515523
430394,0.026826443678763027
430404,0.07965527059581186
430405,0.036607175463247016
430407,0.058851118746668304
430433,0.09973839466359477
430445,0.02070418234266092
430446,0.05907329069308146
430451,0.05600583606794062
430452,0.012222797716468888
430459,0.029156573417377984
430466,0.03501442790669265
430467,0.008115144743298965
430473,0.2123213203886598
430477,0.012758223116758727
430483,0.11641615793199989
430512,0.04285426305648038
430521,0.010208417720213307
430524,0.026373831580512243
430529,0.0663226963871179
430533,0.02572604401828346
430536,0.03503522737887868
430538,0.02360787554350062
430540,0.1623113443453003
430548,0.07884998443943543
430549,0.039052413392828195
430550,0.05232943344192363
430566,0.18221455641156042
430574,0.04383163286220787
430576,0.11547921288211252
430582,0.059636640283468295
430585,0.0652541440347924
430625,0.02499055923470637
430627,0.0271497128111077
430629,0.03516082571437717
430637,0.10477746681298238
430639,0.014466181635804681
430641,0.051314908130575466
430656,0.03492244739981348
430659,0.0138388976571171
430661,0.015882710962815714
430671,0.0903678843078583
430672,0.08098604611992741
430673,0.045696004911198226
430674,0.04406531313252573
430676,0.02687263627914177
430691,0.013337562282188733
430698,0.030677492878683113
430699,0.11830047156289826
430708,0.09677288670517471
430719,0.027281320337781936
430726,0.011497917348757832
430728,0.2714759234481013
430730,0.13535842453953845
430731,0.09167269554653826
430732,0.0341005210174383
430738,0.06367882070563963
430770,0.08941890688595511
430782,0.16510227612244244
430785,0.10772230375321326
430786,0.041595957516516416
430806,0.30845937197569295
430818,0.1989071103533787
430819,0.03741385586184514
430820,0.01953251085650634
430835,0.05568979855065897
430836,0.08259811522604567
430837,0.04406524049757504
430838,0.020285569021108535
430839,0.04405664565887804
430847,0.26082658010898335
430853,0.04725054540266357
430856,0.0072093849928324735
430876,0.04900827377419377
430886,0.010367229558801466
430887,0.04260234449424402
430889,0.048458575456088754
430927,0.009479673926534772
430931,0.13209499189834073
430939,0.031032615360464373
430942,0.012543977271667332
430949,0.051961949645390026
430957,0.011168341612682086
430960,0.014844830127895066
430961,0.013944317820500284
430962,0.19393201777086766
430973,0.03274881591413364
430975,0.015515052330321702
430976,0.05008087928538994
430981,0.02138456017065198
430992,0.04891275626779506
431007,0.14425426755539525
431010,0.10497911329613409
431013,0.03473533004494113
431023,0.017833541466411224
431027,0.0503514494266971
431044,0.059108058733837905
431056,0.008882582073093497
431058,0.010592055772733588
431065,0.013419927511373221
431077,0.06932607037579347
431080,0.08540168257298791
431082,0.024389530609595395
431088,0.14883440771371462
431095,0.20553036914199074
431100,0.04498361076895209
431106,0.06811726038654979
431107,0.05129173615988629
431110,0.07023655135837531
431114,0.12598548106458268
431138,0.09929289956979975
431144,0.012818307940971154
431162,0.04866911966509782
431170,0.29710799257821086
431171,0.03144367402994596
431176,0.05046207380797722
431203,0.16259663923746603
431211,0.06193250029458275
431212,0.050890192218519356
431215,0.02809530826923305
431238,0.5889630190930669
431241,0.044628457081821574
431244,0.11986951271232549
431254,0.05493093754195456
431263,0.06758656112015324
431278,0.020189701706530384
431285,0.11552223090946011
431286,0.07658368294549939
431298,0.03371567183447455
431305,0.011941923746771239
431315,0.435042883490552
431323,0.05500429193538267
431325,0.009993938244016756
431334,0.01955687441287933
431358,0.19268363242429043
431372,0.09906643520570113
431373,0.006164708774045002
431374,0.2133434201611059
431377,0.1484126888732047
431386,0.1073231605922418
431388,0.1589184112745389
431395,0.013665075914216415
431396,0.06540652087137844
431413,0.038685993083677914
431416,0.12875776114357126
431418,0.11794396040748754
431431,0.09248708924260629
431444,0.07069757245254535
431449,0.25807224416389557
431467,0.052656918583534856
431469,0.023936025850078323
431479,0.0411138746825041
431480,0.01782382993726455
431481,0.036281002399729534
431488,0.029954638513736122
431492,0.1840909326293867
431496,0.0493077984265964
431497,0.010527950398700336
431508,0.0901243090223968
431511,0.03740165962800512
431517,0.019272201878422292
431520,0.06614232346382674
431538,0.07349091053604848
431540,0.015318681314678641
431543,0.3827293668003168
431545,0.01162845065273015
431560,0.01901663423120145
431561,0.06899840997784235
431584,0.4019335652156486
431591,0.11559215221597804
431593,0.0862951748091953
431625,0.09806282037509972
431630,0.135530687269466
431633,0.09727590239918202
431635,0.05248328590159833
431649,0.08682354374927045
431650,0.11503409223351936
431651,0.037022379380674646
431652,0.01244083297986327
431667,0.16814645195866482
431668,0.31479620425333465
431672,0.03234634817226554
431675,0.2888460976048565
431680,0.31377608126089274
431682,0.017397716064946535
431683,0.01650455839814112
431693,0.02853694645790943
431697,0.04208896431612899
431726,0.1835121709163447
431731,0.08215872446798829
431732,0.06357781505887923
431744,0.004108050704454583
431750,0.019092875724614055
431755,0.08907272641133242
431756,0.07775619455432935
431757,0.08398263040465553
431765,0.04461843303607182
431766,0.03040137926548592
431768,0.07063024731864298
431770,0.008793766067798432
431773,0.02078118076487947
431775,0.06508777948439654
431777,0.1681573301573413
431778,0.25047672983815183
431801,0.06537290072548486
431807,0.01865186415777984
431810,0.02240236387989835
431815,0.07397060206816956
431816,0.06291694893769569
431823,0.0946854050504346
431831,0.03867282951140699
431837,0.07528428916997569
431841,0.08062461178298042
431845,0.020625795718416606
431854,0.1147707735797756
431857,0.1018609209125843
431865,0.06993952513742463
431866,0.06646559635597085
431867,0.03314230666481339
431869,0.060644781417006126
431889,0.05685367912733118
431899,0.013120557283311914
431903,0.08200676417285749
431909,0.05715797273662243
431914,0.07261416894002878
431916,0.020882755638714827
431918,0.2451224470295588
431931,0.028070715108397568
431940,0.030446910410625385
431948,0.15864056133611198
431962,0.033887129559676904
431965,0.029367380032542627
431974,0.016869178128776884
431976,0.017588619522650062
431987,0.06752572841960018
431988,0.030360711073613402
431995,0.18571003541589404
431999,0.11292821575237591
432003,0.005810534780533367
432005,0.12009651587274356
432009,0.03069490289979762
432011,0.011294317110612906
432022,0.2199394416960141
432028,0.06569446107898994
432030,0.019452163940200506
432037,0.029462119522400906
432065,0.037264337220102785
432070,0.01775714401392344
432075,0.15146171208417572
432078,0.19293027220502557
432080,0.0527288759659143
432085,0.02759187429211179
432092,0.04643561265577789
432111,0.1480954213220353
432112,0.014311742699204495
432115,0.01638524179240054
432117,0.08830797059079706
432118,0.08443785791525622
432129,0.09405392700743609
432132,0.13644995245346742
432133,0.0806486773829857
432145,0.0778073804542038
432146,0.03516619264270154
432148,0.045605110029369275
432156,0.05697097550018321
432167,0.03291177387481067
432169,0.005698161239784293
432188,0.015036286015650371
432192,0.2257312130278186
432221,0.03180503953045085
432226,0.09927459578935519
432231,0.01136151676811168
432247,0.037485336374068395
432252,0.029728098501196114
432254,0.04201041371081414
432263,0.08005681240181994
432265,0.02466508477890003
432271,0.08091614465417415
432280,0.036584933168677766
432282,0.046858299054251956
432284,0.016410311107038403
432291,0.4787183926824087
432296,0.07060587632421379
432298,0.192289115145293
432301,0.020196119934750238
432309,0.07198636744597134
432312,0.11607074996506585
432320,0.018996830852485377
432324,0.019754257423721493
432330,0.03232484119556033
432339,0.015467576837504882
432356,0.03972671280262883
432357,0.007442434629533654
432362,0.0352611283698363
432365,0.029589212806557963
432366,0.08435658211302013
432370,0.1077111548961309
432377,0.07184532900372143
432384,0.0312682407408877
432391,0.03071323796583144
432405,0.024718880557221594
432406,0.14774350950663098
432414,0.1213619840554931
432415,0.00747307427477218
432417,0.012881130204125266
432419,0.04280939350361791
432424,0.03872873254084405
432425,0.0829798274916223
432432,0.1439721856842333
432438,0.0472178791812788
432441,0.09053413812497017
432444,0.3245413591932652
432446,0.3578426796357508
432452,0.06273238734326642
432454,0.03708164286832788
432473,0.21465921101483743
432482,0.07412539525545582
432489,0.051057734607499905
432492,0.24356793465300014
432495,0.02875575699427777
432501,0.203712266440928
432507,0.021631786456784804
432509,0.3930420154927747
432510,0.043589347697473815
432522,0.03928154318253383
432525,0.04179295295981708
432526,0.04440698190890066
432527,0.2975523190275674
432532,0.02169393615627745
432535,0.041928411477498095
432544,0.014388471119734885
432547,0.06921815638008026
432551,0.0452975091702321
432553,0.03641655926802278
432555,0.02644091514555675
432560,0.032717024064187375
432569,0.09416514213929977
432577,0.033105994924596475
432585,0.05357696191251477
432590,0.0341620057476474
432591,0.048997455599632866
432594,0.015957157412433157
432607,0.07043692788949035
432608,0.22398024640759634
432609,0.09751482884615884
432612,0.19551584055774213
432613,0.012512082623773518
432616,0.013195788419454915
432618,0.3811990662242341
432622,0.01926603159525982
432626,0.021457046759553185
432639,0.016421243822790595
432640,0.05211142002459465
432642,0.1286417415144846
432648,0.06895076481935095
432653,0.06441187157263081
432661,0.128290112605222
432668,0.03945620360750056
432682,0.14105845096707256
432686,0.1901427671017878
432693,0.025036230373219538
432695,0.09134530349903197
432696,0.15705657742340903
432698,0.07499786467694805
432699,0.026811393148994896
432702,0.1031488772611421
432707,0.03371268237415354
432712,0.043622233170407046
432719,0.027741161628896647
432724,0.012637868541349776
432728,0.19008755775462566
432737,0.049596720119125984
432745,0.18787518972568817
432746,0.03735934015021279
432749,0.10450998397667258
432752,0.020516571859066145
432758,0.029908262261720553
432769,0.0449582521341529
432770,0.034040891175470545
432771,0.022555606664065104
432788,0.014692524977891093
432804,0.04412861121537187
432807,0.2765742108136713
432830,0.10808162564231766
432831,0.04725777275523716
432842,0.10605306375657217
432849,0.16829840713038408
432876,0.20979565437876024
432886,0.01801387435636421
432888,0.020614375228863755
432897,0.011084640765723281
432918,0.03655518890356302
432919,0.07455547656198536
432920,0.0361770785617947
432921,0.07874124520784496
432930,0.07384304612216093
432932,0.03391192862950079
432943,0.10860875359275991
432944,0.03263869609709897
432951,0.0375347028389197
432952,0.015717608717170553
432965,0.09638287871718496
432969,0.034071516022566486
432981,0.02250416042677905
432985,0.047053092739591046
432986,0.032663140447323394
432988,0.05919026582680165
432991,0.0408615814193064
432992,0.044149949603483826
433002,0.03096843332312468
433018,0.04216633715635428
433019,0.03898420398104717
433021,0.03254784125505157
433024,0.013402556532068205
433031,0.04234173530581163
433035,0.2357602146816783
433047,0.2284582790193066
433050,0.010246444845698453
433051,0.017102502559809458
433055,0.01462196658732015
433058,0.062374391016460466
433069,0.0387687297337362
433079,0.10068844939964723
433098,0.11029450936980163
433099,0.019387913444385615
433104,0.09301825501320476
433112,0.020495881561167398
433117,0.02659097239554806
433119,0.015211522460269297
433130,0.017216174637047832
433132,0.0720948803673363
433158,0.3154802687666023
433159,0.025774791459182482
433162,0.017044341790330333
433166,0.06777508730140064
433169,0.13197516895524836
433173,0.02208313236537622
433174,0.062045638530169124
433183,0.23019621973008858
433184,0.031137252058862308
433198,0.04829521849482071
433205,0.07537247788579662
433221,0.19025316208635618
433271,0.18413551222267183
433274,0.027879214945832703
433276,0.24236681361317924
433281,0.03925864967310645
433283,0.04001801108855631
433296,0.03234041073936652
433300,0.06438262417102494
433304,0.04710176747510862
433308,0.06840801728359056
433312,0.037714240725072734
433313,0.12912271020028465
433319,0.016662092781647504
433332,0.10489933322806216
433342,0.03231849419983666
433343,0.021225570489229538
433344,0.06410211374155086
433345,0.014892281676731886
433347,0.09226773815017879
433350,0.025627573995354376
433355,0.23773055355672038
433356,0.018320050497842025
433359,0.030524945606175177
433361,0.06303115292227092
433363,0.0834092807968877
433370,0.018819587594609572
433371,0.0392234577286102
433374,0.07035459809937356
433384,0.07951933885418
433390,0.035915314184011726
433392,0.017260931461617435
433396,0.0761188523027858
433403,0.08454983837955486
433405,0.02104788539198838
433408,0.3225656872443462
433410,0.18060894090291404
433411,0.0772707795573493
433424,0.046867741620281636
433431,0.020490932825998343
433432,0.14926228191428226
433440,0.046395091924151914
433441,0.06306837831223468
433451,0.1301813574088571
433452,0.09280505414137447
433459,0.048703842673581924
433463,0.02179758552914346
433464,0.08415852789479805
433470,0.06162337894043136
433480,0.09621493953376277
433482,0.17646171537679714
433485,0.057886325570978364
433494,0.2534988475767301
433495,0.08530064153159223
433496,0.017499938087026125
433505,0.043205292889492326
433509,0.04563451694409294
433515,0.0419900387418235
433518,0.020502853737239413
433519,0.19435940114567568
433527,0.09641473483194717
433532,0.027177230955050296
433535,0.0651366660964052
433539,0.06297123207698653
433561,0.026629781648323764
433564,0.3287480941351809
433566,0.01902447242741852
433574,0.017776326085178314
433575,0.011599750671077205
433584,0.11716733087581963
433591,0.1656173872826384
433596,0.13564422352798483
433598,0.07718100668678872
433602,0.025098440049155037
433606,0.03381529277593775
433611,0.02825698055330349
433617,0.052925693278810006
433620,0.24792902026601377
433628,0.03420943528775036
433631,0.041470668892421195
433651,0.015601942303870502
433653,0.05585725289313985
433657,0.06035681365318539
433661,0.03242118372297187
433662,0.11208769015289208
433663,0.10867921102770832
433668,0.04828464464350976
433670,0.2210947332757953
433680,0.1813329469368677
433686,0.26077537339849566
433709,0.02005386196140042
433725,0.08835982894265292
433731,0.06062818531175912
433735,0.12339428655290047
433745,0.06698126868213214
433748,0.016375367223219632
433754,0.06862413469284429
433762,0.13257606760999746
433766,0.024738174804616028
433767,0.030635376320839687
433779,0.0888076701933068
433783,0.008452777432553918
433785,0.13859546091710692
433789,0.0068605386404211
433794,0.15397886054276086
433799,0.09137171360754477
433800,0.017652867478940508
433804,0.09596699383463864
433816,0.04951502661984
433820,0.060486618279015705
433829,0.01624815803203187
433837,0.019365924872214127
433840,0.01635815944972686
433842,0.09017393999006298
433849,0.04164051331659789
433853,0.02136173514028925
433862,0.014274722909673479
433872,0.016409494015609837
433882,0.04101417634478201
433892,0.06226799595725331
433896,0.013677489610179023
433906,0.06277783406945145
433913,0.12286841103755294
433914,0.02312800937070292
433957,0.03225863905139672
433958,0.02982389202930332
433965,0.09723879023901688
433976,0.05549028776013175
433984,0.01921145904042616
433995,0.08776413811343896
433996,0.03163182975238029
434006,0.24024678975119929
434007,0.019664001856395188
434009,0.08474470560003906
434019,0.11048006404387962
434024,0.1908482472932919
434026,0.1290965824795288
434027,0.013209487322830164
434034,0.1114558831196308
434036,0.017164587176681397
434037,0.13479068231750252
434046,0.043393293725415207
434050,0.007069941118249126
434051,0.01749230400172507
434052,0.031203091181008287
434055,0.055788145579551376
434061,0.10030653682900413
434064,0.018130114879886073
434108,0.08420539116417418
434109,0.10063579040380037
434121,0.06819520364472997
434122,0.04926702421342856
434140,0.011837256682948764
434151,0.0566928869951477
434156,0.030780557287366797
434157,0.018266290360727615
434160,0.1316192309119286
434164,0.01656636592845804
434167,0.020381480833174176
434169,0.05077805031472427
434173,0.011877533611788647
434176,0.08854115447854609
434177,0.14354985936131165
434179,0.10534776580887834
434180,0.031455154038223215
434183,0.0710230120002325
434192,0.030881331806548645
434205,0.031273947673150795
434209,0.04293764146860403
434212,0.10080020457760508
434214,0.15215057006654742
434216,0.08038940910094663
434222,0.26193623093819096
434223,0.04660946959697955
434224,0.16476579213019077
434259,0.18737993794172234
434261,0.0261651173664934
434263,0.13477896211664359
434264,0.0388160397688284
434282,0.02743853004364116
434283,0.007453982579179151
434293,0.19148155351620896
434317,0.10617625497379637
434322,0.052747954784491444
434326,0.038313325313819736
434327,0.019801024559250816
434328,0.02656005236794916
434336,0.03456254481418105
434340,0.031808475281364504
434342,0.114321129932729
434350,0.14508863439651115
434355,0.040130473661064
434375,0.01367311054144368
434387,0.05873831673393092
434390,0.0667366048247757
434391,0.02729139860561991
434408,0.0259486589645538
434410,0.05139249361526171
434423,0.03320997625195797
434439,0.20299442206706436
434442,0.03137858379140602
434445,0.13905902198563275
434448,0.03187389806458671
434460,0.06461811591061097
434465,0.014434633101176628
434467,0.06986493621495447
434468,0.05066256544674255
434501,0.09002820901943695
434504,0.09778526435827607
434505,0.05929070381326991
434507,0.011489574043481951
434514,0.05992765593457347
434535,0.052769905764398925
434538,0.32680009953621625
434542,0.09491935755523678
434545,0.08676117836225025
434554,0.13353717927789005
434556,0.054962579802006716
434568,0.05957590925703228
434569,0.06849892048454834
434571,0.20566761794294075
434574,0.11136431534701427
434579,0.027786722616458745
434599,0.152880488074958
434604,0.1221860087761521
434606,0.012456099536459115
434607,0.018619198052419652
434608,0.01602529926087884
434610,0.03968790766121898
434615,0.13738710157917194
434616,0.21798044937502356
434619,0.07134949431215319
434658,0.08681159891997028
434669,0.038969811174043974
434675,0.04263166576575202
434678,0.019436854204849075
434680,0.057551561927766406
434690,0.17660462772203456
434698,0.05804560890407359
434702,0.13777715406448235
434704,0.007159364626942108
434722,0.02024983814813916
434727,0.17824980073654345
434730,0.025509038159539487
434735,0.023655979738477544
434739,0.05984507522742191
434765,0.036915237946954095
434767,0.18201339807197395
434784,0.11509242772095685
434787,0.09752686205147001
434788,0.1762977982725027
434789,0.039275321414814546
434790,0.04950084319843984
434791,0.12808717182791526
434802,0.0354001309915409
434806,0.011890992562807741
434807,0.14969621401050612
434808,0.337612788493596
434815,0.05513074554501336
434816,0.06195759000495749
434817,0.06085004868174726
434818,0.23193373556845603
434830,0.18091616919578044
434918,0.01702997578443638
434920,0.04666501144405509
434921,0.04752993058007539
434922,0.24663147521319695
434937,0.024454286788761794
434948,0.029421693320979124
434949,0.06980470737885636
434952,0.053273369581706
434954,0.026397215800387758
434957,0.04267531442219545
434968,0.0262800948427008
434974,0.04202552482150533
434982,0.05351987425132536
434986,0.04097509542106485
434993,0.02065928662205454
434995,0.07418151516798477
435005,0.04601183687349676
435013,0.06819093742257532
435027,0.027633647762001744
435034,0.42413799808204355
435056,0.21581494545333305
435060,0.08427828024036106
435062,0.19667858921271525
435068,0.029640698684504002
435069,0.062315521283984036
435071,0.19494655693568538
435079,0.018902170613806384
435086,0.18310596684338862
435092,0.05201174602352293
435099,0.024704210571438866
435100,0.06746500869713584
435108,0.041492706105059125
435118,0.035845019968150704
435120,0.024345148442965463
435129,0.04761691716011228
435132,0.2170657733992688
435138,0.007237822294013815
435139,0.15274733384324776
435142,0.2258238371368116
435147,0.09115248731005099
435148,0.11137797321624149
435151,0.015244801775149893
435153,0.03469144245636878
435154,0.20324382670185548
435164,0.1190350419675147
435173,0.025006446985144447
435174,0.03718521063775685
435179,0.010655576143422872
435199,0.04491019406781538
435202,0.02008189911000418
435203,0.040155341732292744
435214,0.08837231431560759
435217,0.08015720107667498
435222,0.06067766434768322
435229,0.26640476489984677
435239,0.023072920063762867
435248,0.10271273012035292
435259,0.02930173911587034
435260,0.02550923977574251
435263,0.08349369432652683
435264,0.015207562228462167
435267,0.013873016700136007
435274,0.19300885066385845
435286,0.008252417604627844
435296,0.014008756251745285
435308,0.02279610186463526
435328,0.11893630514391651
435333,0.03667443733392364
435363,0.04410564017024107
435366,0.020885202435921842
435375,0.02311608562535162
435378,0.14774328887575508
435400,0.05575993333267865
435408,0.11496960396787326
435409,0.01592543112282992
435415,0.010039944178873472
435419,0.19710568961562983
435422,0.03841096607441738
435428,0.17714632960385354
435432,0.09067245272375182
435434,0.12339389292637777
435435,0.09489128743800289
435440,0.0739881434671561
435455,0.0359011519878449
435464,0.05688731123856776
435470,0.006366066734726235
435475,0.21322904953005067
435478,0.02925422585836669
435480,0.1006943000207344
435482,0.014662200941544034
435490,0.029554049819220312
435507,0.120937590583066
435509,0.07382100513152033
435510,0.043702993216339636
435519,0.052243093071808466
435527,0.12392878315108143
435533,0.06336086493738469
435534,0.0982352162414859
435535,0.061790894890924236
435536,0.0189516957902583
435540,0.05491664731095146
435551,0.04026640689320333
435562,0.42323523106488803
435564,0.07156356449597812
435585,0.06275366477888154
435590,0.012910496818030276
435609,0.021383348485406285
435610,0.017086857317658213
435611,0.03170198270045216
435623,0.02736846212314876
435681,0.11886787850970512
435682,0.06671041292184347
435683,0.03929980636966769
435704,0.03971229477112557
435711,0.07061173320274879
435713,0.03905519794963796
435714,0.04156123276602981
435716,0.01325464381210497
435717,0.1761010533536001
435718,0.10136623312415272
435719,0.03938636558646332
435741,0.021038031614847914
435765,0.10657306871513594
435766,0.053030780604952796
435767,0.017067932056418902
435773,0.20465192830861495
435802,0.06583181629569954
435806,0.03974824743887188
435807,0.1968037867116655
435809,0.02581767314936237
435811,0.11034438167892
435816,0.024607013850247758
435823,0.039005913809047235
435835,0.17516270650330334
435848,0.15972373888198624
435849,0.24660647471943253
435858,0.024329269050433176
435870,0.22821169735615138
435874,0.026774580309857424
435890,0.1559705461452176
435892,0.012212308076126902
435911,0.03522096617483984
435915,0.031996366248921715
435924,0.13469140554285422
435937,0.0618263212955584
435943,0.1884078813595526
435958,0.03277671258539475
435962,0.02313019133353282
435965,0.22788676099595348
435968,0.23084029091439184
435997,0.02445555714265093
435998,0.2520883852106355
435999,0.018399395512804367
436009,0.04258177327249066
436021,0.06445133400463855
436022,0.05514448411835238
436026,0.1368350035745792
436032,0.02858004700288411
436037,0.027614599719412675
436049,0.10435424629787049
436058,0.030143244868501916
436059,0.04999845283273684
436062,0.1458062707359452
436068,0.017597859453270994
436079,0.10627183685108206
436082,0.047916316431698414
436083,0.2409782022427791
436093,0.09489850567027992
436098,0.020422254232887852
436113,0.03336576003194202
436127,0.17120019592037344
436148,0.0568185159570308
436152,0.16969051807654773
436159,0.009479689257823293
436165,0.014240966213427273
436170,0.01603339008847156
436174,0.009664403690544745
436176,0.03954937143374948
436183,0.008447797711665825
436194,0.0228837001023626
436196,0.05157173464064978
436204,0.039209765469049765
436207,0.12137114212861445
436210,0.024785694298605374
436219,0.3822528023039648
436227,0.09978785924487835
436230,0.015013870705970597
436233,0.0675038646594556
436235,0.23674938238788795
436250,0.07811214585362405
436260,0.16889615728542262
436285,0.10519809057975327
436291,0.053280154875611246
436304,0.03589512183142404
436307,0.15721307607345936
436308,0.1143004644531363
436311,0.030745437074692916
436314,0.05124198179470628
436322,0.054954062651860244
436323,0.32180730811193325
436339,0.01098472141572427
436350,0.02935537753993707
436358,0.07694930308214891
436359,0.028411976063183006
436363,0.02377734577402271
436365,0.07184630622611644
436369,0.011414445511654481
436377,0.02339696394962739
436378,0.07676529493708592
436387,0.0388915426281732
436394,0.2168916125556581
436397,0.03613590497969587
436399,0.42527201267710746
436401,0.043255336057196114
436404,0.050047671512793435
436421,0.06211199009160024
436422,0.19665692095532009
436426,0.03112161644493281
436430,0.026745373857409542
436464,0.028482537781248915
436471,0.02376268950386743
436476,0.03454072350437812
436478,0.01589510745267325
436486,0.013296210247448237
436497,0.07070311535971999
436508,0.02474401566877657
436509,0.059169375758731414
436510,0.1003408829952528
436511,0.2563358251607858
436528,0.06252088182398367
436531,0.09550900878903243
436534,0.21813641305810133
436535,0.08880988143333736
436536,0.011714102614583787
436537,0.022293549196054856
436560,0.02492805404597754
436562,0.09052518544881483
436563,0.14269507737610082
436564,0.16382271607043408
436598,0.03631718641341574
436599,0.024453599353246983
436600,0.1025939629444064
436637,0.07332941663573704
436674,0.02737741221420674
436706,0.07884635920080268
436721,0.06136840837341672
436722,0.12201686201399929
436735,0.026399389452301237
436747,0.36540095038808773
436748,0.049792192357432
436750,0.0961544890590215
436757,0.22919775037484297
436767,0.11253149946706968
436771,0.018869392517335347
436781,0.14119956681638418
436786,0.01755495684864821
436799,0.021242531031554098
436807,0.09237761118379406
436812,0.047573518571205856
436821,0.0441081410435686
436835,0.02714651541297243
436836,0.2392664513815034
436846,0.06396555338160248
436874,0.020275507945738333
436880,0.1847666969538787
436882,0.09637363372913685
436885,0.014467396341546559
436893,0.06970271416404007
436894,0.005882573652749221
436896,0.02883836853573048
436902,0.0601232724843897
436918,0.019729639436586857
436921,0.033412015197656346
436935,0.07113260731320012
436955,0.009742431217002715
436961,0.05389005971862775
436963,0.077862073941658
436964,0.038675766682268915
436970,0.03173496472450186
436975,0.0333885826094769
437005,0.043505932618848955
437014,0.08609014268464577
437020,0.03671504260879751
437043,0.04079790387519488
437045,0.13603122916626328
437070,0.05493016503246081
437078,0.022076957729886604
437095,0.06031359469689277
437097,0.07557926992863219
437123,0.005785566907711372
437127,0.03641229379280754
437128,0.06390404440481616
437130,0.02834619006917776
437147,0.3797904180833706
437156,0.018020315840025024
437157,0.15125887393846862
437160,0.06352345747338708
437161,0.025703719681248367
437169,0.031060437976554403
437189,0.11841252463444246
437196,0.11165239364511248
437198,0.057166885917153
437200,0.0186192165882063
437206,0.10053491678646034
437211,0.014699479378796728
437215,0.07558545504495875
437218,0.09982839513682276
437226,0.0237819453732509
437229,0.09102913249562211
437235,0.019431961010740302
437244,0.02357405336676511
437245,0.05413989363805198
437246,0.04393701061164558
437264,0.03642535175825701
437266,0.01567427185439413
437268,0.07914763062615773
437269,0.058883406391975694
437273,0.026723642513732673
437275,0.1534832050831212
437276,0.0452103118503428
437302,0.03268772082229655
437304,0.10020164185790736
437305,0.11603502806161121
437306,0.041981948507813505
437334,0.01887141458352512
437335,0.04418756652661511
437336,0.044211051027911154
437338,0.11576564224782387
437343,0.5651826039743953
437356,0.07100565180823235
437357,0.04192386404614945
437358,0.07411235836689871
437359,0.027389672684730346
437360,0.1705120782360814
437393,0.010286194075171302
437397,0.08347260160524983
437403,0.0437686635071041
437409,0.05698872451416337
437426,0.10335693186994631
437430,0.3110082068650909
437446,0.38522912236906165
437459,0.04632033126607442
437461,0.03870594374557512
437462,0.06499132763807554
437463,0.018063267909484166
437475,0.021988139701929112
437478,0.03990483907312741
437480,0.016037604745655833
437482,0.06869661900800461
437486,0.04634855607596419
437491,0.1344738518693732
437492,0.043597564294601404
437493,0.1628038407198567
437496,0.12270710698568707
437510,0.018019198325100853
437515,0.010407857101239822
437516,0.0515713414856047
437519,0.026706248612670215
437522,0.03897609739991697
437524,0.04609685099873702
437532,0.13719365525869517
437538,0.01517553329368682
437546,0.04220638952329217
437551,0.06182730187490339
437553,0.18489801889516344
437556,0.07534893935899327
437573,0.13356138230508602
437575,0.04974517059816021
437584,0.1099817200735946
437591,0.22272090478353598
437592,0.028301250122030046
437595,0.04158012518373233
437602,0.029255139084116075
437610,0.021146004801564696
437611,0.03085018383790321
437621,0.12184989417623737
437622,0.1557544348938572
437624,0.09324763352126669
437630,0.044504402206075974
437631,0.14093386967898724
437636,0.2767479484999103
437666,0.014472026912323388
437672,0.10884983794578855
437676,0.0428333903763273
437687,0.0710236812172784
437689,0.11557186303618029
437706,0.23842851595945758
437712,0.10703446891984192
437735,0.020068292617193326
437757,0.031227030952104842
437763,0.06693346354436372
437790,0.014039175634254266
437791,0.017980843435210742
437795,0.06113560248001383
437803,0.05412821194377827
437810,0.04616135724399226
437811,0.07926178587458912
437813,0.033733917747706677
437820,0.03200012220917928
437823,0.09582157726928806
437832,0.012864819248113397
437841,0.029624115756732426
437852,0.03812161564361488
437858,0.06408017976549459
437862,0.02087495913730097
437892,0.019520525599596154
437896,0.03663099363546425
437903,0.2819037185212482
437905,0.047378596272538834
437911,0.3427953146195042
437913,0.05011194866256796
437918,0.015854534927563373
437922,0.11075355511337615
437933,0.024559026392526377
437936,0.0647919949279342
437945,0.042759462514243084
437966,0.021810559308035552
437967,0.0912236178396679
437972,0.007675975847207412
437977,0.13969426406498076
437984,0.3045648361615089
437996,0.021577065839980043
437997,0.02333954014730378
437999,0.030897424973197665
438001,0.01950902151647845
438004,0.07844677041045443
438007,0.042263001868813196
438029,0.029932491292094965
438031,0.019542646406206014
438034,0.07284398658875046
438038,0.1744269048836244
438054,0.040034276032001756
438058,0.020367567140697488
438064,0.04955712485350795
438065,0.05480210974874773
438074,0.023796946278520296
438084,0.06802470172986474
438088,0.0989545666939882
438089,0.008037295216895812
438090,0.02920775780838539
438117,0.1379856384162932
438118,0.038489058819899204
438151,0.1570506988118215
438152,0.028025962520057922
438153,0.1285942911647153
438154,0.032181519992650745
438167,0.03286197488722013
438187,0.06955975646121755
438192,0.21379584276169059
438195,0.07616485721627632
438196,0.12169277000141356
438220,0.029703711800156636
438223,0.2405724030685601
438229,0.05250929111438959
438256,0.026991730943489188
438258,0.10345126567944461
438260,0.06572764544187276
438264,0.05765416992683624
438273,0.06681335166379647
438306,0.17254783382568495
438307,0.03995851909061273
438308,0.039858277739036975
438309,0.010885218387261652
438310,0.0955849108061717
438341,0.06975866470898859
438348,0.012283706058339701
438349,0.027081090844938753
438364,0.014040638139208712
438368,0.05746488565395705
438380,0.12646560663282713
438382,0.03241617208645465
438402,0.04964344065960498
438404,0.08674664938305066
438408,0.09082577398199929
438410,0.20037310992341434
438429,0.045029300249932264
438434,0.06048127349511836
438435,0.0314146941442175
438437,0.19931194289166432
438438,0.08835453216118577
438444,0.07592040481411236
438471,0.033206804232318546
438506,0.03438346184643839
438521,0.04292143929662463
438524,0.13685337971758238
438525,0.09931769267847973
438534,0.017440438562737418
438541,0.03408946527517422
438546,0.014059168956328794
438547,0.04389026131590851
438564,0.03692864688514415
438568,0.023224171656706538
438570,0.013838075878858672
438578,0.008478703200509734
438582,0.0480314666187788
438587,0.03980103103187006
438604,0.02640868829773131
438620,0.026996246870449297
438621,0.011714576729778294
438624,0.02439888260012244
438634,0.16929459645078038
438644,0.04056517556217523
438645,0.040091284650338954
438651,0.04793639744589603
438659,0.051232892589295
438660,0.019034665474724093
438662,0.021359141783984383
438668,0.008220941592796202
438673,0.07409885558368129
438677,0.035438230422154104
438683,0.3633153277875023
438687,0.12451802566575872
438700,0.07165213748904475
438713,0.12561061255074063
438714,0.03359583680955525
438715,0.029096656125491997
438717,0.02610589987385193
438721,0.13664028940400394
438738,0.11059570914121511
438749,0.015092631271540036
438750,0.0444557886482157
438756,0.08652262186326845
438771,0.04673770218888108
438777,0.01890677263402211
438781,0.020368388988646485
438783,0.17113501811442047
438786,0.31446731469579636
438792,0.021092511691228572
438802,0.06455998439123464
438808,0.04327645853099859
438814,0.050175840341374664
438829,0.063458017849092
438846,0.0419692117695898
438851,0.06181946795602397
438856,0.618337162741651
438858,0.08915787789355084
438861,0.012868956062996335
438862,0.06304792279911128
438876,0.18213264219964226
438880,0.018882634228184265
438891,0.1316165012394635
438896,0.0730683862891353
438898,0.07135459933464988
438904,0.01743211229721689
438908,0.015669058969020554
438921,0.062280168463707486
438923,0.0968590282651862
438929,0.0959424573149572
438942,0.04083412576206809
438950,0.08062031793716884
438979,0.17965142896435504
438994,0.15352009706584668
438995,0.03214459841405861
438996,0.01115986355655298
439002,0.09602427593039234
439013,0.032957926362665556
439015,0.028726293564456565
439017,0.04644248775976346
439029,0.010658539239927187
439047,0.14802229259109442
439048,0.0711368491206094
439049,0.22840590577187858
439050,0.03900292320962179
439061,0.15566364914279524
439065,0.1921525883391899
439069,0.10696699633208191
439070,0.23599227175963308
439071,0.04644240803763903
439072,0.12225264335089246
439073,0.16293800842299874
439076,0.03837713741005607
439077,0.033691938932938086
439078,0.045796637765691865
439089,0.061087016798642924
439095,0.019283979213102
439113,0.04517062185036709
439122,0.01087395420971209
439127,0.04046315409607121
439153,0.041638548410202744
439154,0.0994028596899648
439157,0.014904599269242357
439197,0.009455645107191109
439205,0.0946884365146533
439207,0.13634566011733454
439209,0.011621794482876886
439213,0.01835596645193255
439218,0.08878184279019449
439222,0.039419751320880034
439229,0.07731855211083519
439233,0.03201515351399023
439235,0.035059023956330516
439236,0.08186216320341363
439239,0.07740099607403995
439248,0.192467646368533
439255,0.10684605133680605
439265,0.04697570919798228
439266,0.09631014604620312
439268,0.03838943211456003
439270,0.022657901781724554
439276,0.14211142404687682
439285,0.01606530013723581
439294,0.055432126765325454
439296,0.041209855414201184
439299,0.372097066527768
439310,0.10275278109571126
439319,0.01886455656345946
439320,0.021667691288331625
439325,0.04535733713087457
439327,0.04136380751210279
439328,0.014447152814706533
439334,0.03555627731298492
439335,0.06925584807860788
439339,0.08296256142401508
439343,0.009567350839025362
439353,0.13458497043389545
439356,0.01870352017353806
439374,0.01275473515453722
439391,0.1913393467517562
439400,0.03357848308572876
439405,0.09129565097285505
439413,0.05250268427018871
439448,0.05532411198624287
439451,0.10519985145402244
439455,0.0850088470916391
439468,0.0821071621722699
439472,0.02694715682960204
439473,0.0329267304873807
439477,0.020443707113173587
439483,0.04033984144381585
439484,0.033639855109466016
439501,0.045275631061050356
439505,0.04740437344929479
439512,0.08379692691857117
439515,0.07822364543171449
439525,0.0437944890534476
439535,0.07957829936625861
439539,0.020080509967067492
439548,0.16432252749049356
439549,0.08285085162311133
439550,0.09604931499532891
439551,0.06455190817499089
439558,0.009983477989320927
439562,0.029525055758908805
439566,0.03377132821625209
439571,0.05104596314740015
439587,0.029192248813464633
439591,0.05650437562838019
439595,0.0638529956824254
439611,0.11278165732113168
439614,0.23106161276871734
439618,0.21443679426086876
439620,0.06962867189467985
439626,0.031915465998592525
439633,0.029706735582504393
439657,0.04056344484644768
439660,0.07755892943424003
439661,0.03262181457520564
439666,0.021205995440825593
439673,0.04635878729861474
439675,0.053243173524530896
439705,0.06876876306867864
439707,0.08849083515631935
439720,0.039099030133127356
439727,0.06540702150653487
439733,0.08216436637487308
439736,0.041394862155189546
439737,0.05046980649810637
439746,0.06747542686843064
439755,0.04758558108825773
439763,0.06902506664375992
439765,0.06995522151522357
439766,0.037804503829607664
439768,0.1422757330381037
439774,0.02463456048744373
439779,0.031836043515565945
439781,0.342918865837723
439784,0.20047883919253534
439808,0.04422063301526559
439816,0.04512642273503034
439818,0.011141356475702698
439820,0.01706786046707435
439824,0.022346534859943895
439830,0.05657874776317523
439839,0.015937264960574193
439841,0.24393326670553817
439845,0.026297743028003258
439874,0.027276613265586967
439875,0.009875506541135193
439879,0.07764508028584689
439882,0.030557850017271827
439883,0.1576931839738997
439900,0.05075534425592089
439901,0.02133353727354539
439906,0.06477742087792557
439909,0.16389105078071864
439911,0.18264709340780377
439914,0.020947765403265366
439936,0.09981524557523702
439937,0.037846392070045615
439945,0.02671461145734977
439950,0.0639283739898159
439955,0.11422942543233439
439956,0.03313984168431287
439971,0.06362922941205232
439977,0.05736854757928695
439984,0.17886828916204964
439985,0.027641111477214056
439990,0.02207987595717855
439994,0.07607282849100529
440003,0.029046157338293313
440030,0.07594456801854554
440042,0.1752981020902583
440048,0.051608898692770494
440054,0.13239772010104137
440073,0.050389813368686906
440074,0.10633963780799544
440080,0.05670891263566258
440082,0.11709020150449012
440085,0.15870407331393918
440088,0.1010472317380969
440091,0.021480629998640068
440100,0.009448841509519192
440103,0.03036079159072729
440113,0.2556082968616433
440119,0.01746097588870072
440127,0.013417840310211463
440130,0.014759997502081176
440131,0.026642852529729984
440135,0.18018385958682545
440139,0.05243944160685903
440147,0.0899759305214543
440156,0.1572004842873564
440158,0.05043651042715849
440162,0.027313987928752087
440163,0.0889165277123566
440176,0.034992332668773066
440181,0.007869306884309143
440191,0.03423591740305244
440192,0.06231528445324486
440215,0.01072018142650056
440219,0.0981023405934423
440222,0.03289109931795149
440238,0.020253730455561843
440239,0.018433709429867995
440244,0.027498894401390066
440245,0.031902546864205614
440252,0.06376636356779447
440266,0.0500269655577235
440267,0.0853568941760327
440281,0.11376061575328847
440283,0.046322348888843595
440292,0.05961994169421617
440307,0.03804959918783045
440309,0.02183983697564757
440313,0.051374478537318344
440315,0.045046120907513185
440320,0.037214292365489066
440332,0.008972527436016597
440336,0.02661684474190121
440338,0.03866502132754993
440342,0.13407173990160107
440350,0.07458367103679589
440352,0.047788027882572484
440356,0.025099292295240255
440359,0.03968344985435345
440384,0.031417472856736635
440395,0.11477900281127446
440396,0.033964649268880764
440397,0.08683698694443713
440401,0.0318024396261373
440408,0.11076326694947772
440411,0.11483987223382831
440425,0.01751593986229379
440439,0.03884406450122058
440451,0.11021629660503238
440460,0.16845062996007762
440463,0.0437475724057855
440473,0.010144784585398806
440479,0.016880428307291688
440497,0.0681849741790726
440506,0.022621478038822543
440509,0.051499381391495354
440518,0.027746374473229297
440528,0.0797343432217687
440536,0.06403396188145805
440543,0.13927570627652125
440561,0.015830909333033744
440562,0.06951336609196974
440566,0.06215636666869463
440572,0.10507015885334652
440574,0.15809421363691437
440585,0.08989868144287425
440592,0.03971399314412037
440601,0.11663126316510189
440606,0.0688021081466712
440632,0.10849995611420223
440643,0.0566529682741759
440653,0.017535619193996498
440669,0.022034893098612982
440682,0.028227568931822475
440691,0.025190065313421606
440701,0.006622103488254068
440706,0.03814047354057814
440708,0.028081280622331433
440714,0.4091606047184231
440721,0.21892963328735007
440723,0.1913523215302712
440750,0.028293669988838227
440759,0.1737052114140397
440773,0.02987292844819483
440792,0.3105496510399883
440793,0.01454921717650245
440798,0.24078812683420875
440804,0.05851259473907011
440819,0.04372401829389967
440827,0.14863458309520933
440851,0.1589972400069202
440861,0.021335528859853663
440862,0.028364729868074062
440868,0.034467449371601844
440874,0.0320759850149227
440877,0.08385960395538293
440883,0.02001318920807133
440884,0.14303621721609974
440886,0.013273435928243663
440900,0.09076911581983967
440902,0.01613845653138405
440904,0.09293549872558626
440910,0.07086431354734264
440913,0.051349041744619975
440915,0.13858054111921145
440923,0.0810914319092464
440924,0.02586737876864053
440927,0.02181731178834959
440936,0.025909798240087198
440968,0.059411761314363015
440973,0.01717359579240324
440975,0.0395101419632056
440979,0.09375695875835272
440986,0.12511869886967283
440987,0.016147377120181466
440995,0.026142574536567563
440998,0.04755330807955277
441000,0.017162910210598792
441004,0.06638465042790322
441007,0.1748415344811241
441014,0.1660048502061929
441026,0.0788564278690916
441032,0.1885547887941728
441042,0.013444607898597328
441051,0.15517522615814158
441060,0.016196737016798992
441061,0.02461216581777831
441081,0.05345999640560705
441082,0.029298326356535797
441085,0.03602819927685972
441087,0.03953848449884988
441089,0.02535840058051855
441091,0.01107212146318225
441095,0.048647496776792906
441114,0.06924436538501452
441128,0.10528872292458594
441138,0.1672793322806665
441154,0.013770549918156998
441156,0.11070321809068065
441157,0.29112808027074344
441175,0.06162765228530078
441183,0.0683539350914968
441189,0.023887801534565472
441207,0.03222018366183232
441209,0.10278302420551848
441217,0.06003341297872615
441228,0.02127016132195249
441229,0.018685809070576438
441239,0.022209122922181176
441244,0.022778374115627144
441256,0.05276396789003714
441275,0.0656206666211516
441278,0.027463282728503062
441284,0.01688509356459751
441288,0.06180478092712417
441293,0.1800688334291413
441294,0.25430032844139516
441297,0.22342760978031417
441298,0.03349451830558066
441304,0.011312129376891923
441316,0.008785986052003007
441318,0.04093430641190388
441351,0.06968953393626336
441354,0.11209415262049055
441363,0.05914333535022853
441373,0.24731667015903921
441375,0.024640358628075884
441382,0.04239076602715605
441385,0.024265502191028146
441388,0.030420607115524863
441392,0.5007161610783427
441402,0.13838955349319343
441413,0.11166986411546144
441417,0.30660508030934674
441427,0.06758887167120892
441437,0.04394326638760443
441453,0.06068544102549973
441458,0.06702417725198763
441459,0.030430488701363643
441463,0.0031809003897244814
441466,0.023961143055355127
441475,0.020065964444159447
441479,0.021805377423059
441497,0.04861975680095351
441501,0.09279982780413942
441509,0.03204921401633889
441513,0.04755096156188334
441546,0.0717311276713949
441547,0.020693186222059522
441563,0.2829449397319902
441565,0.024312866540609893
441567,0.050120431083969345
441576,0.15880187288610412
441577,0.03860865151815549
441578,0.0836532243345519
441597,0.03908231480288514
441607,0.026043007859260715
441609,0.02055653323013048
441611,0.042220078378554696
441613,0.029288373570808303
441622,0.01940820634489767
441637,0.05789372968093803
441638,0.04857681869751948
441652,0.027816453260022404
441660,0.14330700883469114
441667,0.07167981961040616
441671,0.061185726924004445
441672,0.02121159258753513
441675,0.12771081018946195
441679,0.01943734806235329
441700,0.025092223548097904
441701,0.027567906661349218
441711,0.02338965591582352
441725,0.019179710438263647
441732,0.03750302593269885
441741,0.11419824954245932
441743,0.0487500038543268
441761,0.009863839250714943
441763,0.02766581791604888
441766,0.023612463450210255
441778,0.09693588677532917
441780,0.04311225775810491
441782,0.05683780622771748
441785,0.17470764672982841
441796,0.02752156684924617
441808,0.09724389811525147
441809,0.09743855669349911
441811,0.017976919134906212
441825,0.060063081064554893
441828,0.08779250535433719
441835,0.11850216883831113
441860,0.02161017653662753
441865,0.057321871622542986
441871,0.044126015787751945
441874,0.02978706366543928
441876,0.012749906289798128
441885,0.029741719961512144
441896,0.09210748762365191
441908,0.029796104319012254
441913,0.03396301553284462
441921,0.07877364655926258
441926,0.015112481290206078
441936,0.028853160730242227
441941,0.06372126300105722
441947,0.01769927534909961
441957,0.07685858977424108
441961,0.026827984320273994
441969,0.0111478391234843
441979,0.1529574029956493
441986,0.03803170814238873
441987,0.015935324266976532
441996,0.1446259031475828
441997,0.016596653619970227
441998,0.04917926097706793
442001,0.02210359646569904
442002,0.09945686995438402
442003,0.10906352795728176
442010,0.014269048075440377
442013,0.018817503677318152
442015,0.11941382434811149
442026,0.03038415870407348
442030,0.06768864149737515
442032,0.24452902689163541
442033,0.24053664714632095
442039,0.1039683928631366
442049,0.05930543716065654
442054,0.032927964231539285
442060,0.029937914092518
442065,0.12480675697748636
442067,0.07344176392926137
442074,0.02568346789713366
442076,0.03127283662076903
442080,0.10252052601726144
442085,0.016161972419726025
442093,0.027594866365864935
442100,0.0864612827658914
442123,0.1798794674109243
442124,0.11266754706155281
442128,0.047352089979200915
442149,0.10629130885470015
442151,0.16044697031720523
442157,0.07098595846366346
442158,0.03845859343808188
442159,0.03281378801646573
442161,0.061454096321278226
442179,0.05478972223678889
442187,0.04931999852456309
442190,0.02980224069165904
442195,0.06176451693485775
442199,0.057766231628414454
442233,0.02478624663797662
442234,0.16433105983034518
442235,0.014590476721793536
442250,0.00809781217689472
442256,0.023906754116635696
442258,0.20515625959992623
442264,0.14282505668715534
442280,0.08505715891327688
442288,0.025200737063794228
442290,0.01807380405385798
442293,0.1303894677340221
442299,0.09941462877199106
442303,0.12216522058800815
442306,0.016152680588254247
442308,0.022006289692269178
442312,0.0441997939297391
442315,0.06904571567596826
442320,0.07067387364595087
442321,0.11793805411635577
442328,0.10593522938403453
442331,0.21100048659779627
442359,0.024880429945348358
442361,0.015543033821841395
442366,0.05551195943864903
442368,0.03435225606317543
442372,0.18352199210288353
442378,0.05226900673796066
442392,0.08430853819721451
442393,0.024164904455578062
442399,0.06048871604496309
442401,0.21585671279135607
442404,0.01663147397631235
442405,0.147983351226989
442438,0.09923633777699717
442442,0.06624026120558166
442451,0.07937419434593583
442452,0.012879764768843604
442458,0.10441559655162677
442461,0.15343463032491628
442464,0.018681542559286127
442468,0.0693671385598411
442479,0.15095812916843418
442484,0.12298750002177228
442504,0.05427647788739706
442505,0.018493911811057962
442513,0.055089625002952836
442520,0.004851789772135256
442527,0.051005730351039724
442539,0.027636154935229224
442540,0.13703752766131755
442541,0.0139232366862392
442555,0.02423706756504112
442577,0.23729585503095146
442586,0.060197948518010025
442588,0.015137976620441116
442613,0.09915049683916657
442616,0.08155693561548863
442622,0.07873017223693937
442626,0.0306435755352295
442627,0.04310863504010903
442641,0.031833212812572474
442647,0.014533461755765403
442653,0.15116394625546345
442656,0.022485810192635063
442662,0.04703611386218648
442672,0.010508602464696027
442682,0.06768735748518347
442684,0.05167647662431257
442685,0.03649465557047551
442698,0.19964003985708278
442709,0.03682942777775466
442716,0.05308747800072801
442718,0.03718633127723438
442723,0.09635059966409586
442724,0.16118253718509562
442737,0.026556219167365294
442742,0.13709776799421475
442743,0.013414273760217102
442746,0.07239269541141223
442766,0.04019512306457474
442767,0.06399831915320622
442769,0.028019932757689027
442792,0.05814969192126493
442797,0.13486791094076353
442799,0.032446018895802085
442804,0.035389454443225846
442807,0.044150503631219085
442816,0.16642313207306547
442819,0.0479657292599622
442826,0.08005617567230104
442831,0.0434337988808648
442846,0.020525275216825633
442854,0.16641512615572757
442861,0.013185147447294914
442862,0.032975443794959015
442870,0.10318297751254107
442875,0.03616747133239366
442890,0.011743202317468844
442891,0.11045745155313863
442896,0.052889008329394145
442897,0.06631524850093778
442902,0.05244630838678638
442903,0.0735564327419663
442905,0.0117524250768167
442915,0.19255673021813274
442937,0.02976698285172867
442947,0.35554854588648344
442949,0.0482632678982918
442954,0.12745480631248315
442972,0.07083429225565643
443012,0.08184870981201117
443018,0.11518048841807967
443029,0.026560915123150744
443031,0.022854828608316575
443033,0.010096155770511862
443035,0.0794221867473393
443039,0.004375845888809855
443040,0.06981184523110172
443051,0.10198879601880892
443062,0.057113710492626764
443069,0.10917320099084268
443080,0.07820252198911842
443081,0.13102952201246107
443090,0.16896696784546036
443092,0.016058458402169632
443106,0.055100280278243485
443119,0.12338099239583103
443134,0.0224518260968412
443161,0.06559689879052666
443170,0.03801394054872031
443177,0.0461702330439671
443189,0.03698834007249998
443193,0.014806931972701087
443199,0.07254292611922142
443212,0.053670441368330414
443226,0.2313223858999714
443230,0.05788869022931588
443239,0.0910159538297183
443241,0.01754053759640046
443244,0.013488373810331912
443249,0.014032891199143374
443253,0.03357926403385313
443262,0.01979164554907827
443264,0.4815954870295288
443266,0.06396506338397288
443274,0.018688220191196953
443283,0.024345765445441696
443295,0.010410161794458625
443304,0.016689452795571907
443313,0.05207771476422628
443317,0.010269574088325111
443324,0.02963901494432574
443339,0.037518760089968885
443344,0.11267785993858093
443345,0.02734753098479413
443352,0.033102176169475125
443355,0.04927965771927574
443356,0.17734241611047702
443360,0.11368963353687778
443364,0.23277027102333453
443368,0.008819498796525733
443375,0.0968626969853518
443380,0.1572726278534686
443391,0.13124132875566435
443392,0.0043029215539328635
443397,0.03479613265492555
443403,0.04756545147424229
443406,0.1834713848538388
443420,0.12014674198655975
443431,0.02033631824845905
443441,0.043617796549972415
443456,0.11723860259955257
443457,0.18637364823125235
443459,0.04563634033584467
443460,0.06752086319305772
443471,0.026064225393822096
443474,0.07784572317886458
443486,0.08967006466457472
443487,0.03722346011982522
443490,0.022808209147729044
443492,0.20010617962136873
443495,0.12612923894645384
443505,0.03267057799506371
443512,0.09708890833433387
443555,0.05402288550112759
443576,0.12943059549685668
443582,0.011566317933509429
443583,0.010390885172535773
443585,0.03125314582931598
443588,0.018403642194167093
443592,0.018931791725751938
443596,0.06731396281600988
443597,0.011403553583337975
443606,0.05161286828863963
443607,0.09030091076281643
443608,0.0672777548318947
443611,0.10784989222513519
443612,0.03562802202938096
443618,0.14556034387228256
443623,0.015849769103521195
443632,0.01616162239119391
443633,0.12355888570787464
443634,0.031304587355704766
443637,0.02305087726654756
443638,0.19063307414082956
443669,0.029039185155043876
443672,0.05283957968705699
443685,0.023648773456214786
443686,0.004772759810588658
443694,0.032669356017113016
443695,0.09482618679961925
443697,0.4751346974385402
443700,0.03900999473388331
443734,0.08906396706130704
443738,0.041564593241944336
443742,0.041821704568160104
443759,0.11064851536310574
443760,0.024996576749706508
443770,0.033918113435794
443776,0.028488043925448563
443788,0.013795131403236507
443791,0.10968094480140758
443792,0.019792463563918047
443803,0.08169697150916921
443808,0.053513007888511356
443832,0.03967698236751306
443842,0.02857304668976095
443847,0.010866665661418033
443853,0.032104122961270416
443854,0.28565866343007895
443868,0.022997399674655833
443873,0.034675149047548454
443879,0.040613788824790976
443883,0.03908701669581019
443891,0.05590069225829771
443908,0.05579915800445323
443910,0.20615415721597583
443918,0.010053893645746523
443927,0.016537921120118745
443935,0.08836291624849156
443965,0.22686595581429725
443974,0.010230485383267679
443984,0.022903752028208435
443986,0.08771850050097602
443991,0.0095167839624687
443996,0.007712237719116498
444008,0.008170998039466344
444014,0.01974772465960039
444015,0.02631062537407826
444016,0.05637937425412994
444018,0.04359405657302272
444053,0.06455293014126423
444058,0.08326145972683582
444065,0.10192608703438846
444069,0.027905833278586666
444082,0.0442101263028455
444087,0.04856251089270814
444089,0.05430108248734333
444093,0.08420559909700148
444104,0.01173632589277689
444113,0.012537261902155577
444118,0.17936983566854894
444122,0.044452921970632324
444123,0.04145980305683054
444128,0.04672063605853588
444136,0.030209517301307505
444152,0.035341581840489945
444155,0.05083642535531471
444182,0.011807945750353318
444183,0.05379816347959615
444185,0.01417116732558681
444213,0.04969136774728933
444229,0.044312282181034016
444231,0.03322873063376806
444234,0.03998579301293033
444240,0.022254668354944405
444249,0.05172828536507921
444265,0.09387264611401461
444268,0.02587389591271123
444271,0.03672030533700873
444278,0.02934575431001602
444279,0.10431112287701719
444283,0.10565109263628729
444285,0.013828533740535585
444291,0.1062658698736924
444297,0.021105754563403276
444313,0.08375097120328734
444318,0.052496076411204004
444322,0.01212038738665776
444333,0.023014138509525623
444334,0.026938425391286644
444359,0.11504303629796495
444367,0.05342191112093009
444369,0.07152521239635311
444370,0.09425143403329729
444376,0.024550825538205524
444384,0.011318817877857629
444387,0.03924609196301411
444406,0.01993373988659495
444409,0.06454067375901879
444412,0.028301580976611503
444418,0.16163885312240678
444420,0.07023106588435211
444424,0.009934898948032473
444429,0.012866612961645395
444432,0.03025072921338697
444434,0.026192862595549843
444440,0.028727135902107855
444444,0.041002555596411916
444450,0.017018935951175294
444456,0.021529327146014274
444457,0.04121068746743521
444461,0.10673260394939074
444504,0.10152663799445777
444515,0.08853631366316675
444516,0.06573946348008948
444517,0.011147491888588915
444519,0.10094104272189208
444540,0.021221137297688895
444573,0.09747752549542113
444581,0.022899528423984773
444582,0.01710093422570897
444602,0.27065017314164314
444605,0.023292667446906428
444611,0.01710028996185165
444614,0.02249581530546061
444622,0.1415096346958579
444624,0.19565019484368923
444625,0.056620001359804426
444639,0.04049745208247948
444658,0.042606298820892376
444673,0.05581058251165549
444696,0.04089181747969626
444719,0.0174160259282531
444729,0.0546044929105408
444737,0.03965949151595481
444743,0.06181307162583388
444758,0.039509186889703125
444764,0.036637070472489076
444780,0.02363077860881072
444789,0.045458503334024444
444795,0.06309828961089545
444811,0.041905065808723566
444814,0.008875490598007333
444825,0.05053954961102722
444831,0.020631942126254032
444832,0.01701175233821533
444835,0.1314833031866975
444840,0.052348223002866144
444841,0.06716962081236753
444842,0.11882924363178696
444846,0.043069890975828855
444849,0.047273856651842236
444867,0.019602848489563406
444876,0.057513180113796594
444893,0.04945779395972561
444896,0.06463180785394099
444897,0.03603273938332445
444907,0.03463344593870862
444908,0.030459852434163475
444932,0.053255106057272225
444933,0.03977364556008507
444936,0.02422620913995882
444941,0.08885927302798656
444942,0.11354193966566486
444950,0.04793028308102247
444956,0.01656802192526646
444965,0.03814076183765979
444966,0.10573561260250243
444970,0.01081325084185195
444971,0.23285699096994364
444978,0.019110423933267513
444982,0.06448164397659653
444984,0.08239388538821509
444986,0.04374617761027572
445001,0.03755147500647066
445016,0.036266226807302224
445027,0.08209377976049592
445029,0.017381415849687387
445032,0.03372746406328533
445037,0.028234141154086616
445043,0.01495057307776312
445044,0.14189741899904237
445047,0.09664050160812275
445052,0.20984668859715536
445073,0.06810586039326837
445075,0.006290305630910741
445076,0.05191418164344905
445092,0.049353813053816684
445095,0.08933096448368266
445106,0.03896639482527857
445110,0.07750255177209217
445123,0.029117146800003456
445124,0.020217830783065573
445141,0.10562267423524599
445151,0.019669180950642923
445160,0.046162750841194276
445161,0.06090376926602667
445164,0.15505408125442022
445165,0.023916287212459555
445169,0.061468962764629397
445175,0.25797824987785994
445178,0.034355453333355906
445182,0.08683234183538943
445183,0.005413732607501377
445192,0.00950328265752905
445193,0.0772590835297597
445200,0.0113977086033384
445202,0.020244505946725007
445203,0.006236923100315086
445207,0.0371146523935147
445245,0.057956478574064316
445256,0.0366922834180625
445282,0.08255648496430687
445294,0.039278490978056885
445300,0.24637323030177688
445316,0.020676118042493075
445331,0.05627662856938396
445332,0.011256965106712567
445343,0.033569586960011076
445345,0.055429298249649886
445346,0.03510968984337993
445354,0.13532002475934682
445355,0.31970773291687604
445356,0.08758608321686258
445366,0.15728609165938512
445369,0.19034990942892432
445390,0.042106162786480175
445392,0.05792987944959054
445398,0.016030404691005414
445401,0.04583823552325979
445417,0.02346885459828312
445427,0.021310628100517717
445465,0.13060443200522903
445469,0.027105431115674726
445472,0.01820361451124021
445475,0.17844986631484153
445483,0.02743508530960425
445484,0.04920552070284765
445493,0.18702996404707575
445496,0.0540400364623925
445504,0.008664030853285586
445505,0.23586347051627493
445507,0.03311392397239813
445531,0.480032128223931
445536,0.05624113843895623
445544,0.04396813408088837
445559,0.010555773581487026
445580,0.03203256129797306
445589,0.01396851423076969
445591,0.027627305597031346
445595,0.0306877568981174
445601,0.030391630791750838
445612,0.05285269610046858
445639,0.0371226552712217
445656,0.11354398136777809
445666,0.0730700149457289
445682,0.3327411339551416
445686,0.03954225372519541
445700,0.03876620709824825
445713,0.048346041291124846
445716,0.04323274857585739
445725,0.01100098896673794
445728,0.03386944814276397
445731,0.011395703567682844
445742,0.08837432963137554
445743,0.5837351503100254
445755,0.02264727215374949
445766,0.03574777018973417
445781,0.3736966570685274
445798,0.06533438579568242
445799,0.1309157983644819
445801,0.24705774290325194
445810,0.03388937399480285
445813,0.09056354023344598
445822,0.020480670664684508
445824,0.11294052974437895
445826,0.11411208404960951
445828,0.11700102157918449
445829,0.03621551873468061
445838,0.044693995050465674
445840,0.037329253700096904
445845,0.039476291122107404
445847,0.040107779219181766
445849,0.07160854089184386
445852,0.07357397472930804
445853,0.22590261304590503
445856,0.03866385748173377
445863,0.026974669250871428
445864,0.22478733852998734
445871,0.10379918739530024
445907,0.06429337491317627
445908,0.019249649996209515
445917,0.04215198720239481
445919,0.09991529767933885
445925,0.019655227418086417
445930,0.029586799530565894
445938,0.024940506403585486
445943,0.10131664600879164
445946,0.013790705084988884
445948,0.13003680569604706
445970,0.025814896507766426
445972,0.023326582054355716
445974,0.33026318113927194
445976,0.02538060880332617
445979,0.08097055500359407
445993,0.01871790527602357
446001,0.13112465991773728
446004,0.06439757003005148
446025,0.04016770141621688
446026,0.07892670201392361
446046,0.13080137014898766
446048,0.05535452361146512
446055,0.029684945789057855
446064,0.11425268021376532
446068,0.01662406572680125
446078,0.014500363220798933
446094,0.03244048702598152
446096,0.2267735377068822
446120,0.11925828461388764
446131,0.0441591803685592
446139,0.13175906455545314
446157,0.11952631519304065
446179,0.09836596322748688
446180,0.07444517268173279
446186,0.07503447703564609
446189,0.3353713615586673
446200,0.10833961546227934
446208,0.15296336589084292
446210,0.07752778119149357
446214,0.06321093009315928
446226,0.02922478339425432
446229,0.039126984649878294
446237,0.06946631963953612
446247,0.026583239236643012
446256,0.009539440094799609
446273,0.0958643709242084
446286,0.02894713210020271
446296,0.011421036245086042
446302,0.10027964098446693
446310,0.06494555086927029
446315,0.022109242654548
446319,0.34979091875561397
446320,0.08954818591690207
446322,0.06154810153192345
446356,0.3278434913213798
446374,0.04296024964873911
446375,0.09266466005288472
446406,0.04185747244736117
446407,0.010960346873951528
446426,0.1369011418266668
446428,0.05859206016389941
446431,0.13799897977698852
446433,0.02090684351944192
446437,0.1611978443333625
446441,0.0810723940042378
446452,0.028500885944859916
446464,0.17947084744442235
446466,0.09772230918551006
446468,0.12643365185603034
446469,0.09356616462664555
446472,0.5244470883056107
446476,0.1017961961635399
446478,0.02788420860233245
446485,0.022028903375536785
446499,0.037373054152814444
446503,0.06201552157321784
446504,0.015621271923461461
446509,0.07373349692264478
446512,0.11496866838808739
446525,0.03166923574834919
446534,0.016930049830977657
446535,0.04555617199924217
446543,0.15613496933659007
446546,0.010508312034268375
446550,0.2594629775645044
446555,0.07789588058166756
446560,0.04031332210507696
446564,0.03702419234879994
446572,0.03265026603103016
446593,0.06073945195309611
446616,0.054905502954980354
446617,0.04005665024880052
446625,0.012103076606736618
446626,0.17858375749239946
446631,0.1222897817688149
446643,0.14771321063862353
446647,0.06428443908086062
446652,0.03463746188159397
446655,0.09351744502902427
446657,0.3942056343773735
446663,0.08428563147654992
446665,0.18027146118418116
446676,0.030440600250993956
446684,0.12555593349459823
446694,0.015289468861255928
446699,0.020340635970098532
446702,0.06774260250547562
446713,0.025771002977747433
446720,0.22602246244460816
446724,0.151370817468112
446728,0.05605485325795216
446730,0.022094405284230366
446738,0.06089519991693054
446742,0.027905849515349128
446743,0.031644952945634096
446744,0.11230112696830083
446750,0.0793175430473312
446759,0.0719937334643182
446760,0.12832367482537202
446772,0.013849922347624109
446786,0.028222919450935094
446799,0.034909746759333726
446800,0.15522082084512492
446803,0.1790095481832606
446812,0.05853062141652669
446813,0.07486322205823503
446815,0.02919157616433009
446816,0.03191554639481978
446832,0.14871261460907548
446845,0.06144326914969511
446846,0.011939056449390913
446847,0.060308523973761546
446850,0.018876262598493964
446851,0.09341033715193908
446855,0.04527240012406866
446856,0.039054311106845596
446867,0.009214900756071226
446877,0.15338940257259798
446880,0.08798920866296503
446885,0.010704658092650032
446892,0.01865573367948816
446905,0.10543390235863172
446909,0.2647496520853072
446924,0.007166444908336715
446935,0.025754033779037983
446944,0.036327931122499685
446945,0.032281751826942526
446949,0.00471827173757681
446952,0.037833952089455815
446957,0.017871087571680357
446961,0.08052278373186322
446979,0.03958647522870418
446980,0.0866049055156072
446987,0.10349085280791158
446991,0.06225861021263547
447001,0.022111844609683587
447013,0.08746905932094107
447014,0.06251292214949875
447023,0.06667730493961418
447062,0.015063366980892848
447072,0.04683708030389219
447082,0.08166015936240076
447084,0.021648983589771457
447087,0.009220530779992415
447092,0.03850685459507751
447106,0.033709758124199136
447107,0.06062602412501162
447112,0.035940397936685624
447147,0.059357201627144196
447160,0.15075222040165806
447176,0.04472036435608033
447184,0.01789590154609444
447188,0.013013986714804618
447190,0.09765116354021304
447191,0.03934078590999149
447198,0.0876702472302184
447199,0.051777182275028394
447200,0.19286954810299373
447202,0.024264845846821002
447209,0.1791564453643319
447210,0.10071534889787015
447228,0.3520803523106468
447230,0.02295393315837343
447235,0.05113831383040805
447246,0.15627706447684175
447248,0.07234755643424207
447263,0.08882781427279718
447265,0.03797308005451833
447272,0.0416426939295121
447285,0.057807475953057484
447293,0.13796085613888667
447305,0.05463625861279551
447312,0.03262944866819549
447326,0.03869679171411811
447327,0.05803987820132807
447361,0.023359008679627286
447367,0.3009756265697
447381,0.05289473593140165
447387,0.1547294743287246
447390,0.2265066807230868
447391,0.09331998123313703
447416,0.13152310192304628
447419,0.09958057465916945
447420,0.06560804634211836
447422,0.01768137957960301
447425,0.09794521019784831
447444,0.022516586948468774
447458,0.04320956117547307
447460,0.017950765030153717
447467,0.046119005597751075
447479,0.13660234395467188
447482,0.0792577116443005
447496,0.025436997890214905
447504,0.015191610022880355
447507,0.02199072849813895
447519,0.013930475120364709
447522,0.029798477480565255
447528,0.06614093222171663
447529,0.028042386082241657
447532,0.12080479937426829
447540,0.07113384460603299
447543,0.0817118636962141
447546,0.050709973221268655
447554,0.016291629649366292
447571,0.026487487899754775
447575,0.01095878449692182
447591,0.04591757620590126
447599,0.1865563822397157
447600,0.07539193245777523
447601,0.04601475831091243
447606,0.10509494696769667
447607,0.03025402101718262
447618,0.07568973890799209
447621,0.020881836742157298
447633,0.020329110132792146
447638,0.01682192238023639
447642,0.043719951774774515
447644,0.04654265693145222
447654,0.12438085044142677
447670,0.013583301318316122
447671,0.03845119357860248
447672,0.054342492135122336
447674,0.07989786081717373
447676,0.08273443236821415
447692,0.27679331945386176
447696,0.17342750221228898
447698,0.03906372568943726
447704,0.0552851999902193
447705,0.11583745538262011
447708,0.06406264951320954
447709,0.3916391432922931
447715,0.07245407561142975
447727,0.029961244659628152
447736,0.0413543560009532
447742,0.01466830782531527
447743,0.10291847395593216
447745,0.07694832827619472
447748,0.2430548604752327
447751,0.24285312767666478
447752,0.03238733975183676
447796,0.04538324697647901
447810,0.036956730657891214
447812,0.0567284897028274
447814,0.18350304405357395
447815,0.027748645470104104
447816,0.14720895846255566
447817,0.16999831840630977
447835,0.026256482853991236
447842,0.21162875014100013
447844,0.009256413435352391
447862,0.28726334037160656
447865,0.07788473574491542
447868,0.08259492286163408
447873,0.014261957262618375
447876,0.007936806609960236
447881,0.07344887806938037
447882,0.11142703878057789
447883,0.015538558582856542
447904,0.05459283103302556
447907,0.21122942228881036
447915,0.18238559382327743
447931,0.031299161520899677
447945,0.044558215457507544
447947,0.08547537304608188
447958,0.03585479462045875
447967,0.005351674232594026
447968,0.1296177729911365
447972,0.3791562639394742
447975,0.06380729700886206
447976,0.11458609548688287
447978,0.009394619898112508
447983,0.021444961383985685
447993,0.15999333733639873
447998,0.13658788221160142
448001,0.06694008179138662
448005,0.08348030898635857
448007,0.05452281903365061
448011,0.14054435184384131
448012,0.02478913729236945
448016,0.07789510232640036
448030,0.01568952550517258
448039,0.1109183640543342
448040,0.028606675680795106
448045,0.08879005804373805
448046,0.04589135521979189
448051,0.044500810483670786
448084,0.06861728543501339
448091,0.06711518754065804
448100,0.06558989940390178
448125,0.14790678499677623
448143,0.037389838569114944
448146,0.05396267784174444
448150,0.08670123261303037
448160,0.1731091337057185
448163,0.038329088549147766
448165,0.10642485641269274
448182,0.018125631546964213
448185,0.021687484710963545
448188,0.05771918893508154
448189,0.04052078788223101
448209,0.04973359075601741
448210,0.13433754976035195
448218,0.011167048133569463
448224,0.18528423504912434
448241,0.03314564437253551
448243,0.01397953327366416
448244,0.018196731772210088
448245,0.16130359519681045
448254,0.02310779838933586
448278,0.12554123546640134
448279,0.10319182102443444
448282,0.07330589145458995
448284,0.032542255306727316
448285,0.27693765720968544
448301,0.12178929636322568
448302,0.22999401924740823
448305,0.04682625618681846
448317,0.08514216184450984
448330,0.15576689533158938
448335,0.04101319324698702
448338,0.08825779172452838
448340,0.01239939317538854
448341,0.033965743891295266
448347,0.3168282759078753
448350,0.10946441105520407
448353,0.0353693680835801
448361,0.092401875702031
448370,0.0685329652640267
448380,0.10981237379498915
448400,0.13438787800320678
448411,0.1966923531802584
448412,0.12361908829958551
448417,0.06067705363687008
448420,0.0515362288056697
448422,0.022569799336227256
448424,0.012170611668668806
448447,0.09238065193910727
448459,0.05505844633489371
448464,0.02850345621926508
448470,0.1358215514952902
448490,0.01368341239704998
448494,0.0693035033646956
448500,0.17876854254413094
448515,0.006319767442810582
448522,0.056025310310226575
448526,0.02742080796954873
448536,0.23917602508569866
448548,0.0071761887124644165
448566,0.093015456267031
448573,0.025990544209487113
448584,0.020149774088081114
448585,0.09962750098603362
448597,0.027967503829032556
448599,0.034728459289642744
448601,0.008501118611382651
448604,0.02797765633138784
448606,0.054037597202307025
448610,0.03849412755387763
448642,0.08334649889093435
448660,0.017621186653858364
448669,0.015196059455096694
448674,0.035804281572954774
448675,0.04072862214035117
448678,0.03264849057204788
448690,0.03691114571300049
448693,0.016408718391524937
448695,0.12033417843165424
448700,0.1372742965226911
448703,0.03407706258948988
448704,0.227305691824358
448707,0.018731925952252607
448720,0.22888642387643238
448727,0.15905688005322963
448728,0.08053032557125497
448734,0.2238313768418464
448746,0.033055700462179476
448755,0.05461809281299997
448760,0.17278326060793697
448770,0.03630606017716889
448778,0.01757672668959016
448788,0.04901665777664807
448790,0.08444709924297181
448801,0.022632689129273097
448805,0.06841044047444267
448806,0.00954338317699407
448812,0.01624997453206279
448817,0.17509823381811168
448834,0.020227259643990234
448837,0.32046369826733395
448838,0.06145244212328084
448853,0.11079634643606114
448856,0.04765660496370522
448868,0.14131648946029043
448876,0.017032438997251785
448909,0.30723230697310644
448917,0.06358082725555113
448919,0.06662052673537061
448922,0.11288480013187505
448931,0.038913062566802874
448935,0.026568496223491615
448937,0.0428167723829342
448940,0.027191972304664615
448948,0.10382482179683299
448958,0.04966234001848085
448967,0.06630259244209499
448968,0.0460294451990525
448973,0.1295448235935234
448993,0.028685451342994543
449000,0.16116639058985566
449011,0.16270263544875926
449015,0.01429860874562374
449030,0.09585987354388206
449035,0.029063072720180733
449040,0.014613994561642646
449045,0.01164144862845063
449060,0.0215871008871862
449081,0.03535188315192535
449082,0.055248330794505376
449087,0.149416281382198
449095,0.039258030153593644
449105,0.13781025627141136
449110,0.03903256365917912
449117,0.050336710548911784
449126,0.09118114114065158
449134,0.020024656691338398
449141,0.04167501880192283
449148,0.18629258469269772
449155,0.009808541737667773
449158,0.2855366192312361
449160,0.020346582118055855
449178,0.07345177570098235
449180,0.1653884125530995
449183,0.06348051047488465
449186,0.04662632335181738
449193,0.044510236098569175
449196,0.024230980684783056
449203,0.01100085176844039
449213,0.035499262358434806
449214,0.007127761910841978
449215,0.04451170783751089
449216,0.06219344464492625
449224,0.05880883620365777
449227,0.05695507655058264
449230,0.013293330489448654
449233,0.19922846830758745
449253,0.05436655799961952
449254,0.07190440588036345
449264,0.39989233425366855
449289,0.15523841550593867
449302,0.015062417955360188
449308,0.0691933521533576
449314,0.008783538270798663
449322,0.07995576517128508
449323,0.033558695520373744
449364,0.05144245486311634
449368,0.027149798040800175
449391,0.025537437197895523
449403,0.07978122300494006
449408,0.08967841110998873
449409,0.013899844413090407
449412,0.0101952999299982
449424,0.07596529594633344
449427,0.025506914327153473
449462,0.08701382002007645
449465,0.04455775287310665
449469,0.01907891370288627
449475,0.014862825289975842
449476,0.08605269086157313
449483,0.022342596602343327
449484,0.2451104958084466
449487,0.014693642426412416
449492,0.0218194998967876
449499,0.09706072044355726
449502,0.017796038132095383
449506,0.023358637133566656
449508,0.04600271828896954
449514,0.022610734724854045
449517,0.04605864549447705
449534,0.049940747782618714
449540,0.028540788940108246
449543,0.06323390977033476
449545,0.037679107937658794
449548,0.05244070207371121
449555,0.0505883812571557
449556,0.11757894876531973
449558,0.0385438454538095
449566,0.06495184421481347
449574,0.10953789128540847
449576,0.042012437770744926
449578,0.0060110162435443645
449581,0.061724394041849984
449586,0.19834425062002264
449591,0.048418079243260415
449594,0.07433766468465766
449599,0.07524914127064844
449606,0.05476836789886115
449615,0.022364936006740367
449616,0.037903203863717004
449625,0.016852936260665974
449633,0.03116539816093629
449636,0.24428136794660305
449637,0.17286598220926622
449642,0.024409494235773464
449683,0.15810100334999283
449684,0.013592596701507394
449711,0.02118647916535214
449713,0.031300290751971716
449716,0.07481679524276531
449741,0.06195073561482775
449745,0.03204204336638488
449747,0.03424883617702738
449756,0.03563366045261307
449759,0.02946088835227518
449760,0.10574022864573702
449768,0.0367063808764795
449773,0.06135368270574025
449775,0.02153863874651813
449780,0.015716823439657163
449788,0.08403275422163832
449792,0.03627839996590616
449802,0.04960190670945415
449812,0.15525167754534563
449815,0.10710397139482013
449818,0.05970152113459942
449820,0.05445018548373641
449821,0.019039118617346442
449822,0.19118394457987153
449831,0.04198954783679228
449837,0.06899616304458206
449855,0.11512824725081094
449857,0.04217565185485232
449865,0.059580116312987874
449866,0.03363166513680995
449871,0.05256748239463064
449873,0.04952924106985718
449874,0.04804980512999747
449877,0.020833436670849585
449881,0.022157533515723197
449889,0.05404781551446304
449893,0.01661535361216295
449894,0.06419603992268508
449897,0.09858522274114355
449900,0.035218727569919006
449910,0.021196338402863037
449924,0.10079274644623554
449928,0.10008625049932297
449932,0.2929004271596036
449942,0.06218442316642503
449947,0.05059886011117702
449955,0.05369433812720789
449972,0.012957540587782979
449984,0.1488788663623815
450004,0.0175725802723775
450027,0.07248293221388522
450029,0.008000762072365806
450035,0.08519360828823669
450038,0.017640554011037368
450042,0.6122907539693194
450044,0.04373697861425171
450060,0.05219270609956372
450065,0.020437917857103128
450076,0.05083853081317414
450081,0.24314281124106524
450083,0.06588291154172995
450096,0.10007011461233148
450102,0.02378455805175155
450107,0.10180939102510814
450109,0.05564072034124172
450110,0.03205671256859599
450111,0.05144632751995494
450114,0.057239697530892183
450117,0.06250735407006103
450118,0.1281809755572695
450124,0.12796241333545336
450141,0.2072736880118371
450145,0.029799689567464593
450148,0.05471676780323209
450169,0.057955154146457244
450172,0.23405137363880854
450173,0.02157395749836177
450180,0.07573468941858126
450182,0.009515113766487305
450190,0.06351696609278475
450200,0.05513264610578311
450216,0.019862759468349655
450221,0.06367614894563729
450227,0.32819737336059585
450229,0.011859830201975965
450233,0.0641692423633403
450244,0.117885578050338
450251,0.3701109692095086
450260,0.02307378952926902
450266,0.12299819616561519
450267,0.08072115482951314
450272,0.007044154826433712
450280,0.09453385009485335
450287,0.017780094766852512
450290,0.026402186971886676
450291,0.2486593692221886
450303,0.01677399164533012
450310,0.10708274279220692
450311,0.06879522699769183
450358,0.07490804497577863
450373,0.07057362059635057
450376,0.130827780906625
450383,0.029682374664390034
450395,0.10790754497672256
450398,0.20487286959289047
450412,0.20429480495928892
450415,0.06217390668178602
450420,0.033880826632253086
450421,0.1989015232292713
450427,0.01935961075867701
450428,0.0315410402970584
450429,0.04779404828332001
450433,0.023717083665084487
450443,0.031491957876450004
450453,0.01857060210568431
450454,0.02095533176811752
450458,0.06985057302541955
450464,0.02803028102892245
450469,0.1743526654383843
450475,0.036219031414014696
450478,0.2727993643848247
450498,0.09132556475630713
450501,0.13270942152158022
450503,0.022076350112919772
450513,0.18032849625663544
450523,0.041090979556520676
450530,0.17908713794777892
450537,0.06839464806411552
450543,0.0264098029004071
450554,0.0616447441490475
450555,0.030701777671584173
450558,0.06434646731896744
450568,0.020792355521984267
450569,0.039601479571301376
450580,0.023968040581359505
450581,0.014570050927696393
450588,0.020215468766477177
450589,0.06765720802713096
450602,0.039247976792290265
450603,0.02056349427070408
450621,0.03395369491698903
450626,0.51874290896953
450640,0.027803542332993217
450641,0.018394467157838656
450644,0.15923763307204247
450658,0.1965596416486567
450672,0.1664736257693751
450685,0.035502718838276444
450687,0.19935716493990374
450689,0.07789117092978902
450690,0.07087306030540579
450693,0.03434371733890665
450699,0.015505538387807879
450706,0.3836655693892563
450708,0.14566335851574047
450710,0.04101212307236844
450716,0.0952421062992496
450722,0.05244783667379112
450752,0.12221208870207256
450759,0.15369112955551692
450763,0.07326836971244202
450767,0.037363405858651576
450768,0.10242777935836742
450772,0.029671167971606117
450778,0.059686908443323555
450781,0.05558354379389494
450788,0.020822809871618955
450792,0.129282310852462
450817,0.012962357703271782
450820,0.03269672514297883
450835,0.15944832930338762
450848,0.20012297551102418
450853,0.36788370753729305
450865,0.049324432884014974
450878,0.01731474918276101
450883,0.018361852876738697
450885,0.035171190609300546
450896,0.01424719405824399
450897,0.04487791585792202
450898,0.18520565372866532
450904,0.05811842688198307
450908,0.15026738569147358
450917,0.015402907152533462
450921,0.015173310144227794
450923,0.08498378511925474
450926,0.08402656323838875
450929,0.08136886822218761
450937,0.038214051022325474
450963,0.1820010399765195
450971,0.16745574573465116
450973,0.0723541482337345
450978,0.19733267403993493
450982,0.019707417552010983
450995,0.062498937523816106
450997,0.020156748939304813
451033,0.017391373526409723
451035,0.011216360768999657
451037,0.16948564046320608
451039,0.016286197570736564
451063,0.018893187551481196
451079,0.040311467742554535
451081,0.018051028703387526
451083,0.048221887422945156
451100,0.033312355215647134
451101,0.009560738899006478
451104,0.02996915515539709
451109,0.036215803400151333
451119,0.04876557903893923
451124,0.0200014578395757
451126,0.030498505116839138
451146,0.0688093404820034
451155,0.013766740040580183
451156,0.024764355788147147
451160,0.2050967301742499
451163,0.015030936379076057
451168,0.055877466420717975
451175,0.06035735152895451
451184,0.027621796664198783
451189,0.05419433314369743
451206,0.06148498691151982
451208,0.03534283459655328
451225,0.016531052322164723
451226,0.03539517176723346
451228,0.20453779806176428
451230,0.12992092529661733
451235,0.02252672396754797
451239,0.024227816833219624
451242,0.018974476259050008
451247,0.050946549561703136
451248,0.055268846242293466
451255,0.08271240022139814
451261,0.030749280840201523
451270,0.12601705453181972
451277,0.029054244668212527
451278,0.1322198617498338
451282,0.0360505146610959
451283,0.04208898739636716
451302,0.05176239524524193
451310,0.05563734083066588
451315,0.08499357996781848
451328,0.0501202746011946
451330,0.07688469762289456
451331,0.25507546577170975
451338,0.02309971246222752
451342,0.07219856019936152
451347,0.015224541527981115
451350,0.16757845929557413
451351,0.043700836776711854
451354,0.023329196822432265
451358,0.04321067553018963
451370,0.018681059378075883
451379,0.23003134630728078
451383,0.05279291261218869
451390,0.07528098003403107
451391,0.036693175768237725
451392,0.08908795978029804
451412,0.03775887909368539
451422,0.012942687371042764
451429,0.0133579246810445
451432,0.07205873341305423
451437,0.04891931651102088
451442,0.09177548877617658
451455,0.06229200617408874
451457,0.07618214709910372
451464,0.053036456416610464
451472,0.04738008847165048
451474,0.06026674515406279
451488,0.08580166805955594
451512,0.014668500965551614
451516,0.12421986801627524
451519,0.269821837123075
451528,0.027024413651152077
451531,0.029388689344776828
451551,0.0819840426996557
451564,0.057388170428146396
451570,0.20173395160311675
451571,0.025931121902917617
451575,0.1382615044949741
451576,0.066063775066763
451582,0.18448184829489983
451586,0.027044424051951968
451587,0.15870959284861788
451594,0.07015464776813157
451596,0.034774407312400314
451600,0.16877913952166843
451615,0.014466720280103353
451616,0.04670964149668776
451646,0.1984451334276892
451648,0.13200146442084132
451650,0.04740933705517876
451651,0.14476520575882731
451662,0.20942056441641138
451675,0.01737466274349124
451680,0.019891693608255743
451682,0.07274350458376198
451688,0.030907497759982305
451691,0.04623206082083116
451698,0.058000111792933934
451703,0.037870471216166886
451709,0.06485692402578846
451714,0.055822381878633295
451716,0.13766525181007647
451719,0.07406828478991946
451724,0.06870491888161852
451726,0.035363111326017826
451733,0.00879348545507362
451743,0.04562504013543771
451747,0.019007920087569692
451756,0.026378789778479073
451761,0.06674048804435816
451762,0.13324292859009362
451768,0.021474102995281352
451785,0.01551161407536225
451805,0.0094598401756191
451811,0.22586713200345498
451817,0.04429142144969276
451823,0.11480312590762518
451831,0.02555063246804383
451840,0.03747380691912641
451845,0.03939185447913898
451852,0.051889958705878446
451855,0.036001104245663884
451856,0.02833492078203252
451871,0.01405350765536835
451873,0.07174998322537443
451897,0.055533073312581685
451907,0.054732838388028324
451908,0.030314889406024337
451919,0.04361315196991401
451932,0.07021981010862888
451934,0.0560023182461131
451935,0.04979991461035043
451936,0.1251731728400177
451938,0.01677060023505253
451954,0.026343019786184835
451958,0.07916444699953847
451976,0.13790910708326595
451977,0.08129642547892382
451983,0.11886911819543364
452000,0.07476684992917106
452023,0.049863473384619876
452024,0.0076239779359694015
452028,0.019839551529091164
452039,0.035252351079626806
452043,0.037523246445293965
452047,0.017990260479416396
452067,0.1168717301718876
452069,0.019096021880159395
452071,0.016475481823870486
452096,0.25217836995819287
452101,0.11450823270764583
452107,0.09445716191823103
452108,0.04176141779815924
452109,0.05373790476152221
452123,0.021306691188728275
452127,0.017619402882298976
452131,0.05308032547902153
452133,0.017347996763231826
452136,0.15379802533505346
452137,0.040733696053767754
452142,0.0408845259927758
452147,0.07618232870463139
452158,0.05875891696879021
452172,0.0752555304210761
452190,0.17464246788278043
452191,0.04501649813763402
452192,0.009018918593641598
452195,0.04202331050967405
452209,0.08922675323800487
452237,0.052428751278203345
452239,0.023193880573978046
452242,0.08002844444134287
452246,0.010827207881165032
452249,0.10864672700680436
452263,0.05769589095796184
452267,0.022699485552565957
452273,0.10944217087198338
452274,0.05120253617031948
452291,0.08727233359381537
452310,0.12439929170551949
452319,0.06768629855543454
452325,0.021483619778995405
452328,0.10212639342329086
452330,0.146443989566006
452332,0.05611344349728186
452337,0.025629664852190613
452353,0.17971433553277907
452356,0.15057028328441152
452368,0.020284821724914182
452379,0.126860583689805
452380,0.41081234313512227
452396,0.06254962736507816
452398,0.1383759870167327
452401,0.0420878528109694
452408,0.044369657606619824
452409,0.07980009522885267
452414,0.12137691238397895
452418,0.1494554249980969
452422,0.08601946288359472
452430,0.060266794596698904
452432,0.023728675944378507
452451,0.13497491042475313
452455,0.032492213446742066
452495,0.033010296498922606
452497,0.20492886967988483
452511,0.06509430760087512
452514,0.010679385037208281
452522,0.08683370622195692
452529,0.06081341548422723
452530,0.22818845127771895
452542,0.03571124992880078
452545,0.01965657170824443
452558,0.030746134713912444
452592,0.16553343699352713
452604,0.01324092861842062
452616,0.013003482685069508
452619,0.05013755095280647
452620,0.015002481252851488
452630,0.02542075103648831
452644,0.0754285248330773
452658,0.019278227549114933
452663,0.07053130124426556
452668,0.0185806931846888
452672,0.07287538928018591
452679,0.038800688414673656
452685,0.07609062351858126
452690,0.10658182081792422
452701,0.16042415962026868
452702,0.0925402509914974
452708,0.04582389340089554
452714,0.05539368586872752
452718,0.08367809068917556
452731,0.011427986912271515
452733,0.07981503973635865
452741,0.034440417361205185
452748,0.2455291480562946
452750,0.010973762852323397
452753,0.047242021974756146
452759,0.009556566039504838
452767,0.22455484478962418
452768,0.30334362223198397
452788,0.015837322186420467
452802,0.01829490465106677
452807,0.05497839513570457
452819,0.06183856472505763
452820,0.018959329158022217
452821,0.02001592671007405
452840,0.12521628973861754
452851,0.023090594605462256
452861,0.026329619163835315
452865,0.018217633001448567
452871,0.06310763801188136
452882,0.03355999377900051
452903,0.02889037029837049
452906,0.15473346151495398
452907,0.2553199132744917
452914,0.03284258254273541
452929,0.054260903254792714
452931,0.11744174261099499
452932,0.046347123716708946
452948,0.04566417249757107
452950,0.04043388246735332
452963,0.04245784269018466
452974,0.019659702524796194
452982,0.06733913645500848
452984,0.13834723759982542
452994,0.012269873160102363
452995,0.0401997579441056
452998,0.025889256542486937
453003,0.16617974738389973
453021,0.0285705455715392
453040,0.08309130781852603
453042,0.10629370836018595
453052,0.0443568119058946
453056,0.042264706243983985
453066,0.034801189796739275
453067,0.012632430947052662
453072,0.019534180472364514
453085,0.04137187138806631
453093,0.030383182387113093
453094,0.024054944067809704
453100,0.01461617218018682
453101,0.05168076363288067
453107,0.08192823680209349
453110,0.11514415785610392
453111,0.12391806287254004
453113,0.018871514349044737
453114,0.010536307479625256
453124,0.01798743405013564
453129,0.022176092326106844
453142,0.151559499612541
453145,0.08452405007620403
453152,0.08912438671098966
453159,0.06281353423918368
453168,0.0758394971851222
453196,0.03644629963448428
453212,0.05685518437606735
453214,0.026674978606821262
453215,0.08946952716034565
453220,0.00984974224558519
453230,0.29847722916438335
453233,0.13993077490408162
453235,0.044202466612368034
453244,0.07389223044471142
453248,0.28219399650208593
453262,0.007141120694483773
453268,0.040758741461779956
453283,0.02331436357989303
453284,0.037041169934595226
453287,0.03357087476556955
453299,0.037510933440402475
453314,0.05472952617223544
453322,0.03572485159923604
453349,0.2639190707481029
453354,0.05780864504009599
453356,0.07442673575785907
453359,0.11769519000780712
453366,0.05798437408809466
453367,0.0726906828040327
453372,0.014642963936931267
453378,0.5424900232557252
453390,0.01834298494613582
453397,0.10527327217536413
453403,0.021705854850905953
453406,0.3083232562182063
453412,0.10778112832328887
453415,0.2959914483842757
453428,0.06164672562356223
453431,0.021703910861281577
453442,0.03780081976450008
453449,0.02504608830589273
453465,0.016469243033676792
453473,0.25575325109802577
453476,0.032652581474069964
453479,0.018868356911605343
453480,0.027480365382990916
453481,0.041025675344930436
453493,0.024648420935360373
453494,0.0547218160324013
453507,0.1560409196950085
453509,0.020630859120150877
453514,0.07243445895828307
453524,0.09935347718350032
453534,0.04871108499041538
453538,0.03379327307076167
453544,0.16673994494479502
453549,0.010992131694631448
453550,0.11743914347166494
453551,0.017258693285677994
453556,0.03505366988003826
453560,0.21786507310237274
453566,0.038454271939339486
453569,0.07635774630410971
453579,0.03337642845175164
453582,0.02541850681575859
453586,0.07727578602430392
453618,0.02831266131320682
453620,0.07707921221252254
453655,0.1703206768367076
453659,0.027530336881466985
453668,0.07050569914852312
453681,0.027682783030004262
453686,0.09651179701484278
453687,0.05532256040800982
453704,0.03139161307534089
453707,0.0620553387728087
453708,0.012209094714920607
453709,0.11693591680040727
453715,0.03847971443967137
453721,0.1154880927789156
453725,0.04201706394043352
453727,0.03717229848583736
453747,0.21898808378547874
453753,0.08601559818957423
453755,0.02797481122128818
453761,0.03416396516763706
453763,0.010953868472366155
453766,0.012529273074418978
453774,0.014066448345927098
453781,0.45825495388045107
453790,0.06384000231380031
453797,0.3805073997165808
453808,0.18540172781355546
453814,0.05130131241822551
453836,0.07036575939648616
453837,0.026587356159630447
453843,0.05043934398162321
453844,0.03137403792705251
453871,0.0126630084835127
453881,0.12129556623137994
453892,0.21015392768934738
453893,0.040281808737089767
453894,0.02920285897994808
453895,0.019742984888140625
453903,0.055641670732562
453906,0.07062585624144697
453918,0.07001325878010435
453924,0.06940332070324878
453930,0.11238724420060997
453940,0.012331206093379178
453944,0.13434827028376353
453947,0.26635668072796687
453949,0.11562355794723114
453952,0.09532867431494897
453959,0.06562709701625864
453971,0.08049581122936168
453986,0.3103083874875599
453988,0.04476124739516663
453989,0.09644663015902541
453999,0.10503947319965498
454007,0.06648956350143527
454021,0.010935711497390359
454023,0.16369521813890114
454036,0.02652471096745984
454046,0.014333680770183377
454052,0.05861392366113717
454066,0.034371560489297175
454070,0.27406270720943965
454071,0.06574611854516929
454075,0.07630521898024117
454080,0.017654370643569
454085,0.043905758219190294
454097,0.17532696614127025
454103,0.025898097090626456
454105,0.07342755948157587
454108,0.0486454527861042
454109,0.10366033437991809
454137,0.10911987074279664
454150,0.023614514143214985
454155,0.015854947940679577
454164,0.0677244801541415
454165,0.044402775566649164
454170,0.12498537100284485
454173,0.03686556915800043
454181,0.015791202226912812
454183,0.1633712990563826
454188,0.15338984981404283
454192,0.012007044810259118
454198,0.20539331138985678
454200,0.02091781369436049
454209,0.0067648685842804715
454211,0.4464438762855627
454212,0.028796059754044562
454218,0.32616348126488137
454220,0.06509160342969869
454231,0.01580018288794237
454242,0.019882643545230456
454245,0.017302634375135538
454261,0.030917256922972307
454269,0.055316236311161095
454271,0.028628307162658618
454287,0.07404543556245928
454293,0.14523437824264743
454296,0.045349581157923924
454304,0.0796868645109488
454313,0.17760415050815023
454315,0.10673983323669796
454321,0.02521734418799809
454333,0.08455142733955685
454334,0.05820879964824882
454345,0.017277300236316528
454347,0.05173292953474119
454361,0.10165944573032104
454380,0.041859756186636385
454382,0.23789488163739925
454386,0.06988482564277029
454390,0.07610417256115498
454396,0.0441602696039773
454398,0.19794840790993634
454403,0.030419056982006906
454405,0.03108723611815659
454406,0.04890804655844129
454412,0.10990618180506652
454418,0.0670101498471543
454436,0.06544804968064537
454443,0.07623566500460587
454449,0.05827634544580616
454457,0.17108002054038537
454466,0.015102633651811562
454471,0.26458413081759224
454476,0.265183109955724
454489,0.3170153527332322
454493,0.16781725668618677
454495,0.07905292149258905
454497,0.01527029749648273
454522,0.0274319442970393
454554,0.0892641808825966
454557,0.01456097635324993
454560,0.023973172019638403
454561,0.04104366907849169
454563,0.04110144486290952
454565,0.04561244697644814
454566,0.053120510028009896
454578,0.12868518364004156
454605,0.042637958934882675
454608,0.024086237472873306
454612,0.023815663988847286
454618,0.10171018996926556
454622,0.058521410681841614
454631,0.0893719827675721
454638,0.02588406747664347
454639,0.1346594193667149
454640,0.079001978132069
454653,0.13497678433124807
454663,0.01271686813063894
454664,0.1795412289816413
454674,0.25879280632485857
454678,0.1870248707780035
454680,0.02025673990658733
454687,0.09583971416802556
454690,0.01779636738809522
454698,0.08301869404354664
454700,0.04189136430732276
454707,0.008596257919951476
454714,0.018632306630502624
454722,0.09601135655141971
454723,0.02316352015999587
454739,0.07079836541788583
454745,0.02759989244411265
454763,0.11037624303929455
454765,0.03856802758586897
454774,0.02998493601863414
454778,0.016497610437571853
454780,0.05813214651887479
454781,0.08335247241592222
454789,0.017976030996180725
454801,0.051188113495923136
454802,0.0431733168451883
454835,0.06346847812318354
454837,0.053919359071713885
454841,0.011935594403028552
454872,0.0522887332022606
454878,0.027043784553539545
454884,0.006278616686544216
454891,0.12413829259041378
454897,0.04722864118641316
454908,0.04461100248264377
454912,0.05616111401729164
454922,0.025366206103765054
454929,0.035408685429181644
454935,0.03771993948286718
454946,0.09753559209904858
454959,0.02675302959770099
454970,0.03398167720681713
454991,0.04776615234411104
455002,0.16200804471747945
455005,0.17948973165673202
455016,0.19335192803611895
455021,0.01851280342439757
455022,0.049574942875164944
455024,0.11887014797512027
455044,0.15760583429095776
455050,0.01759304820577057
455055,0.10347859057049291
455056,0.07832982241747181
455067,0.015710515731194457
455069,0.015860676485328868
455082,0.04218141087581853
455087,0.03108461150427693
455088,0.05427940931063613
455112,0.07073172697443368
455126,0.037858382441368764
455132,0.0415349991867522
455135,0.09982586739997498
455148,0.025439498374386877
455156,0.0565306401614082
455161,0.06811323895659438
455162,0.1582284177680385
455164,0.19235290703708632
455171,0.11112271627048814
455174,0.011185609558911219
455175,0.043096955856730804
455184,0.25955760225255037
455188,0.03020347465816022
455200,0.16833591573352383
455209,0.16344994748770597
455212,0.1424849255181093
455217,0.02837256173170148
455222,0.018460248859589724
455223,0.045094514606324645
455228,0.056949212041904645
455243,0.047686670348486906
455246,0.021829959041165643
455255,0.32982115521753375
455262,0.08724649005070152
455268,0.04610143983359964
455277,0.22053817274675924
455281,0.1053990429990518
455296,0.04460587696001791
455297,0.01480216069726965
455322,0.019770558856044458
455326,0.3274229878439785
455327,0.16927179089648448
455328,0.0473998275077214
455368,0.009358925965311645
455374,0.08987917512105212
455377,0.018920751222191178
455378,0.010754881204759913
455379,0.05593238567263624
455395,0.03535253499406852
455424,0.08921976547260149
455425,0.02236289027674629
455429,0.009367825951838247
455434,0.10595279890503462
455436,0.021525865269579524
455438,0.014843932045844381
455439,0.1033654493668454
455440,0.026295752292289334
455441,0.017005462206768004
455481,0.01282042980130393
455482,0.00833121977755544
455483,0.008429595902711518
455484,0.19048560567767778
455489,0.05401278904239058
455490,0.06993384963254619
455513,0.5220638780946043
455515,0.11352067959801906
455536,0.027476763731871717
455537,0.03606367650898392
455538,0.01338290962286556
455539,0.06563681492684284
455567,0.2641333532652672
455583,0.09331957325559288
455607,0.023820570734806812
455636,0.1489195958079204
455638,0.03066598497415122
455640,0.21835302329400819
455644,0.01968156738682359
455645,0.02416396284777727
455648,0.030333928701498262
455650,0.01875091942598068
455658,0.11903794112611929
455694,0.02140736223217091
455695,0.026995510969420704
455696,0.04530296703052341
455703,0.06654683140945546
455742,0.010706300781401647
455748,0.03976743417837125
455749,0.12489435695579332
455750,0.19290078752191495
455751,0.022209383553053273
455752,0.07934455217337971
455787,0.07566946806279701
455798,0.05452229713432401
455802,0.12251392022515159
455803,0.057713349623466345
455804,0.14712169313824258
455805,0.016095752634985153
455829,0.008196645252196861
455840,0.053149063733435205
455849,0.044552858182532136
455850,0.056758809479877506
455852,0.06164764531271607
455854,0.14639713464430404
455863,0.0697277105502358
455897,0.049906329428843585
455902,0.018775681353455396
455907,0.02258173954874102
455908,0.07332185463305066
455909,0.08153957975351088
455940,0.05801418295268258
455955,0.08931095001504313
455958,0.05352403871551059
455959,0.050538870056099736
455960,0.0235154446745931
455961,0.26777572823977236
455962,0.03843942113452071
455963,0.03515831191953938
455965,0.02173385706728048
456007,0.19404591872999238
456008,0.019966306836508924
456009,0.058571176007212275
456010,0.07816641328718298
456011,0.030816124069460986
456013,0.1347859251219528
456028,0.18211906202570216
456058,0.09031239239910244
456111,0.10699868972861225
456114,0.11435319510124503
456115,0.052695251571034316
456116,0.012115743824779344
456119,0.012215069223071261
456120,0.12503147530245617
456122,0.07482000455288362
456123,0.01798147466737756
456166,0.09647317874364776
456167,0.0327842655783706
456168,0.05231232143666467
456169,0.07758043721153253
456170,0.018762405935769288
456189,0.15948098569399094
456202,0.0690982509500931
456221,0.03835413654340123
456222,0.06252331632686021
456223,0.01564437774408822
456224,0.03718481095819006
456250,0.23639149141714977
